0,0,0,0,0,0,0,0,0,0,0,0,0,0,0,0,0,0,0,0,0,0,0,0,0,0,0,0,0,0,0,0,0,0,0,0.818,0.818,0.818,0.819,0.819,0.818,0.818,0.817,0.817,0.816,0.816,0.816,0.815,0.814,0.814,0.813,0.812,0.812,0,0.811,0.81,0.809,0.808,0.809,0.81,0.811,0.811,0.812,0.814,0.816,0,0,0.825,0.828,0.832,0.835,0.838,0.842,0.844,0.847,0.849,0.851,0.854,0.855,0.856,0.856,0.858,0.86,0.861,0.863,0,0.868,0.872,0.874,0.878,0.882,0.888,0,0,0.912,0.919,0.927,0.933,0.937,0.943,0.948,0.951,0.954,0.956,0.959,0.962,0.966,0.968,0.971,0.972,0.975,0.977,0.979,0.979,0.98,0.979,0.98,0,0,0,0,0,0,0,0,0,0,0,0,0,0,0,0,0,0,0,0,0,0,0,0,0,0,0,0,0,0,0,0,0,0,0,0,0.408,0.407,0.407,0.407,0.407,0.407,0.407,0.408,0.408,0.409,0.409,0.41,0.41,0.411,0.411,0.412,0.412,0.412,0.413,0.413,0.413,0.413,0.414,0.414,0.414,0.415,0.415,0.416,0.416,0.417,0.417,0.418,0.418,0.419,0.419,0.42,0.42,0.421,0.421,0.421,0.422,0.422,0.422,0.422,0.422,0.423,0.423,0.424,0.425,0.426,0.428,0.43,0.431,0.432,0.433,0.434,0.434,0.434,0.434,0.434,0.433,0.433,0.433,0.433,0.433,0.432,0.432,0.432,0.432,0.432,0.432,0.432,0.432,0.432,0.432,0.432,0.432,0.432,0.432,0.432,0.432,0.432,0.432,0.432,0.433,0.433,0.434,0.434,0.435,0.436,0.436,0.437,0.438,0.44,0.441,0.444,0.445,0.448,0.449,0.45,0.452,0.452,0.453,0.453,0.454,0.454,0.454,0.453,0.453,0.453,0.453,0.453,0.454,0.454,0,0,0,0,0,0,0,0,0,0,0,0,0,0,0,0,0,0,0,0,0,0,0,0,0,0,0,0,0,0,0,0,0,0,0,0,0,0.488,0,0,0.492,0.493,0,0.494,0.495,0.496,0.496,0.496,0.496,0.496,0.496,0.496,0.496,0.496,0.496,0.496,0.496,0.495,0.495,0.495,0.495,0.494,0.495,0.495,0.495,0.495,0.495,0.496,0.496,0.497,0.498,0.498,0.499,0.501,0.502,0.503,0.503,0.504,0.505,0.506,0.507,0.507,0.508,0.509,0.51,0.51,0.512,0.514,0.516,0.519,0.521,0.523,0,0.527,0.528,0.529,0.529,0.528,0.527,0.525,0.524,0.523,0.521,0.519,0.518,0.516,0.516,0.515,0.514,0,0,0,0,0,0,0,0,0,0,0,0,0,0,0,0,0,0,0,0,0,0,0,0,0,0,0,0,0,0,0,0,0,0,0,0,0,0,0,0,0,0,0,0,0,0,0,0,0,0,0,0,0,0,0,0,0,0,0,0,0,0,0,0,0,0,0,0,0,0,0,0,0,0,0,0,0,0,0,0,0,0,0,0,0,0,0,0,0,0,0,0,0,0,0,0,0,0,0,0,0,0,0,0,0,0,0,0,0,0,0,0,0,0,0.675,0.675,0.675,0.675,0.675,0.675,0.675,0.675,0.675,0.675,0.676,0.677,0.678,0.681,0.681,0.684,0.685,0.688,0.69,0.692,0.694,0.694,0.694,0.694,0,0,0,0,0,0,0,0,0,0.689,0.691,0.691,0.693,0.694,0.696,0.698,0.7,0.702,0.702,0.704,0.706,0.706,0.707,0.706,0.707,0.707,0.707,0.707,0.707,0.707,0.709,0.71,0.71,0.71,0.712,0.713,0.716,0.718,0.72,0.721,0.724,0.726,0.729,0.732,0.734,0.739,0.741,0,0.747,0.749,0.754,0.757,0.759,0.762,0.765,0.769,0.772,0.775,0.779,0.781,0.784,0.785,0.787,0.788,0.788,0.789,0.79,0.793,0.795,0.798,0.8,0.801,0.805,0.808,0.811,0.814,0.817,0.821,0.825,0.829,0.834,0.837,0.841,0.843,0.844,0.844,0.845,0.845,0.845,0.844,0.85,0.858,0.867,0.875,0,0,0,0,0,0,0,0,0,0,0,0,0,0,0,0,0,0,0,0,0,0,0,0,0,0,0,0,0,0,0,0
0,0,0,0,0,0,0,0,0,0,0,0,0,0,0,0,0,0,0,0,0,0,0,0,0,0,0,0,0,0,0,0,0,0,0,0,0.818,0.819,0.818,0.818,0.818,0.817,0.817,0.817,0.816,0.815,0.815,0.814,0.814,0.813,0.812,0.811,0.811,0.81,0.81,0.809,0.809,0.809,0.809,0.809,0.81,0.811,0.812,0.815,0.817,0.819,0.822,0.825,0.828,0.832,0.835,0.838,0.842,0.844,0.847,0.849,0.851,0.852,0.855,0.856,0.856,0.858,0.86,0.861,0.863,0.866,0.868,0.87,0.874,0.878,0.88,0.886,0,0.902,0.91,0.919,0.924,0.93,0.937,0.941,0.947,0.95,0,0.956,0.959,0.962,0.965,0.966,0.969,0.972,0.974,0.975,0.975,0.977,0.979,0.979,0.979,0.979,0.979,0,0,0,0,0,0,0,0,0,0,0,0,0,0,0,0,0,0,0,0,0,0,0,0,0,0,0,0,0,0,0,0,0.408,0.408,0.407,0.407,0.407,0.406,0.406,0.407,0.407,0.407,0.408,0.408,0.409,0.409,0.41,0.411,0.411,0.411,0.412,0.412,0.412,0.413,0.413,0.413,0.414,0.414,0.414,0.415,0.415,0.416,0.416,0.416,0.417,0.418,0.418,0.419,0.419,0.42,0.42,0.42,0.421,0.421,0.422,0.422,0.422,0.422,0.422,0.423,0.424,0.424,0.426,0.426,0.428,0.429,0.431,0.432,0.433,0.433,0.434,0.434,0.433,0.433,0.433,0.433,0.432,0.432,0.432,0.432,0.432,0.432,0.432,0.432,0.432,0.432,0.432,0.432,0.432,0.432,0.432,0.432,0.432,0.432,0.432,0.432,0.432,0.432,0.432,0.433,0.433,0.434,0.435,0.436,0.437,0.437,0.438,0.44,0.441,0.443,0.445,0.447,0.448,0.45,0.451,0.451,0.452,0.453,0.453,0.453,0.453,0.453,0.453,0.453,0.453,0.453,0.454,0.454,0.455,0.455,0.456,0.457,0.458,0.459,0.46,0.461,0.461,0.462,0.462,0.462,0.462,0.462,0,0,0,0,0,0,0,0,0,0,0,0,0,0,0,0,0,0,0,0,0.487,0.487,0,0,0,0,0,0,0,0,0.496,0.496,0.496,0.496,0.496,0.496,0.497,0.497,0.496,0.496,0.496,0.496,0.496,0.496,0.495,0.495,0.495,0.495,0.495,0.495,0.495,0.495,0.495,0.496,0.496,0.497,0.498,0.499,0.5,0.5,0.502,0.503,0.504,0.504,0.505,0.506,0.507,0.507,0.508,0.509,0.51,0.511,0.513,0.516,0.518,0.52,0.523,0.525,0.527,0.528,0.53,0.53,0.53,0.529,0.528,0.526,0.525,0.523,0.522,0.52,0.519,0.517,0.516,0,0,0,0.516,0.516,0,0,0,0,0,0,0,0,0,0,0,0,0,0,0,0,0,0,0,0,0,0,0,0,0,0,0,0,0,0,0,0,0,0,0,0,0,0,0,0,0.645,0.647,0.65,0.653,0.656,0.658,0.66,0.662,0.667,0.675,0,0,0.696,0,0,0,0,0,0,0,0,0,0,0,0,0,0,0,0,0,0,0,0,0,0,0,0,0,0,0,0,0,0,0,0,0,0,0,0,0,0,0,0,0,0,0,0,0,0,0,0,0,0,0,0,0,0,0,0,0.675,0.675,0.675,0.675,0.675,0.675,0.675,0.675,0.675,0.675,0.675,0.676,0.676,0.678,0.679,0.681,0.681,0.684,0,0.687,0.689,0.691,0.693,0.694,0.693,0.694,0,0,0,0,0,0,0,0,0,0.688,0.69,0.691,0.692,0.694,0.695,0.698,0.698,0.7,0.702,0.703,0.704,0.706,0.706,0.706,0.706,0.706,0.706,0.707,0.707,0.708,0.709,0.71,0.711,0.712,0.713,0.715,0.717,0.719,0.72,0.722,0.724,0.726,0.729,0.732,0.735,0.739,0.742,0,0.748,0.75,0.755,0.758,0.761,0.763,0.766,0.77,0.772,0.775,0.779,0.781,0.783,0.785,0.787,0.788,0.788,0.789,0.79,0.793,0.795,0.798,0.8,0.802,0.805,0.808,0.812,0.815,0.818,0.823,0.827,0.83,0.836,0.84,0.842,0.844,0.845,0.845,0.847,0.847,0.848,0.848,0.854,0.862,0.87,0.88,0,0.896,0,0,0,0,0,0,0,0,0,0,0,0,0,0,0,0,0,0,0,0,0,0,0,0,0,0,0,0,0,0
0,0,0,0,0,0,0,0,0,0,0,0,0,0,0,0,0,0,0,0,0,0,0,0,0,0,0,0,0,0,0,0.814,0.815,0.816,0.816,0.817,0.818,0.818,0.819,0.819,0.819,0.818,0.818,0.817,0.816,0.816,0.815,0.815,0.814,0.813,0.812,0.811,0.811,0.811,0.81,0.81,0.809,0.81,0.81,0.811,0.812,0.812,0.814,0.816,0.818,0.821,0.823,0.826,0.829,0.833,0.835,0.838,0.842,0.844,0.847,0.849,0.851,0.852,0.855,0.856,0.857,0.858,0.861,0.862,0.864,0.867,0.869,0.872,0.873,0.877,0.88,0.884,0.892,0.9,0.909,0.916,0.923,0.928,0.934,0.94,0.945,0.951,0.953,0.956,0.959,0.962,0.965,0.966,0.969,0.971,0.974,0.974,0.975,0.977,0.977,0.977,0.979,0.979,0,0.979,0,0,0,0,0,0,0,0,0,0,0,0,0,0,0,0,0,0,0,0,0,0,0,0,0,0,0,0,0,0,0,0.408,0.408,0.408,0.408,0.407,0.407,0.407,0.407,0.407,0.408,0.408,0.408,0.409,0.41,0.41,0.411,0.411,0.412,0.412,0.412,0.412,0.413,0.413,0.413,0.414,0.414,0.414,0.415,0.415,0.416,0.416,0.417,0.418,0.418,0.419,0.419,0.419,0.42,0.42,0.421,0.421,0.422,0.422,0.422,0.422,0.422,0.423,0.423,0.424,0.425,0.426,0.427,0.428,0.43,0.431,0.432,0.433,0.433,0.434,0.433,0.433,0.433,0.433,0.433,0.433,0.432,0.432,0.432,0.432,0.432,0.432,0.432,0.431,0.432,0.432,0.432,0.432,0.432,0.432,0.432,0.432,0.432,0.432,0.432,0.432,0.432,0.433,0.433,0.434,0.435,0.435,0.436,0.437,0.438,0.439,0.44,0.442,0.443,0.445,0.447,0.448,0.45,0.45,0.451,0.452,0.453,0.453,0.453,0.453,0.453,0.453,0.453,0.453,0.453,0.454,0.454,0.455,0.455,0.456,0.457,0.458,0.459,0.46,0.461,0.461,0.462,0.462,0.462,0.462,0.462,0.462,0.462,0.462,0.462,0.462,0.462,0,0,0,0,0,0,0,0,0,0,0,0,0,0.486,0.487,0.487,0.487,0.488,0.489,0.49,0.492,0.493,0.494,0.495,0.496,0.496,0.497,0.497,0.497,0.497,0.498,0.498,0.497,0.497,0.497,0.497,0.497,0.496,0.496,0.496,0.496,0.495,0.496,0.495,0.495,0.496,0.496,0.496,0.497,0.498,0.498,0.5,0.501,0.502,0.503,0.504,0.504,0.505,0.506,0.507,0.507,0.508,0.509,0.509,0.51,0.511,0.513,0.516,0.518,0.521,0.523,0.526,0.528,0.529,0.531,0.531,0.53,0.529,0.528,0.527,0.525,0.523,0.522,0.52,0.519,0.518,0.517,0.516,0.516,0.516,0.517,0.518,0.519,0.519,0,0,0,0,0,0,0,0,0,0,0,0,0,0,0,0,0,0,0,0,0,0,0,0,0,0,0,0,0,0,0,0,0,0,0,0.638,0.64,0.643,0.646,0.648,0.65,0.653,0.656,0.658,0.66,0.662,0.667,0.673,0.681,0,0.695,0.701,0,0,0,0,0,0,0,0,0,0,0,0,0,0,0,0,0,0,0,0,0,0,0,0,0,0,0,0,0,0,0,0,0,0,0,0,0,0,0,0,0,0,0,0,0,0,0,0,0,0,0,0,0,0,0,0,0.676,0.675,0.675,0.675,0.675,0.675,0.675,0.676,0.676,0.677,0.677,0.678,0.678,0.68,0.681,0.682,0.684,0.685,0.687,0.689,0.691,0.692,0.691,0.691,0.691,0.69,0.687,0.686,0.684,0.684,0.684,0.684,0.686,0.687,0.687,0.689,0.691,0.692,0.694,0.695,0.697,0.698,0.7,0.701,0.702,0.703,0.704,0.705,0.706,0.706,0.707,0.707,0.708,0.708,0.709,0.71,0.712,0.713,0.715,0.715,0.717,0.719,0.721,0.722,0.724,0.726,0.727,0.73,0.732,0.736,0.74,0.742,0.745,0.749,0.751,0.756,0.759,0.762,0.764,0.768,0.771,0.774,0.776,0.779,0.782,0.784,0.785,0.787,0.788,0.789,0.79,0.791,0.792,0.795,0.798,0.8,0.802,0.804,0.808,0.812,0.817,0.821,0.825,0.829,0.834,0.838,0.842,0.844,0.847,0.848,0.849,0.848,0.849,0.85,0.85,0.857,0.866,0.874,0,0.893,0.901,0.912,0,0,0,0,0,0,0,0,0,0,0,0,0,0,0,0,0,0,0,0,0,0,0,0,0,0,0,0,0
0,0,0,0,0,0,0,0,0,0,0,0,0,0,0,0,0,0,0,0,0,0,0,0,0,0,0,0,0,0,0.812,0.813,0.815,0.815,0.816,0.817,0.818,0.818,0.818,0.818,0.818,0.818,0.818,0.817,0.817,0.816,0.815,0.815,0.814,0.813,0.812,0.811,0.811,0.811,0.811,0.81,0.81,0.81,0.811,0.812,0.813,0.814,0.815,0.816,0.818,0.822,0.824,0.827,0.829,0.833,0.836,0.838,0.842,0.843,0.847,0.849,0.851,0.852,0.855,0.856,0.857,0.858,0.861,0.862,0.864,0.867,0.868,0.872,0.873,0.875,0.879,0.883,0.891,0.898,0.906,0.913,0.921,0.927,0.934,0.94,0.945,0.95,0.953,0.956,0.959,0.962,0.963,0.966,0.968,0.971,0.972,0.974,0.975,0.975,0.977,0.977,0.979,0.979,0.979,0.979,0.98,0,0,0,0,0,0,0,0,0,0,0,0,0,0,0,0,0,0,0,0,0,0,0,0,0,0,0,0,0,0.408,0.408,0.408,0.408,0.408,0.407,0.407,0.407,0.407,0.407,0.408,0.408,0.408,0.409,0.41,0.41,0.411,0.411,0.411,0.412,0.412,0.412,0.413,0.413,0.413,0.414,0.414,0.414,0.415,0.415,0.416,0.416,0.417,0.418,0.418,0.419,0.419,0.42,0.42,0.421,0.421,0.422,0.422,0.422,0.422,0.422,0.423,0.423,0.423,0.424,0.425,0.426,0.427,0.428,0.43,0.431,0.432,0.433,0.433,0.433,0.433,0.433,0.433,0.433,0.433,0.432,0.432,0.432,0.432,0.432,0.432,0.431,0.431,0.431,0.431,0.431,0.431,0.431,0.431,0.431,0.431,0.431,0.431,0.431,0.432,0.432,0.432,0.433,0.433,0.434,0.435,0.436,0.436,0.437,0.438,0.439,0.44,0.441,0.443,0.445,0.446,0.448,0.449,0.45,0.451,0.452,0.452,0.453,0.453,0.453,0.453,0.453,0.453,0.453,0.453,0,0.454,0.455,0.456,0.457,0.458,0.458,0.459,0.46,0.461,0.462,0.462,0.462,0.462,0.462,0.462,0.463,0.463,0.463,0.463,0.463,0.465,0,0,0,0,0,0,0,0,0,0,0,0,0,0.487,0.487,0.487,0.487,0.488,0.489,0.49,0.492,0.493,0.494,0.495,0.496,0.496,0.497,0.497,0.498,0.498,0.498,0.498,0.498,0.498,0.498,0.498,0.498,0.498,0.498,0.498,0.498,0.497,0.497,0.497,0.497,0.497,0.497,0.498,0.498,0.499,0.499,0.5,0.501,0.503,0.503,0.504,0.504,0.505,0.506,0.507,0.507,0.508,0.509,0.51,0.511,0.512,0.515,0.517,0.52,0.522,0.524,0.527,0.528,0.53,0.532,0.531,0.531,0.53,0.528,0.527,0.525,0.523,0.522,0.52,0.519,0.518,0.517,0.517,0.517,0.518,0.519,0.519,0.521,0.523,0.524,0.525,0.525,0,0,0,0,0,0,0,0,0,0,0,0,0,0,0,0,0,0,0,0,0,0,0,0,0,0,0,0.63,0.631,0.632,0.634,0.636,0.638,0.641,0.644,0.646,0.648,0.651,0.654,0.657,0.659,0.661,0.662,0.667,0.672,0.679,0,0.694,0.7,0.706,0,0,0,0,0,0,0,0,0,0,0,0,0,0,0,0,3.433,3.453,3.453,3.433,3.414,3.395,3.377,3.377,0,0,0,0,0,0,0,0,0,0,0,0,0,0,0,0,0,0,0,0,0,0,0,0,0,0,0,0,0,0,0.677,0.676,0.675,0.675,0.675,0.675,0.675,0.675,0.676,0.677,0.677,0.678,0.678,0.679,0.681,0.682,0.682,0.684,0.685,0.686,0.687,0.69,0.691,0.69,0.689,0.689,0.687,0.686,0.684,0.683,0.683,0,0.684,0.685,0.687,0.687,0.689,0.691,0.691,0.693,0.694,0.697,0.698,0.699,0.7,0.702,0.702,0.703,0.704,0.705,0.705,0.706,0.706,0.707,0.708,0.71,0.711,0.712,0.715,0.716,0.717,0.719,0.721,0.723,0.725,0.726,0.727,0.728,0.731,0.733,0.735,0.74,0,0.746,0.749,0.752,0,0,0,0.764,0.768,0.771,0.774,0.776,0.779,0.782,0.784,0.786,0.788,0.789,0.789,0.791,0.792,0.794,0.796,0.798,0.8,0.802,0.805,0.809,0.813,0.818,0.823,0.827,0.832,0.836,0.841,0.843,0.847,0.848,0.849,0.849,0.85,0.851,0.852,0.854,0.861,0.869,0.879,0,0.897,0.906,0.916,0,0,0,0,0,0,0,0,0,0,0,0,0,0,0,0,0,0,0,0,0,0,0,0,0,0,0,0,0
0,0,0,0,0,0,0,0,0,0,0,0,0,0,0,0,0,0,0,0,0,0,0,0,0,0,0,0,0,0,0.813,0.813,0.814,0.815,0.815,0.817,0.817,0.818,0.818,0.819,0.819,0.818,0.818,0.817,0.817,0.816,0.816,0.815,0.814,0.813,0.812,0.812,0.812,0.811,0.811,0.811,0.811,0.811,0.812,0.813,0.813,0.814,0.815,0.817,0.819,0.822,0.824,0.827,0.829,0.833,0.836,0.84,0.842,0.843,0.847,0.849,0.851,0.852,0.855,0.856,0.857,0.86,0.861,0.863,0.864,0.867,0.869,0.872,0.873,0.875,0.879,0.883,0.889,0.896,0.905,0.912,0.92,0.927,0.933,0.938,0.945,0.95,0.953,0.956,0.959,0.96,0.963,0.965,0.968,0.969,0.972,0.974,0.974,0.975,0.977,0.977,0.979,0.979,0.979,0,0,0,0,0,0,0,0,0,0,0,0,0,0,0,0,0,0,0,0,0,0,0,0,0,0,0,0,0,0,0,0.408,0.408,0.408,0.408,0.408,0.407,0.407,0.407,0.407,0.408,0.408,0.408,0.409,0.409,0.409,0.41,0.411,0.411,0.411,0.412,0.412,0.412,0.413,0.413,0.413,0.414,0.414,0.414,0.415,0.415,0.416,0.416,0.417,0.418,0.418,0.419,0.419,0.42,0.42,0.421,0.421,0.422,0.422,0.422,0.422,0.422,0.423,0.423,0.424,0.424,0.425,0.426,0.427,0.429,0.43,0.431,0.432,0.433,0.433,0.433,0.433,0.433,0.433,0.433,0.433,0.432,0.432,0.432,0.432,0.431,0.431,0.431,0.431,0.431,0.43,0.43,0.43,0.43,0.43,0.43,0.431,0.431,0.431,0.431,0.431,0.432,0.432,0.433,0.433,0.434,0.435,0.436,0.436,0.437,0.438,0.439,0.44,0.441,0.443,0.444,0.446,0.447,0.449,0.45,0.45,0.451,0.452,0.453,0.453,0.453,0.453,0.453,0.453,0.453,0.454,0.454,0,0.455,0.456,0.457,0.458,0.459,0.459,0.46,0.461,0.462,0.462,0.462,0.462,0.462,0.463,0.463,0.463,0.463,0.463,0.465,0.466,0.467,0,0,0,0,0,0,0,0,0,0,0,0.486,0.487,0.487,0.487,0.487,0.488,0.489,0.49,0.492,0.493,0.494,0.495,0.496,0.496,0.497,0.497,0.498,0.498,0.498,0.498,0.499,0.499,0.499,0.499,0.499,0.499,0.499,0.499,0.499,0.499,0.499,0.498,0.498,0.498,0.498,0.498,0.498,0.499,0.499,0.5,0.501,0.503,0.503,0.504,0.504,0.505,0.506,0.507,0.507,0.508,0.509,0.51,0.511,0.513,0.515,0.518,0.52,0.523,0.525,0.527,0.529,0.531,0.532,0.532,0.531,0.53,0.528,0.527,0.525,0.523,0.523,0.521,0.52,0.519,0.518,0.518,0.518,0.518,0.52,0.521,0.523,0.525,0.527,0.527,0.528,0.529,0.531,0.532,0,0,0,0,0,0,0,0,0,0,0,0,0,0,0,0,0,0,0,0,0,0,0,0.63,0.631,0.632,0.632,0.634,0.636,0.639,0.642,0.644,0.646,0.649,0.652,0.654,0.657,0.659,0.662,0.662,0.667,0.672,0.678,0,0.694,0.699,0.705,0.713,0,0,0,0,0,0,0,0,0,0,0,0,0,0,3.414,3.414,3.433,3.414,3.414,3.395,3.395,3.358,3.358,0,0,0,0,0,0,0,0,0,0,0,0,0,0,0,0,0,0,0,0,0,0,0,0,0,0,0,0,0.678,0.678,0.677,0.676,0.676,0.675,0.675,0.675,0.675,0.676,0.676,0.677,0.678,0.678,0.678,0.68,0.681,0.682,0.682,0.684,0.684,0.686,0.687,0.688,0.69,0.688,0.687,0.687,0.686,0.685,0.684,0.683,0.683,0.683,0.684,0.685,0.687,0.687,0.688,0.69,0.691,0.692,0.694,0.695,0.697,0.698,0.699,0.701,0.702,0.702,0.703,0.704,0.705,0.706,0.706,0.706,0.707,0.709,0.711,0.714,0.715,0.717,0.719,0.72,0.723,0.725,0.726,0.728,0.729,0.73,0.732,0.734,0.737,0.74,0.743,0.746,0.749,0.752,0.756,0.76,0.762,0.764,0.767,0.77,0.773,0.776,0.779,0.782,0.784,0.786,0.787,0.789,0.79,0.791,0.793,0.795,0.797,0.799,0.8,0.803,0.807,0.81,0.814,0.818,0.823,0.828,0.832,0.837,0.841,0.844,0.847,0.848,0.849,0.85,0.85,0.852,0.854,0.857,0.864,0.873,0,0,0.901,0.909,0.919,0.93,0,0,0,0,0,0,0,0,0,0,0,0,0,0,0,0,0,0,0,0,0,0,0,0,0,0,0,0
0,0,0,0,0,0,0,0,0,0,0,0,0,0,0,0,0,0,0,0,0,0,0,0,0,0,0,0,0,0.811,0.812,0.812,0.813,0.814,0.814,0.817,0.816,0.817,0.818,0.819,0.819,0.819,0.818,0.818,0.817,0.817,0.816,0.815,0.814,0.813,0.813,0.812,0.812,0.812,0.812,0.812,0.812,0.813,0.813,0.814,0.815,0.816,0.817,0.819,0.821,0.823,0.825,0.827,0.83,0.833,0.836,0.84,0.842,0.843,0.847,0.849,0.85,0.852,0.855,0.856,0.858,0.86,0.862,0.863,0.866,0.868,0.869,0.872,0.873,0.875,0.879,0.882,0.888,0.895,0.902,0.909,0.917,0.924,0.931,0.937,0.944,0.948,0.951,0.954,0.957,0.96,0.963,0.965,0.966,0.969,0.971,0.972,0.974,0.975,0.975,0.977,0.979,0.98,0.979,0.98,0,0,0,0,0,0,0,0,0,0,0,0,0,0,0,0,0,0,0,0,0,0,0,0,0,0,0,0,0,0,0.409,0.409,0.408,0.408,0.408,0.407,0.407,0.407,0.407,0.408,0.408,0.408,0.409,0.409,0.41,0.41,0.411,0.411,0.411,0.412,0.412,0.412,0.413,0.413,0.414,0.414,0.414,0.415,0.415,0.416,0.416,0.417,0.417,0.418,0.418,0.419,0.419,0.42,0.421,0.421,0.422,0.422,0.422,0.422,0.423,0.423,0.423,0.424,0.424,0.424,0.425,0.426,0.427,0.428,0.43,0.431,0.432,0.432,0.433,0.433,0.433,0.433,0.433,0.433,0.432,0.432,0.432,0.432,0.431,0.431,0.431,0.431,0.43,0.43,0.43,0.43,0.43,0.429,0.429,0.429,0.43,0.43,0.43,0.431,0.431,0.431,0.432,0.432,0.433,0.434,0.435,0.436,0.437,0.438,0.439,0.44,0.441,0.441,0.443,0.444,0.445,0.447,0.448,0.449,0.45,0.451,0.452,0.452,0.452,0.453,0.453,0.453,0.453,0.453,0.454,0.454,0.454,0.455,0.456,0.457,0.458,0.459,0.459,0.46,0.461,0.462,0.462,0.462,0.462,0.463,0.463,0.463,0.463,0.463,0.464,0.465,0.466,0.468,0,0,0,0,0,0,0.487,0.488,0.487,0.487,0.487,0.486,0.487,0.487,0.487,0.487,0.488,0.489,0.49,0.492,0.493,0.494,0.496,0.496,0.497,0.497,0.498,0.498,0.499,0.499,0.5,0.5,0.5,0.5,0.5,0.5,0.501,0.501,0.501,0.501,0.501,0.501,0.5,0.5,0.5,0.499,0.5,0.499,0.499,0.499,0.5,0.501,0.503,0,0,0,0,0,0,0,0,0,0,0,0,0,0,0.522,0.524,0.526,0.529,0.53,0.532,0.533,0.533,0.532,0.531,0.529,0.528,0.526,0.524,0.523,0.522,0.52,0.52,0.519,0.519,0.519,0.52,0.521,0.523,0,0.527,0.529,0.53,0.531,0,0,0,0,0,0,0,0,0,0,0,0,0,0,0,0,0,0,0,0,0,0.625,0.626,0.628,0.629,0.63,0.63,0.631,0.632,0.633,0.635,0.637,0.64,0.642,0.644,0.647,0.65,0.652,0.655,0.657,0.659,0.662,0.663,0.667,0.671,0.677,0,0.691,0.696,0.702,0.707,0,0,0,0,0,0,0,0,0,0,0,0,0,3.377,3.395,3.395,3.395,3.395,3.395,3.377,3.377,3.358,3.34,3.34,3.322,0,0,0,0,0,0,0,0,0,0,0,0,0,0,0,0,0,0,0,0,0,0,0,0,0,0,0.679,0.678,0.677,0.676,0.675,0.675,0.675,0.675,0.676,0.676,0.677,0.678,0.678,0.679,0.68,0.681,0.681,0.683,0.683,0.684,0.684,0.686,0.687,0.688,0.687,0.687,0.686,0.686,0.685,0.684,0.683,0.683,0.682,0.683,0.684,0.684,0.686,0.687,0.688,0.689,0.691,0.691,0.693,0.694,0.696,0.698,0.698,0.7,0.701,0.702,0.702,0.703,0.704,0.705,0.706,0.707,0.708,0.709,0.711,0.714,0.715,0.718,0.72,0.722,0.725,0.726,0.728,0.73,0.731,0.732,0.733,0.735,0.738,0.74,0.743,0.746,0.749,0.752,0.756,0.759,0.762,0.763,0.766,0.769,0.772,0.775,0.777,0.78,0.783,0.786,0.787,0.789,0.791,0.793,0.794,0.796,0.798,0.801,0.803,0.804,0.809,0.812,0.816,0.822,0.826,0.83,0.835,0.838,0.843,0.847,0.849,0.85,0.851,0.851,0.854,0.856,0.858,0.863,0.87,0.88,0.889,0.9,0.909,0.916,0.924,0.934,0.94,0,0,0,0,0,0,0,0,0,0,0,0,0,0,0,0,0,0,6.208,6.025,5.967,5.909,5.909,0,0,0,0
0,0,0,0,0,0,0,0,0,0,0,0,0,0,0,0,0,0,0,0,0,0,0,0,0,0,0,0,0,0.811,0.811,0.812,0.813,0.814,0.815,0.815,0.816,0.817,0.818,0.818,0.819,0.819,0.819,0.818,0.818,0.817,0.816,0.816,0.815,0.814,0.814,0.813,0.813,0.813,0.813,0.813,0.813,0.814,0.815,0.816,0.817,0.818,0.819,0.821,0.822,0.824,0.826,0.828,0.83,0.833,0.836,0.838,0.841,0.843,0.847,0.849,0.85,0.852,0.855,0.856,0.858,0.86,0.862,0.864,0.866,0.868,0.869,0.872,0.873,0.875,0.878,0.88,0.886,0.892,0.898,0.905,0.913,0.921,0.928,0.935,0.941,0.947,0.951,0.954,0.957,0.96,0.962,0.965,0.966,0.969,0.971,0.972,0.974,0.975,0.979,0.979,0.98,0.982,0.982,0.982,0.982,0.982,0,0,0,0,0,0,0,0,0,0,0,0,0,0,0,0,0,0,0,0,0,0,0,0,0,0,0,0,0.41,0.409,0.409,0.408,0.408,0.408,0.408,0.407,0.408,0.408,0.408,0.408,0.409,0.409,0.41,0.41,0.411,0.411,0.411,0.412,0.412,0.413,0.413,0.413,0.414,0.414,0.415,0.415,0.416,0.416,0.416,0.417,0.418,0.418,0.419,0.419,0.42,0.42,0.421,0.422,0.422,0.422,0.422,0.423,0.423,0.423,0.424,0.424,0.424,0.425,0.426,0.427,0.428,0.429,0.43,0.431,0.432,0.432,0.433,0.433,0.433,0.433,0.433,0.432,0.432,0.432,0.432,0.432,0.431,0.431,0.43,0.43,0.43,0.429,0.429,0.429,0.429,0.429,0.429,0.429,0.429,0.429,0.43,0.43,0.431,0.431,0.432,0.432,0.433,0.434,0.435,0.436,0.437,0.438,0.439,0.44,0.44,0.441,0.442,0.443,0.445,0.446,0.447,0.448,0.449,0.45,0.451,0.452,0.452,0.452,0.453,0.453,0.453,0.453,0.454,0.454,0.454,0.455,0.456,0.457,0.458,0.459,0.46,0.461,0.461,0.462,0.462,0.463,0.463,0.463,0.463,0.463,0.463,0.464,0.464,0.465,0.466,0.468,0.47,0,0,0,0,0.487,0.487,0.488,0.487,0.487,0.487,0.487,0.487,0.487,0.487,0.487,0.488,0.489,0.49,0.492,0.493,0.494,0.495,0.496,0.497,0.498,0.499,0.499,0.5,0.5,0.5,0.5,0.501,0.502,0.501,0.502,0.503,0.503,0.503,0.503,0.503,0.503,0.502,0.502,0.501,0.501,0.5,0.5,0.5,0.5,0.5,0.502,0.503,0,0.505,0.505,0.506,0,0,0,0,0.51,0,0,0.515,0.517,0.52,0.523,0.525,0.527,0.529,0.531,0.532,0.533,0.532,0.532,0.53,0.529,0.528,0.526,0.524,0.523,0.522,0.521,0.52,0.519,0.519,0.519,0.52,0.523,0.524,0.526,0.528,0.53,0.531,0.533,0,0,0,0,0,0,0,0.554,0.555,0,0,0,0,0,0,0,0,0,0,0,0,0.625,0.628,0.629,0.63,0.632,0.632,0.633,0.634,0.634,0.636,0.639,0.641,0.644,0.645,0.648,0.65,0.653,0.656,0.658,0.66,0.662,0.663,0.667,0.67,0.675,0,0,0,0.695,0.701,0.702,0,0,0,0,0,0,0,0,0,0,0,3.377,3.377,3.377,3.377,3.377,3.377,3.377,3.377,3.358,3.34,3.34,3.322,3.304,3.286,0,0,0,0,0,0,0,0,0,0,0,0,0,0,0,0,0,0,0,0,0,0,0,0.681,0.68,0.679,0.678,0.677,0.677,0.676,0.676,0.676,0.676,0.676,0.677,0.678,0.678,0.679,0.68,0.681,0.681,0.683,0.684,0.684,0.684,0.684,0.685,0.685,0.686,0.686,0.684,0.684,0.683,0.683,0.683,0.682,0.682,0.683,0.683,0.684,0.685,0.686,0.687,0.687,0.689,0.69,0.691,0.692,0.693,0.694,0.695,0.696,0.698,0.699,0.7,0.702,0.702,0.703,0.704,0.706,0.706,0.708,0.709,0.711,0.714,0.715,0.719,0.721,0.724,0.726,0.728,0.73,0.732,0.733,0.734,0.736,0.738,0.74,0.742,0.745,0.748,0.75,0.753,0.756,0.759,0.762,0.763,0.766,0.768,0.771,0.773,0.776,0.779,0.782,0.784,0.787,0.789,0.792,0.794,0.796,0.798,0.8,0.803,0.804,0.808,0.811,0.815,0.819,0.825,0.829,0.834,0.837,0.842,0.845,0.849,0.85,0.852,0.852,0.854,0.856,0.858,0.862,0.867,0.877,0.886,0.896,0.906,0.915,0.923,0.93,0.938,0.94,0,0,0,0,0,0,0,0,0,0,0,0,0,0,0,0,0,6.538,6.146,5.967,5.909,5.853,5.853,5.798,0,0,0
0,0,0,0,0,0,0,0,0,0,0,0,0,0,0,0,0,0,0,0,0,0,0,0,0,0,0,0,0,0.81,0.81,0.811,0.812,0.813,0.814,0.814,0.816,0.816,0.818,0.818,0.819,0.819,0.819,0.818,0.818,0.817,0.817,0.816,0.816,0.816,0.815,0.815,0.815,0.815,0.815,0.815,0.815,0.816,0.816,0.817,0.818,0.819,0.821,0.822,0.823,0.825,0.826,0.828,0.83,0.833,0.836,0.838,0.841,0.844,0.847,0.849,0.85,0.852,0.855,0.856,0.858,0.861,0.862,0.864,0.867,0.868,0.869,0.872,0.873,0.874,0.877,0.878,0.883,0.888,0.895,0.901,0.909,0.917,0.926,0.933,0.94,0.947,0.95,0.954,0.957,0.96,0.963,0.965,0.968,0.971,0.972,0.974,0.975,0.977,0.98,0.982,0.983,0.983,0.983,0.983,0.983,0.983,0,0,0,0,0,0,0,0,0,0,0,0,0,0,0,0,0,0,0,0,0,0,0,0,0,0,0,0,0.411,0.41,0.409,0.409,0.408,0.408,0.408,0.408,0.408,0.408,0.408,0.409,0.409,0.409,0.41,0.41,0.411,0.411,0.411,0.412,0.412,0.413,0.413,0.414,0.414,0.414,0.415,0.416,0.416,0.416,0.417,0.418,0.418,0.418,0.419,0.419,0.42,0.421,0.421,0.422,0.422,0.422,0.423,0.423,0.424,0.424,0.424,0.424,0.425,0.426,0.426,0.427,0.428,0.429,0.43,0.431,0.432,0.432,0.433,0.433,0.433,0.433,0.433,0.432,0.432,0.432,0.432,0.431,0.431,0.431,0.43,0.43,0.429,0.429,0.429,0.429,0.428,0.428,0.428,0.429,0.429,0.429,0.429,0.43,0.431,0.431,0.432,0.432,0.433,0.434,0.435,0.436,0.437,0.438,0.439,0.44,0.441,0.441,0.442,0.443,0.444,0.446,0.447,0.448,0.449,0.45,0.451,0.451,0.452,0.452,0.453,0.453,0.453,0.453,0.454,0.454,0.455,0.455,0.456,0.457,0.459,0.459,0.46,0.461,0.462,0.462,0.463,0.463,0.463,0.463,0.463,0.463,0.464,0.464,0.465,0.466,0.467,0.469,0.471,0.474,0.478,0.481,0.484,0.487,0.488,0.488,0.488,0.487,0.487,0.487,0.487,0.487,0.487,0.488,0.488,0.489,0.491,0.492,0.493,0.495,0.496,0.497,0.498,0.499,0.499,0.5,0.5,0.501,0.501,0.502,0.502,0.503,0.503,0.503,0.504,0.504,0.505,0.505,0.505,0.505,0.504,0.503,0.503,0.503,0.502,0.501,0.501,0.5,0.501,0,0,0,0,0,0,0,0,0,0,0,0,0,0,0.519,0.522,0.524,0.526,0.528,0.53,0.531,0.532,0.533,0.532,0.531,0.53,0.529,0.528,0.526,0.525,0.523,0.523,0.522,0.522,0.521,0.521,0.522,0.523,0,0.527,0.528,0.53,0.532,0.533,0.533,0.535,0.536,0,0,0,0.549,0.552,0.555,0.557,0.558,0,0,0,0,0,0.593,0.603,0.61,0.615,0.62,0.624,0.625,0.628,0.629,0.63,0.631,0.632,0.634,0.635,0.636,0.638,0.64,0.642,0.644,0.646,0.649,0.651,0.654,0.657,0.659,0.661,0.663,0.664,0.667,0.669,0.675,0,0,0,0,0.697,0.698,0,0,0,0,0,0,0,0,0,0,0,3.358,3.34,3.358,3.358,3.377,3.377,3.377,3.358,3.34,3.34,3.322,3.322,3.304,3.286,0,0,0,0,0,0,0,0,0,0,0,0,0,0,0,0,0,0,0,0,0,0,0,0.681,0.68,0.679,0.678,0.677,0.677,0.676,0.675,0.676,0.676,0.676,0.677,0.678,0.678,0.679,0.68,0.681,0.681,0.683,0.684,0.684,0.684,0.684,0.684,0.684,0.684,0.684,0.683,0.682,0.682,0.681,0.682,0.682,0.682,0.683,0.684,0.684,0.685,0.687,0.687,0.688,0.689,0.691,0.691,0.691,0.692,0.694,0.694,0.695,0.697,0.698,0.699,0.701,0.702,0.702,0.704,0.705,0.706,0.707,0.71,0.712,0.715,0.716,0.72,0.723,0.726,0.728,0.73,0.733,0.734,0.735,0.737,0.738,0.74,0.741,0.743,0.746,0.749,0.751,0.753,0.757,0.759,0.762,0.763,0.766,0.768,0.771,0.773,0.776,0.779,0.782,0.784,0.787,0.79,0.793,0.796,0.798,0.8,0.803,0.804,0.807,0.81,0.814,0.817,0.823,0.827,0.832,0.836,0.84,0.844,0.847,0.849,0.851,0.852,0.854,0.854,0.856,0.86,0.864,0.87,0.878,0.888,0.898,0.909,0.917,0.926,0.933,0.938,0.941,0,0,0,0,0,0,0,0,0,0,0,0,0,0,0,0,0,6.469,6.025,5.909,5.853,5.798,5.798,5.798,0,0,0
0,0,0,0,0,0,0,0,0,0,0,0,0,0,0,0,0,0,0,0,0,0,0,0,0,0,0,0,0,0,0.809,0.809,0.81,0.812,0.813,0.814,0.814,0.816,0.816,0.818,0.818,0.818,0.818,0.818,0.818,0.818,0.817,0.817,0.817,0.816,0.816,0.816,0.816,0.816,0.817,0.817,0.817,0.818,0.818,0.818,0.819,0.821,0.822,0.823,0.824,0.825,0.827,0.829,0.832,0.834,0.836,0.838,0.841,0.844,0.847,0.849,0.851,0.852,0.855,0.856,0.858,0.861,0.862,0.864,0.867,0.868,0.869,0.87,0.872,0.873,0.875,0.877,0.88,0.886,0.891,0.897,0.905,0.913,0.921,0.93,0.938,0.944,0.95,0.954,0.957,0.96,0.963,0.966,0.969,0.972,0.975,0.977,0.98,0.982,0.983,0.983,0.983,0.985,0.985,0.986,0.985,0.985,0,0,0,0,0,0,0,0,0,0,0,0,0,0,0,0,0,0,0,0,0,0,0,0,0,0,0,0,0.411,0.411,0.41,0.409,0.409,0.408,0.408,0.408,0.408,0.408,0.409,0.409,0.409,0.409,0.41,0.41,0.411,0.411,0.411,0.412,0.412,0.413,0.413,0.414,0.414,0.415,0.415,0.416,0.416,0.417,0.418,0.418,0.418,0.419,0.419,0.42,0.421,0.421,0.422,0.422,0.422,0.423,0.423,0.424,0.424,0.424,0.424,0.425,0.426,0.426,0.427,0.428,0.429,0.429,0.431,0.431,0.432,0.432,0.433,0.433,0.433,0.433,0.433,0.433,0.432,0.432,0.432,0.432,0.431,0.431,0.43,0.43,0.429,0.429,0.429,0.428,0.428,0.428,0.428,0.428,0.429,0.429,0.429,0.43,0.431,0.431,0.432,0.433,0.434,0.435,0.436,0.437,0.438,0.439,0.439,0.44,0.441,0.442,0.442,0.443,0.444,0.445,0.446,0.448,0.449,0.45,0.45,0.451,0.452,0.452,0.453,0.453,0.454,0.454,0.454,0.455,0.455,0.456,0.457,0.458,0.459,0.46,0.461,0.461,0.462,0.462,0.463,0.463,0.463,0.463,0.463,0.464,0.464,0.465,0.465,0.467,0.468,0.47,0.472,0.475,0.478,0.481,0.484,0.486,0.488,0.488,0.488,0.487,0.487,0.487,0.487,0.487,0.487,0.488,0.488,0.49,0.491,0.492,0.494,0.495,0.496,0.498,0.498,0.499,0.5,0.5,0.501,0.502,0.502,0.503,0.503,0.504,0.504,0.505,0.505,0.505,0.506,0.507,0.507,0.506,0.506,0.505,0.505,0.504,0.503,0.503,0.502,0.502,0,0,0,0,0,0,0,0,0,0,0,0,0,0,0,0,0,0,0.527,0.528,0.53,0.531,0.532,0.533,0.532,0.531,0.53,0.529,0.528,0.527,0.525,0.524,0.524,0.523,0.523,0.523,0.524,0.525,0.526,0,0.53,0.533,0.534,0.535,0.537,0.538,0.539,0.54,0,0,0,0.551,0.554,0.556,0.558,0.559,0.561,0.564,0,0,0,0,0.596,0.603,0.61,0.616,0.621,0,0,0,0,0.632,0.633,0.634,0.636,0.637,0.639,0.642,0.644,0.646,0.648,0.65,0.652,0.655,0.657,0.659,0.662,0.663,0.664,0.667,0.669,0.673,0,0,0,0,0.692,0.694,0.697,0,0,0,0,0,0,0,0,0,3.304,3.304,3.322,3.34,3.34,3.34,3.358,3.358,3.358,3.34,3.322,3.322,3.322,3.304,3.304,0,0,0,0,0,0,0,0,0,0,0,0,0,0,0,0,0,0,0,0,0,0,0,0.681,0.68,0.679,0.678,0.678,0.677,0.676,0.675,0.676,0.676,0.677,0.677,0.678,0.679,0.68,0.681,0.681,0.682,0.683,0.684,0.684,0.684,0.684,0.684,0.683,0.684,0.683,0.682,0.681,0.681,0.681,0.682,0.682,0.683,0.684,0.684,0.686,0.687,0.687,0.688,0.689,0.69,0.691,0.691,0.691,0.692,0.693,0.694,0.695,0.696,0.698,0.698,0.7,0.701,0.702,0.703,0.705,0.706,0.708,0.71,0.712,0.716,0.718,0.721,0.725,0.727,0.73,0.732,0.734,0.737,0.738,0.738,0.74,0.741,0.742,0.745,0.747,0.749,0.751,0.753,0.756,0.759,0.762,0.763,0.765,0.768,0.77,0.773,0.776,0.778,0.781,0.784,0.787,0.79,0.794,0.797,0.8,0.802,0.805,0.807,0.809,0.812,0.815,0.819,0.824,0.829,0.834,0.838,0.842,0.845,0.848,0.85,0.851,0.854,0.854,0.855,0.857,0.861,0.866,0.872,0.88,0.891,0.9,0.91,0.92,0.927,0.934,0.94,0,0,0,0,0,0,0,0,0,0,0,0,0,0,0,0,0,0,0,5.798,5.744,5.744,5.744,5.744,5.69,0,0,0
0,0,0,0,0,0,0,0,0,0,0,0,0,0,0,0,0,0,0,0,0,0,0,0,0,0,0,0,0,0,0.807,0.808,0.809,0.81,0.811,0.812,0.813,0.814,0.815,0.816,0.818,0.818,0.817,0.817,0.817,0.818,0.817,0.817,0.817,0.818,0.817,0.818,0.818,0.818,0.819,0.819,0.819,0.821,0.821,0.821,0.822,0.822,0.823,0.824,0.825,0.826,0.828,0.829,0.832,0.834,0.836,0.84,0.842,0.843,0.845,0.849,0.851,0.852,0.855,0.857,0.858,0.861,0.863,0.864,0.867,0.868,0.869,0.87,0.872,0.873,0.874,0.875,0.878,0.882,0.887,0.893,0.901,0.909,0.917,0.926,0.933,0.941,0.947,0.951,0.956,0.96,0.965,0.968,0.972,0.975,0.979,0.98,0.982,0.983,0.986,0.986,0.988,0.988,0.986,0.988,0.986,0.986,0,0,0,0,0,0,0,0,0,0,0,0,0,0,0,0,0,0,0,0,0,0,0,0,0,0,0.414,0.413,0.412,0.412,0.411,0.41,0.41,0.409,0.409,0.408,0.409,0.409,0.409,0.409,0.409,0.41,0.41,0.411,0.411,0.411,0.412,0.412,0.412,0.413,0.414,0.414,0.415,0.415,0.416,0.416,0.417,0.418,0.418,0.418,0.419,0.419,0.42,0.42,0.421,0.421,0.422,0.422,0.423,0.423,0.424,0.424,0.424,0.425,0.425,0.426,0.426,0.427,0.427,0.428,0.429,0.43,0.431,0.432,0.432,0.433,0.433,0.433,0.433,0.433,0.433,0.433,0.433,0.432,0.432,0.432,0.432,0.431,0.43,0.43,0.429,0.429,0.429,0.428,0.428,0.428,0.428,0.428,0.429,0.429,0.429,0.43,0.431,0.431,0.432,0.433,0.434,0.435,0.436,0.437,0.438,0.439,0.44,0.441,0.441,0.442,0.442,0.443,0.444,0.445,0.446,0.447,0.448,0.449,0.45,0.451,0.452,0.452,0.453,0.453,0.454,0.454,0.455,0.455,0.456,0.457,0.457,0.458,0.459,0.46,0.461,0.462,0.462,0.463,0.463,0.463,0.463,0.464,0.464,0.465,0.465,0.466,0.466,0.467,0.469,0.471,0.473,0.476,0.479,0.481,0.484,0.486,0.487,0.489,0.488,0.487,0.487,0.487,0.487,0.487,0.487,0.488,0.488,0.489,0.491,0.493,0.494,0.496,0.497,0.498,0.499,0.5,0.5,0.501,0.502,0.503,0.503,0.503,0.504,0.505,0.505,0.506,0.507,0.507,0.507,0.508,0.508,0.508,0.507,0.507,0.506,0.506,0.505,0.504,0,0,0,0,0,0,0,0,0,0,0,0.508,0.509,0.511,0,0,0,0,0.524,0.526,0.527,0.528,0.53,0.531,0.532,0.532,0.531,0.53,0.529,0.529,0.528,0.527,0.526,0.526,0.526,0.525,0.526,0.526,0.528,0.529,0.531,0.533,0.535,0.537,0.54,0.541,0.541,0.542,0.543,0.544,0.546,0.547,0,0.553,0.555,0.557,0.559,0.56,0.562,0.564,0.569,0.574,0.579,0,0,0.599,0.605,0.612,0.616,0.621,0.625,0.626,0.628,0.629,0.63,0.633,0.636,0.638,0.64,0.642,0.645,0.647,0.65,0.652,0.653,0.656,0.658,0.659,0.662,0.664,0.664,0.667,0.669,0.672,0.675,0.679,0.683,0.686,0.689,0.691,0.693,0.695,0.698,0,0,0,0,0,0,0,0,3.269,3.304,3.322,3.34,3.34,3.34,3.34,3.34,3.322,3.322,3.322,3.304,3.304,3.286,0,0,0,0,0,0,0,0,0,0,0,0,0,0,0,0,0,0,0,0,0,0,0.682,0.681,0.68,0.679,0.678,0.678,0.677,0.676,0.675,0.676,0.676,0.677,0.678,0.678,0.679,0.68,0.681,0.681,0.682,0.683,0.684,0.684,0.684,0.683,0.683,0.682,0.682,0.681,0.681,0.68,0.681,0.681,0.681,0.682,0.683,0.685,0.685,0.687,0.688,0.689,0.689,0.69,0.691,0.691,0.691,0.691,0.691,0.692,0.693,0.694,0.696,0.697,0.698,0.699,0.701,0.702,0.703,0.704,0.706,0.708,0.71,0.713,0.717,0.72,0.722,0.726,0.729,0.732,0.734,0.737,0.738,0.739,0.74,0.74,0.741,0.743,0.745,0.748,0.749,0.751,0.754,0.756,0.758,0.761,0.762,0.764,0.767,0.77,0.772,0.775,0.778,0.781,0.784,0.787,0.791,0.796,0.799,0.802,0.805,0.807,0.809,0.811,0.814,0.817,0.821,0.825,0.83,0.835,0.84,0.843,0.845,0.849,0.85,0.854,0.854,0.855,0.856,0.858,0.863,0.869,0.875,0.884,0.893,0.902,0.913,0.921,0.928,0.934,0.94,0,0,0,0,0,0,0,0,0,0,0,0,0,0,0,0,0,0,5.69,5.587,5.587,5.587,5.638,5.638,5.587,0,0,0
0,0,0,0,0,0,0,0,0,0,0,0,0,0,0,0,0,0,0,0,0,0,0,0,0,0,0,0,0,0,0.805,0.805,0.807,0.808,0.809,0.81,0.811,0.812,0.814,0.815,0.817,0.817,0.817,0.817,0.817,0.817,0.818,0.818,0.818,0.819,0.819,0.819,0.821,0.821,0.822,0.822,0.822,0.823,0.823,0.823,0.823,0.824,0.824,0.825,0.826,0.827,0.828,0.83,0.833,0.835,0.837,0.84,0.841,0.844,0.845,0.849,0.851,0.852,0.855,0.857,0.858,0.861,0.863,0.864,0.867,0.868,0.869,0.87,0.872,0.872,0.874,0.875,0.877,0.879,0.884,0.889,0.896,0.904,0.912,0.92,0.927,0.937,0.943,0.948,0.954,0.96,0.966,0.969,0.974,0.979,0.982,0.985,0.986,0.988,0.99,0.99,0.99,0.99,0.99,0.99,0,0,0,0,0,0,0,0,0,0,0,0,0,0,0,0,0,0,0,0,0,0,0,0,0,0,0,0,0.415,0,0.413,0.412,0.411,0.411,0.41,0.41,0.409,0.409,0.409,0.409,0.409,0.41,0.41,0.41,0.411,0.411,0.411,0.411,0.412,0.412,0.413,0.414,0.414,0.414,0.415,0.416,0.416,0.417,0.418,0.418,0.418,0.419,0.419,0.419,0.42,0.421,0.421,0.422,0.422,0.423,0.423,0.424,0.424,0.424,0.425,0.426,0.426,0.426,0.427,0.428,0.428,0.429,0.43,0.431,0.431,0.432,0.433,0.433,0.434,0.434,0.434,0.434,0.434,0.434,0.433,0.433,0.433,0.432,0.432,0.431,0.431,0.43,0.429,0.429,0.429,0.428,0.428,0.428,0.428,0.428,0.429,0.429,0.43,0.43,0.431,0.432,0.433,0.434,0.435,0.436,0.437,0.438,0.438,0.439,0.44,0.441,0.441,0.442,0.443,0.443,0.444,0.445,0.446,0.447,0.448,0.449,0.45,0.451,0.452,0.453,0.453,0.454,0.454,0.455,0.455,0.456,0.457,0.457,0.458,0.459,0.46,0.461,0.461,0.462,0.462,0.463,0.463,0.463,0.464,0.464,0.465,0.465,0.466,0.466,0.467,0.468,0.469,0.472,0.474,0.477,0.479,0.481,0.483,0.486,0.487,0.488,0.489,0.488,0.487,0.487,0.487,0.488,0.488,0.489,0.489,0.49,0.492,0.494,0.496,0.497,0.498,0.499,0.5,0.5,0.501,0.502,0.503,0.503,0.504,0.504,0.505,0.505,0.506,0.507,0.507,0.508,0.508,0.509,0.509,0.509,0.508,0.508,0.507,0.507,0.505,0.505,0.504,0,0,0,0,0,0.505,0.505,0.505,0.506,0.507,0.508,0.509,0.51,0,0,0,0,0.522,0.524,0.525,0.527,0.528,0.529,0.529,0.53,0.53,0.529,0.528,0.528,0.528,0.527,0.527,0.526,0.527,0.527,0.527,0.528,0.529,0.53,0.532,0.534,0.536,0.538,0.54,0.541,0.542,0.543,0.544,0.545,0.547,0.549,0.552,0.554,0.557,0.559,0.56,0.561,0.563,0.565,0.569,0.574,0.578,0,0,0,0,0,0,0,0.621,0.623,0.625,0.626,0.628,0.63,0.634,0.637,0.639,0.642,0.645,0.648,0.65,0.652,0.654,0.656,0.658,0.659,0.661,0.664,0.665,0.667,0.669,0.67,0.674,0.677,0.681,0.684,0.687,0.688,0.691,0.693,0.696,0,0,0,0,0,0,0,3.218,3.252,3.269,3.304,3.322,3.322,3.34,3.34,3.34,3.34,3.322,3.322,3.304,3.304,3.286,0,0,0,0,0,0,0,0,0,0,0,0,0,0,0,0,0,0,0,0,0,0,0,0.681,0.68,0.679,0.678,0.678,0.677,0.676,0.676,0.676,0.676,0.677,0.678,0.678,0.679,0.68,0.681,0.681,0.682,0.683,0.684,0.683,0.683,0.683,0.683,0.681,0.681,0.681,0.68,0.679,0.68,0.681,0.681,0.683,0.684,0.685,0.687,0.688,0.688,0.69,0.691,0.691,0.691,0.691,0.691,0.691,0.691,0.692,0.692,0.694,0.695,0.696,0.698,0.698,0.7,0.702,0.702,0.704,0.706,0.708,0.71,0.713,0.717,0.72,0.724,0.727,0.731,0.732,0.735,0.738,0.739,0.74,0.74,0.742,0.743,0.744,0.747,0.749,0.75,0.752,0.754,0.756,0.758,0.76,0.762,0.763,0.766,0.768,0.771,0.773,0.776,0.78,0.784,0.787,0.792,0.797,0.8,0.803,0.807,0.809,0.811,0.813,0.815,0.818,0.822,0.826,0.829,0.834,0.838,0.842,0.844,0.849,0.851,0.854,0.855,0.857,0.858,0.862,0.867,0.873,0.879,0.888,0.897,0.906,0.916,0.924,0.93,0.935,0.94,0,0,0,0,0,0,0,0,0,0,0,0,0,0,0,0,0,0,5.391,5.391,5.391,5.391,5.391,5.391,5.391,5.391,0,0
0,0,0,0,0,0,0,0,0,0,0,0,0,0,0,0,0,0,0,0,0,0,0,0,0,0,0,0,0,0,0.803,0.803,0.804,0.805,0.807,0.807,0.808,0.81,0.811,0.813,0.814,0.815,0.816,0.816,0.816,0.817,0.818,0.818,0.819,0.819,0.821,0.822,0.823,0.823,0.824,0.824,0.824,0.824,0.824,0.824,0.824,0.824,0.825,0.825,0.826,0.827,0.828,0.83,0.832,0.834,0.836,0.838,0.842,0.844,0.847,0.849,0.851,0.854,0.855,0.857,0.858,0.861,0.862,0.864,0.867,0.868,0.868,0.869,0.87,0.872,0.873,0.874,0.875,0.878,0.882,0.887,0.893,0.898,0.906,0.915,0.921,0.931,0.94,0.945,0.951,0.959,0.966,0.971,0.977,0.98,0.985,0.986,0.99,0.99,0.991,0.991,0.991,0.993,0.991,0.993,0,0,0,0,0,0,0,0,0,0,0,0,0,0,0,0,0,0,0,0,0,0,0,0,0,0,0,0,0.416,0,0.414,0.413,0.412,0.411,0.411,0.411,0.41,0.41,0.41,0.41,0.41,0.41,0.41,0.411,0.411,0.411,0.412,0.412,0.412,0.413,0.413,0.414,0.414,0.415,0.416,0.416,0.417,0.418,0.418,0.418,0.419,0.419,0.419,0.42,0.421,0.421,0.422,0.422,0.423,0.423,0.424,0.424,0.424,0.425,0.426,0.426,0.426,0.427,0.428,0.428,0.429,0.43,0.43,0.431,0.432,0.432,0.433,0.434,0.434,0.434,0.434,0.434,0.434,0.434,0.434,0.433,0.433,0.433,0.432,0.432,0.431,0.431,0.43,0.429,0.429,0.429,0.428,0.428,0.428,0.429,0.429,0.429,0.43,0.431,0.432,0.433,0.433,0.435,0.436,0.436,0.437,0.438,0.439,0.44,0.44,0.441,0.442,0.442,0.443,0.444,0.445,0.445,0.447,0.447,0.448,0.449,0.45,0.451,0.452,0.453,0.453,0.454,0.455,0.455,0.456,0.457,0.457,0.458,0.459,0.459,0.46,0.461,0.462,0.462,0.463,0.463,0.463,0.464,0.464,0.465,0.465,0.466,0.466,0.467,0.468,0.469,0.471,0.473,0.475,0.478,0.48,0.481,0.484,0.485,0.487,0.489,0.489,0.488,0.487,0.487,0.487,0.488,0.489,0.489,0.49,0.491,0.493,0.495,0.496,0.498,0.499,0.5,0.501,0.501,0.502,0.503,0.503,0.504,0.504,0.505,0.505,0.506,0.507,0.507,0.508,0.508,0.509,0.51,0.51,0.51,0.509,0.509,0.508,0.507,0.506,0.505,0,0.503,0,0,0,0.503,0.503,0.504,0.505,0.506,0.507,0.507,0.509,0.51,0.512,0,0,0.519,0.521,0.523,0.524,0.526,0.527,0.528,0.528,0.529,0.529,0.528,0.528,0.528,0.528,0.528,0.527,0.528,0.528,0.528,0.529,0.53,0.532,0.533,0.534,0.536,0.538,0.539,0.541,0.541,0.543,0.544,0.545,0.546,0.548,0.55,0.552,0.555,0.558,0.56,0.561,0.563,0.564,0.566,0.57,0.572,0.575,0.579,0,0,0,0,0,0,0,0.62,0,0,0,0,0.63,0.634,0.636,0.64,0.642,0.646,0.649,0.652,0.653,0.656,0.659,0.66,0.662,0.664,0.666,0.667,0.668,0.67,0.673,0.676,0.68,0.682,0,0.687,0.689,0.691,0.694,0.696,0,0,0,0,0,3.184,3.201,3.218,3.252,3.286,3.304,3.304,3.322,3.34,3.322,3.322,3.322,3.322,3.322,3.304,3.286,0,0,0,0,0,0,0,0,0,0,0,0,0,0,0,0,0,0,0,0,0,0,0,0.681,0.68,0.679,0.678,0.678,0.677,0.677,0.676,0.676,0.676,0.677,0.678,0.678,0.679,0.68,0.681,0.681,0.682,0.683,0.684,0.683,0.683,0.683,0.682,0.681,0.681,0.681,0.68,0.679,0.681,0.681,0.683,0.684,0.685,0.687,0.688,0.69,0.691,0.691,0.691,0.691,0.691,0.691,0.691,0.691,0.691,0.692,0.692,0.694,0.695,0.696,0.698,0.698,0.7,0.701,0.702,0.704,0.706,0.708,0.71,0.714,0.717,0.72,0.725,0.728,0.731,0.733,0.736,0.74,0.74,0.742,0.743,0.744,0.745,0.747,0.748,0.75,0.752,0.754,0.755,0.757,0.758,0.76,0.762,0.762,0.765,0.768,0.77,0.772,0.775,0.779,0.783,0.787,0.793,0.798,0.801,0.805,0.809,0.811,0.813,0.815,0.817,0.819,0.823,0.826,0.829,0.833,0.837,0.841,0.843,0.848,0.85,0.852,0.856,0.858,0.861,0.864,0.87,0.877,0.884,0.892,0.9,0.909,0.92,0.927,0.933,0.937,0.941,0,0,0,0,0,0,0,0,0,0,0,0,0,0,0,0,0,0,0,5.208,5.208,5.208,5.208,5.208,5.208,5.164,0,0
0,0,0,0,0,0,0,0,0,0,0,0,0,0,0,0,0,0,0,0,0,0,0,0,0,0,0,0,0,0,0.802,0.801,0.802,0.803,0.804,0.804,0.805,0.808,0.809,0.81,0.812,0.813,0.814,0.815,0.816,0.816,0.817,0.819,0.819,0.821,0.822,0.823,0.824,0.825,0.825,0.825,0.825,0.825,0.825,0.825,0.825,0.825,0.825,0.826,0.826,0.827,0.828,0.83,0.833,0.835,0.837,0.84,0.843,0.845,0.848,0.85,0.851,0.854,0.856,0.857,0.858,0.861,0.863,0.864,0.866,0.867,0.868,0.869,0.87,0.873,0.873,0.874,0.875,0.877,0.88,0.886,0.891,0.896,0.902,0.909,0.917,0.926,0.934,0.943,0.948,0.957,0.965,0.971,0.979,0.983,0.986,0.99,0.991,0.991,0.993,0.993,0.993,0.993,0.994,0.994,0,0,0,0,0,0,0,0,0,0,0,0,0,0,0,0,0,0,0,0,0,0,0,0,0,0,0,0,0.416,0.415,0.414,0.414,0.413,0.412,0.412,0.411,0.411,0.411,0.411,0.411,0.411,0.411,0.411,0.411,0.412,0.412,0.412,0.412,0.413,0.413,0.414,0.414,0.415,0.416,0.416,0.417,0.418,0.418,0.419,0.419,0.419,0.42,0.42,0.42,0.421,0.422,0.422,0.423,0.423,0.424,0.424,0.425,0.425,0.426,0.426,0.427,0.427,0.428,0.429,0.429,0.429,0.43,0.431,0.432,0.432,0.433,0.433,0.434,0.435,0.435,0.435,0.435,0.435,0.435,0.434,0.434,0.434,0.433,0.433,0.432,0.432,0.431,0.43,0.43,0.429,0.429,0.429,0.429,0.429,0.429,0.43,0.43,0.431,0.432,0.433,0.434,0.435,0.436,0.437,0.438,0.438,0.439,0.44,0.44,0.441,0.441,0.442,0.443,0.443,0.444,0.445,0.446,0.447,0.448,0.449,0.45,0.451,0.451,0.452,0.453,0.454,0.455,0.455,0.456,0.457,0.457,0.458,0.459,0.459,0.46,0.461,0.461,0.462,0.462,0.463,0.463,0.463,0.464,0.465,0.465,0.466,0.466,0.467,0.468,0.469,0.47,0.472,0.474,0.476,0.478,0.479,0.481,0.483,0.485,0.487,0.489,0.489,0.488,0.488,0.488,0.488,0.489,0.489,0.49,0.49,0.492,0.494,0.496,0.498,0.499,0.5,0.501,0.502,0.503,0.503,0.503,0.504,0.505,0.505,0.505,0.506,0.507,0.507,0.507,0.508,0.508,0.509,0.509,0.51,0.51,0.509,0.509,0.508,0.507,0.507,0.506,0.505,0.503,0.502,0.502,0.503,0.503,0.503,0.504,0.505,0.506,0.507,0.507,0.508,0.51,0.511,0.513,0.515,0.516,0.519,0.52,0.522,0.523,0.525,0.526,0.527,0.528,0.528,0.527,0.528,0.528,0.528,0.528,0.528,0.528,0.529,0.53,0.531,0.532,0.533,0.534,0.536,0.537,0.539,0.54,0.541,0.542,0.543,0.544,0.546,0.547,0.549,0.552,0.554,0.556,0.559,0.561,0.563,0.565,0.565,0.567,0.569,0.571,0.573,0.576,0.58,0.587,0,0,0,0,0,0,0,0,0,0,0,0,0,0.637,0.64,0.644,0.647,0.65,0.652,0.654,0.657,0.659,0.662,0.664,0.665,0.667,0.669,0.671,0.672,0.675,0.678,0.681,0.684,0.685,0.688,0.691,0.694,0.696,0,0,0,3.104,3.136,3.168,3.184,3.218,3.252,3.286,3.304,3.322,3.34,3.34,3.34,3.34,3.322,3.322,3.322,3.322,3.304,0,0,0,0,0,0,0,0,0,0,0,0,0,0,0,0,0,0,0,0,0,0,0,0.682,0.68,0.68,0.679,0.678,0.678,0.677,0.676,0.677,0.677,0.678,0.678,0.678,0.679,0.68,0.681,0.682,0.682,0.683,0.684,0.684,0.684,0.683,0.683,0.682,0.681,0.681,0.681,0.68,0.681,0.683,0.684,0.685,0.687,0.689,0.69,0.691,0.692,0.693,0.693,0.693,0.693,0.693,0.692,0.692,0.692,0.694,0.694,0.694,0.696,0.697,0.698,0.699,0.7,0.702,0.702,0.704,0.706,0.708,0.71,0.714,0.718,0.721,0.726,0.729,0.732,0.734,0.737,0.74,0.742,0.744,0.746,0.747,0.748,0.749,0.751,0.753,0.754,0.756,0.757,0.758,0.76,0.761,0.762,0.763,0.765,0.767,0.769,0.771,0.774,0.778,0.783,0.788,0.793,0.798,0.802,0.808,0.812,0.814,0.815,0.817,0.818,0.822,0.824,0.827,0.829,0.832,0.836,0.84,0.843,0.848,0.851,0.855,0.857,0.861,0.863,0.867,0.873,0.879,0.887,0.895,0.902,0.912,0.921,0.928,0.934,0.938,0.943,0,0,0,0,0,0,0,0,0,0,0,0,0,0,0,0,0,5.079,5.079,5.079,5.079,5.121,5.121,5.121,5.079,5.037,0,0
0,0,0,0,0,0,0,0,0,0,0,0,0,0,0,0,0,0,0,0,0,0,0,0,0,0,0,0,0.8,0.801,0.8,0.8,0.801,0.801,0.802,0.802,0.803,0.805,0.805,0.808,0.809,0.81,0.812,0.813,0.814,0.815,0.816,0.818,0.819,0.821,0.823,0.824,0.825,0.826,0.826,0.826,0.826,0.826,0.826,0.826,0.825,0.825,0.826,0.826,0.827,0.828,0.829,0.832,0.834,0.836,0.838,0.841,0.843,0.845,0.848,0.85,0.852,0.854,0.855,0.857,0.858,0.861,0.862,0.863,0.866,0.867,0.868,0.87,0.872,0.872,0.873,0.874,0.875,0.877,0.879,0.884,0.888,0.893,0.898,0.905,0.912,0.92,0.928,0.937,0.945,0.954,0.963,0.969,0.977,0.983,0.988,0.991,0.994,0.994,0.994,0.994,0.994,0.994,0.994,0.994,0.994,0,0,0,0,0,0,0,0,0,0,0,0,0,0,0,0,0,0,0,0,0,0,0,0,0,0,0,0,0,0.415,0.414,0.413,0.412,0.412,0.412,0.412,0.411,0.411,0.411,0.411,0.411,0.411,0.412,0.412,0.412,0.412,0.413,0.413,0.414,0.414,0.415,0.416,0.416,0.417,0.418,0.418,0.419,0.419,0.419,0.42,0.42,0.421,0.421,0.422,0.422,0.422,0.423,0.424,0.424,0.425,0.425,0.426,0.426,0.427,0.428,0.428,0.429,0.429,0.429,0.43,0.431,0.431,0.432,0.433,0.433,0.434,0.435,0.435,0.435,0.436,0.436,0.435,0.435,0.435,0.435,0.434,0.434,0.433,0.433,0.432,0.431,0.431,0.43,0.43,0.43,0.43,0.43,0.43,0.43,0.431,0.432,0.432,0.433,0.434,0.435,0.436,0.437,0.438,0.439,0.439,0.44,0.44,0.441,0.441,0.442,0.442,0.443,0.444,0.445,0.446,0.447,0.447,0.448,0.449,0.45,0.451,0.452,0.453,0.453,0.454,0.455,0.456,0.456,0.457,0.458,0.458,0.459,0.46,0.46,0.461,0.462,0.462,0.463,0.463,0.463,0.464,0.465,0.465,0.465,0.466,0.467,0.468,0.469,0.469,0.471,0.472,0.474,0.476,0.477,0.479,0.481,0.482,0.485,0.487,0.488,0.488,0.488,0.488,0.488,0.488,0.489,0.49,0.491,0.492,0.494,0.496,0.498,0.499,0.5,0.501,0.502,0.503,0.503,0.504,0.505,0.505,0.505,0.506,0.506,0.507,0.507,0.507,0.508,0.509,0.509,0.509,0.51,0.51,0.51,0.509,0.509,0.508,0.508,0.507,0.506,0.505,0.504,0.503,0.503,0.503,0.503,0.504,0.504,0.505,0.505,0.507,0.507,0.508,0.51,0.511,0.513,0.514,0.516,0.518,0.519,0.52,0.522,0.524,0.525,0.526,0.527,0.527,0.527,0.527,0.528,0.528,0.528,0.528,0.528,0.529,0.53,0.532,0.533,0.534,0.534,0.536,0.538,0.539,0.541,0.541,0.542,0.544,0.545,0.547,0.549,0.551,0.553,0.556,0.558,0.561,0.563,0.565,0.566,0.567,0.569,0.569,0.571,0.574,0.577,0.58,0.588,0,0.602,0,0.612,0.616,0.617,0.618,0,0,0,0.627,0,0,0,0,0,0.644,0.647,0.649,0.652,0.655,0.657,0.66,0.663,0.664,0.667,0.668,0.67,0.672,0.674,0.676,0.679,0.681,0.684,0.687,0.689,0.691,0.694,0,0,0,3.104,3.12,3.152,3.184,3.218,3.252,3.286,3.304,3.322,3.34,3.358,3.358,3.358,3.34,3.34,3.34,3.322,0,0,0,0,0,0,0,0,0,0,0,0,0,0,0,0,0,0,0,0,0,0,0,0,0.682,0.681,0.68,0.679,0.678,0.678,0.677,0.677,0.677,0.678,0.678,0.678,0.679,0.68,0.681,0.681,0.682,0.683,0.684,0.684,0.684,0.684,0.684,0.683,0.682,0.682,0.681,0.681,0.681,0.683,0.684,0.686,0.687,0.689,0.691,0.692,0.693,0.694,0.694,0.694,0.694,0.694,0.694,0.694,0.693,0.694,0.694,0.695,0.696,0.697,0.698,0.699,0.7,0.702,0.702,0.703,0.705,0.707,0.71,0.712,0.715,0.719,0.721,0.726,0.73,0.732,0.735,0.738,0.741,0.744,0.746,0.749,0.749,0.75,0.752,0.754,0.755,0.757,0.758,0.759,0.76,0.761,0.762,0.762,0.763,0.765,0.767,0.769,0.771,0.774,0.778,0.783,0.788,0.794,0.799,0.803,0.809,0.813,0.815,0.817,0.818,0.821,0.823,0.825,0.827,0.83,0.833,0.837,0.84,0.844,0.848,0.852,0.856,0.858,0.862,0.866,0.869,0.875,0.882,0.889,0.896,0.905,0.913,0.923,0.93,0.934,0.94,0.943,0,0,0,0,0,0,0,0,0,0,0,0,0,0,0,0,0,0,4.996,5.037,5.037,4.996,5.037,4.996,4.996,4.956,0,0
0,0,0,0,0,0,0,0,0,0,0,0,0,0,0,0,0,0,0,0,0,0,0,0,0,0,0,0,0.8,0.799,0.799,0.799,0.8,0.8,0.8,0.8,0.802,0.802,0.803,0.804,0.807,0.808,0.809,0.811,0.812,0.813,0.815,0.817,0.818,0.821,0.822,0.824,0.825,0.826,0.827,0.827,0.827,0.827,0.827,0.827,0.826,0.826,0.826,0.827,0.827,0.828,0.83,0.832,0.834,0.836,0.837,0.84,0.842,0.845,0.847,0.849,0.851,0.854,0.855,0.857,0.858,0.861,0.862,0.863,0.866,0.867,0.868,0.87,0.872,0.873,0.874,0.875,0.875,0.878,0.88,0.883,0.887,0.891,0.896,0.901,0.908,0.915,0.923,0.931,0.94,0.95,0.959,0.966,0.974,0.982,0.986,0.991,0.994,0.994,0.994,0.994,0.994,0.994,0.994,0.994,0.994,0.994,0,0,0,0,0,0,0,0,0,0,0,0,0,0,0,0,0,0,0,0,0,0,0,0,0,0,0,0,0.416,0.415,0.414,0.413,0.413,0.413,0.412,0.412,0.412,0.412,0.412,0.412,0.412,0.412,0.412,0.413,0.413,0.413,0.414,0.414,0.415,0.416,0.416,0.417,0.418,0.418,0.419,0.419,0.42,0.42,0.42,0.421,0.421,0.422,0.422,0.422,0.423,0.424,0.424,0.425,0.425,0.426,0.426,0.427,0.428,0.428,0.429,0.429,0.429,0.43,0.43,0.431,0.432,0.432,0.433,0.434,0.435,0.435,0.435,0.436,0.436,0.436,0.436,0.436,0.436,0.435,0.435,0.434,0.434,0.433,0.433,0.432,0.432,0.431,0.431,0.431,0.431,0.431,0.431,0.432,0.432,0.433,0.434,0.435,0.436,0.436,0.437,0.438,0.439,0.439,0.44,0.441,0.441,0.441,0.442,0.442,0.443,0.444,0.444,0.445,0.446,0.447,0.448,0.449,0.45,0.451,0.451,0.452,0.453,0.454,0.455,0.455,0.456,0.457,0.458,0.458,0.459,0.46,0.46,0.461,0.461,0.462,0.462,0.463,0.463,0.463,0.464,0.465,0.465,0.466,0.467,0.468,0.468,0.469,0.471,0.471,0.473,0.474,0.476,0.477,0.478,0.481,0.482,0,0,0,0,0.488,0.487,0.488,0.488,0.489,0.49,0.492,0.493,0.495,0.497,0.498,0.5,0.501,0.502,0.503,0.504,0.504,0.505,0.505,0.506,0.506,0.507,0.507,0.507,0.508,0.508,0.509,0.509,0.51,0.51,0.51,0.51,0.51,0.51,0.509,0.509,0.508,0.507,0.506,0.505,0.504,0.503,0.503,0.503,0.503,0.504,0.505,0.505,0.506,0.507,0.507,0.508,0.51,0.511,0.513,0.513,0.515,0.517,0.519,0.52,0.522,0.523,0.525,0.526,0.526,0.527,0.527,0.527,0.527,0.527,0.527,0.528,0.529,0.53,0.531,0.533,0.533,0.534,0.536,0.536,0.538,0.54,0.541,0.543,0.545,0.546,0.548,0.549,0.551,0.553,0.556,0.558,0.56,0.562,0.564,0.566,0.567,0.568,0.569,0.57,0.572,0.575,0.578,0.582,0.589,0.596,0.603,0.608,0.612,0.615,0.616,0.618,0,0.62,0.623,0.625,0.628,0,0,0,0,0,0,0,0,0.653,0.656,0.658,0.662,0.663,0.665,0.667,0.669,0.671,0.672,0.675,0.677,0.68,0.682,0.685,0.687,0.691,0.694,0,0,3.088,3.136,3.168,3.184,3.201,3.235,3.286,3.322,3.34,3.358,3.358,3.377,3.377,3.377,3.358,3.358,3.358,3.34,0,0,0,0,0,0,0,0,0,0,0,0,0,0,0,0,0,0,0,0,0,0,0.685,0.684,0.682,0.681,0.679,0.679,0.678,0.678,0.678,0.678,0.677,0.678,0.678,0.679,0.679,0.68,0.681,0.681,0.683,0.683,0.683,0.684,0.684,0.684,0.684,0.683,0.682,0.682,0.682,0.681,0.682,0.684,0.685,0.687,0.689,0.69,0.692,0.693,0.694,0.694,0.694,0.694,0.694,0.695,0.695,0.694,0.694,0.695,0.696,0.697,0.698,0.698,0.698,0.7,0.701,0.702,0.703,0.704,0.706,0.708,0.71,0.713,0.716,0.72,0.722,0.726,0.729,0.732,0.736,0.738,0.741,0.744,0.747,0.748,0.749,0.751,0.753,0.754,0.756,0.758,0.759,0.76,0.761,0.762,0.762,0.763,0.764,0.766,0.768,0.77,0.772,0.774,0.778,0.783,0.788,0.794,0.799,0.803,0.809,0.812,0.814,0.816,0.817,0.818,0.821,0.823,0.826,0.829,0.832,0.836,0.84,0.845,0.85,0.855,0.857,0.862,0.864,0.868,0.873,0.879,0.884,0.892,0.9,0.908,0.917,0.926,0.933,0.937,0.94,0.943,0,0,0,0,0,0,0,0,0,0,0,0,0,0,0,0,0,0,4.917,4.917,4.917,4.917,4.917,4.917,4.877,0,0,0
0,0,0,0,0,0,0,0,0,0,0,0,0,0,0,0,0,0,0,0,0,0,0,0,0,0,0,0,0,0.798,0.798,0.797,0.798,0.798,0.798,0.798,0.799,0.8,0.801,0.803,0.804,0.805,0.807,0.809,0.81,0.812,0.813,0.815,0.817,0.819,0.821,0.823,0.824,0.825,0.827,0.827,0.827,0.828,0.827,0.827,0.827,0.827,0.828,0.828,0.829,0.829,0.83,0.833,0.834,0.836,0.837,0.84,0.841,0.843,0.845,0.848,0.85,0.852,0.854,0.856,0.858,0.86,0.862,0.863,0.866,0.867,0.868,0.87,0.872,0.874,0.874,0.877,0.878,0.878,0.88,0.883,0.886,0.889,0.893,0.898,0.904,0.91,0.917,0.926,0.934,0.944,0.954,0.962,0.971,0.979,0.985,0.99,0.993,0.993,0.993,0.993,0.993,0.993,0.993,0.993,0.993,0.993,0.993,0.991,0,0,0,0,0,0,0,0,0,0,0,0,0,0,0,0,0,0,0,0,0,0,0,0,0,0,0,0.415,0.414,0.414,0.414,0.413,0.413,0.413,0.413,0.413,0.412,0.412,0.412,0.413,0.413,0.413,0.414,0.414,0.414,0.415,0.415,0.416,0.416,0.417,0.418,0.419,0.419,0.419,0.42,0.42,0.421,0.421,0.422,0.422,0.422,0.423,0.424,0.424,0.425,0.425,0.426,0.426,0.427,0.428,0.428,0.429,0.429,0.43,0.43,0.43,0.431,0.432,0.432,0.433,0.434,0.434,0.435,0.436,0.436,0.436,0.437,0.437,0.436,0.436,0.436,0.436,0.436,0.435,0.435,0.434,0.433,0.433,0.432,0.432,0.432,0.432,0.432,0.432,0.432,0.433,0.434,0.434,0.435,0.436,0.437,0.438,0.438,0.439,0.44,0.44,0.441,0.441,0.441,0.441,0.442,0.442,0.443,0.444,0.445,0.446,0.447,0.447,0.448,0.449,0.45,0.451,0.452,0.453,0.454,0.454,0.455,0.456,0.457,0.457,0.458,0.459,0.459,0.46,0.46,0.461,0.462,0.462,0.463,0.463,0.463,0.464,0.465,0.465,0.466,0.467,0.467,0.468,0.469,0.47,0.471,0.472,0.473,0.475,0.476,0.478,0.478,0.48,0,0,0,0,0,0.488,0.487,0.488,0.488,0.489,0.491,0.492,0.494,0.496,0.498,0.5,0.501,0.502,0.503,0.504,0.504,0.505,0.506,0.506,0.507,0.507,0.508,0.508,0.508,0.509,0.509,0.51,0.51,0.51,0.51,0.51,0.511,0.511,0.51,0.51,0.509,0.508,0.507,0.507,0.506,0.505,0.503,0.504,0.504,0.504,0.505,0.505,0.505,0.506,0.507,0.508,0.508,0.51,0.511,0.512,0.513,0.514,0.516,0.518,0.519,0.521,0.523,0.524,0.525,0.526,0.526,0.526,0.527,0.527,0.527,0.527,0.528,0.528,0.53,0.531,0.533,0.533,0.535,0.535,0.537,0.539,0.541,0.542,0.544,0.546,0.548,0.549,0.552,0.553,0.556,0.558,0.56,0.562,0.564,0.565,0.567,0.569,0.569,0.57,0.572,0.574,0.578,0,0,0,0,0.605,0.608,0.611,0.614,0.615,0.616,0.617,0.618,0.62,0.623,0.625,0.628,0.63,0.634,0.636,0.64,0.642,0,0,0,0,0,0.66,0.662,0.664,0.666,0.668,0.669,0.672,0.673,0.676,0.678,0.681,0.684,0.687,0.691,0.694,0,0,0,3.152,3.168,3.201,3.218,3.252,3.304,3.34,3.358,3.377,3.377,3.395,3.395,3.377,3.377,0,0,0,0,0,0,0,0,0,0,0,0,0,0,0,0,0,0,0,0,0,0,0,0.689,0.687,0.686,0.684,0.682,0.681,0.68,0.679,0.679,0.678,0.678,0.678,0.678,0.678,0.678,0.679,0.679,0.68,0.681,0.681,0.682,0.683,0.684,0.684,0.684,0.684,0.684,0.684,0.683,0.683,0.682,0.683,0.683,0.685,0.686,0.688,0.69,0.691,0.694,0.694,0.695,0.695,0.695,0.695,0.695,0.696,0.695,0.696,0.696,0.696,0.698,0.698,0.698,0.699,0.7,0.701,0.702,0.703,0.704,0.706,0.707,0.71,0.711,0.715,0.717,0.72,0.722,0.726,0.73,0.732,0.735,0.738,0.74,0.744,0.746,0.748,0.749,0.751,0.753,0.755,0.758,0.759,0.761,0.762,0.762,0.763,0.763,0.764,0.765,0.766,0.768,0.771,0.773,0.775,0.778,0.783,0.789,0.794,0.799,0.803,0.808,0.811,0.812,0.814,0.815,0.817,0.818,0.822,0.824,0.827,0.83,0.835,0.838,0.844,0.85,0.855,0.86,0.863,0.867,0.87,0.875,0.882,0.889,0.896,0.904,0.912,0.921,0.928,0.934,0.938,0.941,0.944,0.947,0,0,0,0,0,0,0,0,0,0,0,0,0,0,0,0,0,4.839,4.839,4.839,4.839,4.839,4.801,4.801,0,0,0
0,0,0,0,0,0,0,0,0,0,0,0,0,0,0,0,0,0,0,0,0,0,0,0,0,0,0,0,0,0,0.797,0.796,0.797,0.797,0.797,0.797,0.799,0.799,0.8,0.801,0.802,0.803,0.805,0.807,0.809,0.81,0.812,0.813,0.815,0.817,0.819,0.822,0.824,0.825,0.826,0.827,0.827,0.828,0.828,0.828,0.828,0.828,0.829,0.829,0.83,0.83,0.832,0.833,0.834,0.836,0.837,0.838,0.841,0.842,0.844,0.847,0.849,0.851,0.852,0.855,0.857,0.86,0.862,0.863,0.864,0.867,0.868,0.87,0.873,0.874,0.877,0.878,0.879,0.88,0.882,0.884,0.886,0.889,0.892,0.896,0.9,0.906,0.912,0.92,0.928,0.938,0.948,0.957,0.965,0.974,0.98,0.985,0.988,0.99,0.991,0.991,0.991,0.991,0.991,0.993,0.993,0.991,0.991,0.991,0,0,0,0,0,0,0,0,0,0,0,0,0,0,0,0,0,0,0,0,0,0,0,0,0,0,0,0,0.415,0.414,0.414,0.414,0.414,0.413,0.414,0.414,0.413,0.413,0.413,0.413,0.414,0.414,0.414,0.414,0.415,0.415,0.416,0.416,0.417,0.418,0.418,0.419,0.419,0.42,0.42,0.421,0.421,0.422,0.422,0.422,0.423,0.424,0.424,0.424,0.425,0.426,0.426,0.427,0.428,0.428,0.429,0.429,0.43,0.43,0.43,0.431,0.431,0.432,0.432,0.433,0.434,0.435,0.436,0.436,0.437,0.437,0.437,0.437,0.437,0.437,0.437,0.436,0.436,0.436,0.435,0.435,0.434,0.433,0.433,0.433,0.432,0.432,0.433,0.433,0.434,0.434,0.435,0.436,0.436,0.437,0.438,0.439,0.44,0.44,0.441,0.441,0.441,0.442,0.442,0.442,0.442,0.443,0.443,0.444,0.445,0.446,0.447,0.448,0.448,0.449,0.451,0.451,0.452,0.453,0.454,0.455,0.456,0.457,0.457,0.458,0.458,0.459,0.46,0.46,0.461,0.461,0.462,0.462,0.463,0.463,0.464,0.465,0.465,0.466,0.467,0.467,0.468,0.469,0.47,0.471,0.472,0.473,0.474,0.476,0.477,0.478,0.479,0.481,0.482,0,0,0.487,0.487,0.487,0.487,0.488,0.489,0.49,0.492,0.494,0.495,0.497,0.499,0.5,0.502,0.503,0.504,0.504,0.505,0.506,0.507,0.507,0.507,0.508,0.509,0.509,0.509,0.51,0.51,0.51,0.51,0.511,0.511,0.511,0.511,0.511,0.51,0.51,0.509,0.508,0.508,0.507,0.506,0.505,0.504,0.504,0.505,0.505,0.505,0.505,0.506,0.507,0.507,0.508,0.509,0.51,0.511,0.512,0.513,0.514,0.516,0.518,0.519,0.521,0.523,0.524,0.525,0.526,0.526,0.526,0.526,0.527,0.527,0.527,0.527,0.528,0.529,0.531,0.533,0.533,0.534,0.536,0.537,0.54,0.542,0.544,0.546,0.549,0.55,0.552,0.553,0.556,0.557,0.56,0.562,0.563,0.565,0.567,0.569,0.57,0.571,0.572,0.574,0,0,0,0,0,0.604,0,0,0.613,0.615,0.616,0.617,0.617,0.618,0.62,0.622,0.625,0.626,0.628,0.631,0.634,0.638,0.64,0.643,0.646,0.65,0.652,0.656,0.659,0.662,0.663,0.665,0.667,0.669,0.671,0.672,0.675,0.677,0.679,0,0.686,0.69,0,0,0,3.152,3.168,3.201,3.218,3.235,3.286,3.322,3.358,3.395,3.395,3.414,3.414,3.414,3.414,3.414,0,0,0,0,0,0,0,0,0,0,0,0,0,0,0,0,0,0,0,0,0,0,0,0.689,0.688,0.686,0.684,0.683,0.682,0.681,0.68,0.679,0.679,0.678,0.678,0.678,0.678,0.678,0.679,0.68,0.681,0.681,0.682,0.683,0.684,0.684,0.684,0.684,0.684,0.684,0.684,0.683,0.683,0.683,0.684,0.684,0.686,0.687,0.689,0.691,0.693,0.693,0.694,0.695,0.695,0.695,0.695,0.696,0.696,0.697,0.697,0.697,0.698,0.699,0.699,0.7,0.701,0.702,0.702,0.703,0.705,0.706,0.707,0.71,0.711,0.714,0.716,0.719,0.72,0.723,0.726,0.73,0.732,0.735,0.737,0.74,0.743,0.745,0.748,0.749,0.75,0.753,0.755,0.758,0.759,0.761,0.762,0.763,0.764,0.764,0.765,0.766,0.767,0.769,0.771,0.773,0.775,0.778,0.783,0.789,0.794,0.798,0.801,0.805,0.809,0.811,0.812,0.813,0.814,0.816,0.819,0.822,0.825,0.828,0.834,0.837,0.844,0.85,0.856,0.861,0.866,0.869,0.874,0.879,0.886,0.893,0.901,0.908,0.916,0.926,0.933,0.937,0.94,0.943,0.944,0.947,0,0,0,0,0,0,0,0,0,0,0,0,0,0,0,0,0,0,0,0,0,4.764,4.764,4.727,0,0,0
0,0,0,0,0,0,0,0,0,0,0,0,0,0,0,0,0,0,0,0,0,0,0,0,0,0,0,0,0,0,0.797,0.796,0.797,0.797,0.796,0.796,0.798,0.799,0.8,0.801,0.802,0.803,0.804,0.805,0.807,0.809,0.81,0.812,0.814,0.816,0.818,0.819,0.822,0.824,0.826,0.827,0.828,0.828,0.829,0.829,0.829,0.829,0.829,0.83,0.832,0.832,0.833,0.834,0.835,0.836,0.837,0.838,0.84,0.842,0.842,0.844,0.847,0.848,0.85,0.852,0.855,0.857,0.86,0.862,0.864,0.867,0.868,0.872,0.874,0.875,0.877,0.879,0.88,0.882,0.883,0.884,0.886,0.888,0.891,0.895,0.898,0.902,0.909,0.915,0.923,0.931,0.941,0.951,0.959,0.966,0.974,0.98,0.983,0.985,0.988,0.988,0.988,0.99,0.99,0.99,0.991,0.991,0.99,0.991,0,0,0,0,0,0,0,0,0,0,0,0,0,0,0,0,0,0,0,0,0,0,0,0,0,0,0,0,0,0.415,0.415,0.415,0.414,0.415,0.414,0.414,0.414,0.414,0.414,0.414,0.414,0.414,0.414,0.415,0.415,0.416,0.416,0.417,0.418,0.418,0.419,0.419,0.42,0.42,0.421,0.421,0.422,0.422,0.422,0.423,0.423,0.424,0.424,0.425,0.426,0.426,0.427,0.428,0.428,0.429,0.429,0.43,0.43,0.43,0.431,0.431,0.432,0.432,0.433,0.434,0.434,0.435,0.436,0.436,0.437,0.437,0.437,0.437,0.437,0.437,0.437,0.437,0.436,0.436,0.435,0.435,0.434,0.434,0.433,0.433,0.433,0.433,0.434,0.434,0.435,0.435,0.436,0.437,0.438,0.439,0.44,0.44,0.441,0.441,0.442,0.442,0.442,0.442,0.442,0.442,0.443,0.443,0.444,0.445,0.446,0.447,0.447,0.448,0.449,0.45,0.451,0.452,0.453,0.454,0.455,0.456,0.456,0.457,0.458,0.458,0.459,0.459,0.46,0.46,0.461,0.461,0.462,0.462,0.463,0.463,0.464,0.465,0.466,0.466,0.467,0.468,0.469,0.47,0.471,0.472,0.473,0.474,0.475,0.476,0.478,0.479,0.48,0.481,0.482,0.484,0.485,0.487,0.487,0.487,0.488,0.489,0.489,0.49,0.492,0.495,0.497,0.498,0.5,0.501,0.503,0.503,0.504,0.505,0.506,0.507,0.507,0.508,0.508,0.509,0.509,0.51,0.51,0.51,0.51,0.511,0.511,0.511,0.512,0.512,0.512,0.512,0.511,0.51,0.51,0.509,0.508,0.507,0.506,0.505,0.505,0.505,0.505,0.505,0.506,0.506,0.507,0.507,0.508,0.509,0.509,0.51,0.512,0.513,0.513,0.515,0.516,0.518,0.519,0.521,0.523,0.524,0.525,0.525,0.526,0.526,0.526,0.526,0.526,0.526,0.527,0.528,0.529,0.531,0.533,0.534,0.535,0.536,0.538,0,0.544,0,0,0.552,0.553,0.554,0.556,0.558,0.559,0.562,0.563,0.565,0.567,0.569,0.57,0.572,0.572,0.573,0.577,0,0,0,0,0.604,0.608,0.61,0,0.614,0.616,0.616,0.618,0.618,0.619,0.62,0.621,0.623,0.625,0.627,0.63,0.632,0.636,0.638,0.642,0.645,0.649,0.652,0.655,0.658,0.66,0.662,0.664,0.666,0.668,0.669,0.672,0.673,0.675,0.677,0,0,0,0,0,0,3.184,3.201,3.235,3.252,3.269,3.304,3.358,3.395,3.414,3.433,3.433,3.433,3.453,0,0,0,0,0,0,0,0,0,0,0,0,0,0,0,0,0,0,0,0,0,0,0,0,0.691,0.69,0.689,0.687,0.685,0.684,0.683,0.681,0.681,0.68,0.68,0.679,0.679,0.678,0.679,0.679,0.68,0.681,0.681,0.681,0.683,0.683,0.684,0.684,0.684,0.684,0.684,0.684,0.684,0.684,0.684,0.684,0.684,0.685,0.687,0.687,0.689,0.691,0.692,0.694,0.694,0.694,0.694,0.694,0.695,0.696,0.697,0.697,0.698,0.698,0.7,0.701,0.701,0.702,0.703,0.704,0.704,0.706,0.706,0.707,0.709,0.71,0.713,0.715,0.717,0.72,0.721,0.724,0.726,0.729,0.732,0.735,0.737,0.74,0.742,0.745,0.747,0.748,0.75,0.752,0.755,0.758,0.761,0.762,0.764,0.765,0.766,0.766,0.767,0.767,0.768,0.769,0.771,0.773,0.775,0.778,0.782,0.787,0.792,0.796,0.8,0.803,0.808,0.81,0.812,0.813,0.813,0.814,0.817,0.821,0.823,0.826,0.832,0.836,0.843,0.85,0.856,0.861,0.866,0.87,0.877,0.883,0.889,0.898,0.905,0.913,0.921,0.93,0.935,0.94,0.941,0.944,0.945,0.948,0,0,0,0,0,0,0,0,0,0,0,0,0,0,0,0,0,0,0,0,0,0,0,0,0,0,0
0,0,0,0,0,0,0,0,0,0,0,0,0,0,0,0,0,0,0,0,0,0,0,0,0,0,0,0,0,0,0,0,0.798,0.797,0.798,0.797,0.798,0.799,0.8,0.801,0.802,0.802,0.803,0.805,0.805,0.807,0.809,0.81,0.812,0.814,0.816,0.818,0.821,0.823,0.825,0.826,0.827,0.828,0.829,0.829,0.829,0.83,0.83,0.832,0.832,0.833,0.834,0.835,0.836,0.836,0.838,0.838,0.84,0.841,0.841,0.843,0.844,0.845,0.848,0.85,0.852,0.856,0.858,0.861,0.864,0.867,0.869,0.872,0.874,0.877,0.878,0.879,0.882,0.882,0.884,0.886,0.887,0.888,0.891,0.893,0.897,0.901,0.905,0.912,0.917,0.926,0.935,0.943,0.951,0.96,0.968,0.972,0.979,0.98,0.983,0.985,0.986,0.988,0.988,0.99,0.99,0.99,0.99,0.99,0,0,0,0,0,0,0,0,0,0,0,0,0,0,0,0,0,0,0,0,0,0,0,0,0,0,0,0,0,0.416,0.416,0.416,0.416,0.416,0.415,0.415,0.415,0.415,0.415,0.415,0.415,0.415,0.415,0.416,0.416,0.416,0.417,0.417,0.418,0.418,0.419,0.42,0.42,0.42,0.421,0.421,0.422,0.422,0.423,0.423,0.424,0.424,0.425,0.425,0.426,0.427,0.427,0.428,0.429,0.429,0.429,0.43,0.43,0.431,0.431,0.431,0.432,0.432,0.433,0.434,0.435,0.436,0.436,0.437,0.437,0.438,0.438,0.438,0.438,0.437,0.437,0.437,0.436,0.436,0.436,0.435,0.434,0.434,0.434,0.433,0.434,0.434,0.434,0.435,0.435,0.436,0.437,0.438,0.438,0.44,0.44,0.441,0.441,0.442,0.442,0.442,0.442,0.442,0.443,0.443,0.443,0.443,0.444,0.445,0.446,0.447,0.448,0.449,0.45,0.451,0.452,0.453,0.454,0.455,0.455,0.456,0.457,0.457,0.458,0.459,0.459,0.459,0.46,0.46,0.461,0.461,0.462,0.462,0.463,0.464,0.465,0.465,0.466,0.467,0.468,0.469,0.47,0.471,0.472,0.473,0.474,0.475,0.476,0.477,0.479,0.479,0.48,0.482,0.483,0.484,0.485,0.487,0.487,0.487,0.488,0.489,0.49,0.491,0.493,0.495,0.498,0.499,0.5,0.502,0.503,0.504,0.505,0.506,0.506,0.507,0.508,0.508,0.509,0.51,0.51,0.51,0.51,0.511,0.511,0.511,0.512,0.512,0.512,0.513,0.513,0.512,0.511,0.51,0.51,0.509,0.509,0.507,0.507,0.505,0.505,0.505,0.506,0.506,0.506,0.507,0.507,0.508,0.508,0.509,0.51,0.511,0.512,0.513,0.513,0.515,0.516,0.518,0.519,0.521,0.523,0.524,0.525,0.525,0.526,0.526,0.526,0.526,0.526,0.526,0.527,0.528,0.529,0.531,0.533,0.534,0.536,0.538,0.54,0,0,0,0,0.554,0.555,0.557,0.558,0.56,0.561,0.563,0.565,0.567,0.568,0.57,0.572,0.573,0.574,0.575,0.579,0,0,0,0.603,0.609,0.612,0.614,0.615,0.616,0.617,0.618,0.619,0.62,0.62,0.621,0.623,0.625,0.626,0.628,0.63,0.633,0.636,0.639,0.642,0.645,0.648,0.652,0.654,0.657,0.659,0.661,0.664,0.665,0.667,0.669,0.669,0.672,0.672,0,0,0,0,0,0,0,0,3.235,3.269,3.286,3.304,3.34,3.377,3.414,3.453,3.453,3.472,3.472,0,0,0,0,0,0,0,0,0,0,0,0,0,0,0,0,0,0,0,0,0,0,0,0,0,0.691,0.69,0.689,0.687,0.686,0.684,0.683,0.682,0.681,0.681,0.68,0.68,0.679,0.679,0.679,0.68,0.68,0.681,0.681,0.682,0.684,0.684,0.684,0.684,0.684,0.685,0.686,0.686,0.685,0.684,0.685,0.685,0.686,0.687,0.688,0.689,0.69,0.691,0.692,0.692,0.693,0.693,0.694,0.694,0.695,0.696,0.697,0.698,0.699,0.701,0.702,0.703,0.703,0.704,0.705,0.706,0.706,0.706,0.707,0.708,0.71,0.712,0.714,0.716,0.718,0.72,0.721,0.723,0.726,0.728,0.732,0.734,0.736,0.739,0.742,0.745,0.746,0.748,0.75,0.753,0.756,0.76,0.762,0.763,0.765,0.766,0.768,0.769,0.769,0.769,0.769,0.771,0.772,0.773,0.775,0.778,0.782,0.787,0.791,0.795,0.799,0.803,0.807,0.809,0.811,0.811,0.812,0.813,0.815,0.817,0.821,0.823,0.827,0.832,0.838,0.845,0.852,0.858,0.864,0.868,0.875,0.883,0.892,0.9,0.909,0.916,0.924,0.934,0.938,0.941,0.944,0.945,0.948,0.948,0,0,0,0,0,0,0,0,0,0,0,0,0,0,0,0,0,0,0,0,0,0,0,0,0,0,0
0,0,0,0,0,0,0,0,0,0,0,0,0,0,0,0,0,0,0,0,0,0,0,0,0,0,0,0,0,0,0,0,0.797,0.797,0.797,0.797,0.799,0.799,0.8,0.801,0.802,0.802,0.803,0.804,0.804,0.805,0.808,0.809,0.811,0.813,0.815,0.817,0.819,0.822,0.823,0.825,0.827,0.828,0.829,0.829,0.83,0.83,0.832,0.833,0.833,0.834,0.835,0.836,0.836,0.837,0.837,0.838,0.838,0.84,0.84,0.842,0.843,0.844,0.845,0.848,0.85,0.854,0.856,0.858,0.862,0.864,0.867,0.872,0.874,0.877,0.879,0.88,0.883,0.883,0.884,0.887,0.888,0.889,0.892,0.893,0.897,0.9,0.904,0.909,0.915,0.921,0.928,0.937,0.944,0.951,0.959,0.966,0.971,0.975,0.979,0.98,0.983,0.986,0.988,0.99,0.99,0.99,0.99,0.99,0.99,0,0,0,0,0,0,0,0,0,0,0,0,0,0,0,0,0,0,0,0,0,0,0,0,0,0,0,0,0,0.417,0.417,0.416,0.416,0.416,0.416,0.416,0.416,0.416,0.416,0.416,0.416,0.416,0.416,0.416,0.417,0.417,0.418,0.418,0.419,0.419,0.42,0.42,0.421,0.421,0.422,0.422,0.422,0.423,0.423,0.424,0.424,0.425,0.426,0.426,0.427,0.428,0.428,0.429,0.429,0.43,0.43,0.43,0.431,0.431,0.431,0.432,0.433,0.433,0.434,0.435,0.436,0.436,0.437,0.438,0.438,0.438,0.438,0.438,0.438,0.437,0.437,0.436,0.436,0.436,0.435,0.434,0.434,0.434,0.434,0.434,0.434,0.434,0.435,0.436,0.436,0.437,0.438,0.439,0.44,0.441,0.441,0.442,0.442,0.442,0.443,0.443,0.443,0.443,0.443,0.443,0.444,0.444,0.445,0.446,0.447,0.448,0.449,0.45,0.451,0.452,0.453,0.454,0.455,0.456,0.457,0.457,0.458,0.458,0.459,0.459,0.46,0.46,0.461,0.461,0.462,0.462,0.463,0.463,0.464,0.465,0.466,0.467,0.468,0.469,0.47,0.471,0.472,0.473,0.474,0.475,0.476,0.477,0.478,0.479,0.481,0.482,0.482,0.483,0.484,0.485,0.486,0.487,0.488,0.489,0.489,0.49,0.492,0.494,0.496,0.498,0.5,0.5,0.502,0.503,0.504,0.505,0.506,0.507,0.507,0.508,0.509,0.51,0.51,0.511,0.511,0.511,0.512,0.512,0.512,0.513,0.513,0.513,0.513,0.513,0.513,0.512,0.51,0.51,0.509,0.508,0.508,0.507,0.506,0.505,0.505,0.506,0.506,0.507,0.507,0.507,0.508,0.509,0.51,0.51,0.511,0.512,0.513,0.514,0.515,0.516,0.518,0.519,0.521,0.523,0.524,0.525,0.526,0.526,0.526,0.527,0.527,0.527,0.527,0.527,0.528,0.53,0.532,0.533,0.535,0.537,0.539,0.542,0,0,0,0,0.557,0.558,0.559,0.56,0.561,0.563,0.565,0.566,0.569,0.57,0.572,0.574,0.575,0.576,0.579,0.584,0,0,0.602,0.608,0.615,0.615,0.617,0.618,0.618,0.619,0.62,0.62,0.621,0.622,0.623,0.624,0.626,0.627,0.629,0.632,0.634,0.637,0.64,0.643,0.646,0.649,0.652,0.654,0.657,0.659,0.661,0.663,0.664,0.666,0.668,0.669,0.67,0,0.673,0,0,0,0,0,0,0,3.304,3.322,3.34,3.358,3.377,3.414,3.453,3.492,3.512,3.512,0,0,0,0,0,0,0,0,0,0,0,0,0,0,0,0,0,0,0,0,0,0,0,0,0,0,0.691,0.69,0.69,0.688,0.687,0.684,0.683,0.682,0.681,0.681,0.681,0.68,0.68,0.68,0.68,0.681,0.681,0.681,0.682,0.683,0.684,0.684,0.685,0.685,0.686,0.686,0.687,0.687,0.686,0.685,0.686,0.686,0.687,0.687,0.688,0.689,0.69,0.691,0.691,0.692,0.692,0.693,0.694,0.694,0.695,0.697,0.698,0.699,0.701,0.702,0.703,0.704,0.705,0.706,0.706,0.706,0.707,0.707,0.708,0.709,0.71,0.713,0.715,0.717,0.719,0.72,0.722,0.724,0.726,0.728,0.732,0.734,0.737,0.74,0.742,0.744,0.747,0.748,0.75,0.753,0.756,0.76,0.762,0.763,0.765,0.767,0.769,0.77,0.77,0.77,0.77,0.771,0.772,0.773,0.776,0.778,0.782,0.788,0.792,0.796,0.799,0.802,0.805,0.808,0.81,0.81,0.811,0.812,0.814,0.816,0.818,0.821,0.825,0.828,0.835,0.841,0.848,0.854,0.86,0.864,0.87,0.879,0.889,0.9,0.909,0.919,0.928,0.937,0.941,0.944,0.947,0.947,0.948,0.95,0.951,0,0,0,0,0,0,0,0,0,0,0,0,0,0,0,0,0,0,0,0,0,0,0,0,0,0
0,0,0,0,0,0,0,0,0,0,0,0,0,0,0,0,0,0,0,0,0,0,0,0,0,0,0,0,0,0,0.798,0.797,0.797,0.798,0.798,0.798,0.799,0.799,0.8,0.801,0.802,0.802,0.803,0.804,0.804,0.805,0.807,0.808,0.81,0.812,0.814,0.816,0.818,0.821,0.823,0.824,0.826,0.827,0.828,0.829,0.83,0.832,0.833,0.833,0.834,0.834,0.835,0.836,0.837,0.837,0.837,0.838,0.838,0.84,0.84,0.841,0.842,0.843,0.844,0.845,0.849,0.851,0.855,0.857,0.86,0.863,0.867,0.87,0.873,0.877,0.878,0.88,0.883,0.884,0.886,0.888,0.889,0.891,0.891,0.893,0.896,0.898,0.901,0.905,0.91,0.916,0.923,0.93,0.937,0.944,0.95,0.959,0.965,0.969,0.974,0.977,0.98,0.983,0.986,0.988,0.99,0.988,0.99,0.99,0.99,0,0,0,0,0,0,0,0,0,0,0,0,0,0,0,0,0,0,0,0,0,0,0,0,0,0,0,0,0,0.418,0.418,0.418,0.417,0.417,0.417,0.417,0.416,0.416,0.416,0.416,0.416,0.416,0.417,0.417,0.417,0.418,0.418,0.419,0.419,0.419,0.42,0.421,0.421,0.422,0.422,0.422,0.422,0.423,0.423,0.424,0.424,0.425,0.426,0.427,0.427,0.428,0.429,0.429,0.43,0.43,0.43,0.431,0.431,0.432,0.432,0.432,0.433,0.434,0.434,0.435,0.436,0.437,0.437,0.438,0.438,0.438,0.438,0.438,0.438,0.437,0.437,0.436,0.436,0.436,0.435,0.434,0.434,0.434,0.434,0.434,0.434,0.434,0.435,0.435,0.436,0.437,0.438,0.439,0.44,0.441,0.441,0.442,0.442,0.442,0.443,0.443,0.443,0.443,0.443,0.443,0.444,0.445,0.445,0.446,0.447,0.448,0.449,0.45,0.451,0.453,0.454,0.455,0.456,0.457,0.457,0.458,0.459,0.459,0.459,0.46,0.46,0.461,0.461,0.461,0.462,0.462,0.463,0.464,0.465,0.466,0.467,0.468,0.469,0.47,0.471,0.473,0.473,0.475,0.475,0.476,0.478,0.478,0.479,0.48,0.481,0.482,0.483,0.484,0.485,0.485,0.487,0.487,0.488,0.489,0.49,0.491,0.492,0.494,0.496,0.498,0.499,0.5,0.502,0.503,0.504,0.505,0.506,0.507,0.508,0.509,0.51,0.51,0.511,0.511,0.511,0.512,0.512,0.513,0.513,0.513,0.513,0.513,0.513,0.513,0.513,0.512,0.511,0.51,0.51,0.509,0.508,0.507,0.506,0.506,0.506,0.506,0.507,0.507,0.507,0.508,0.508,0.509,0.51,0.51,0.511,0.512,0.513,0.513,0.515,0.516,0.518,0.519,0.521,0.523,0.524,0.525,0.526,0.526,0.526,0.527,0.527,0.527,0.527,0.528,0.528,0.53,0.533,0.534,0.536,0.538,0.541,0.544,0,0,0,0,0.559,0.56,0.56,0.562,0.563,0.564,0.566,0.568,0.571,0.572,0.574,0.575,0.578,0.579,0.582,0.587,0.593,0.6,0.606,0.611,0.616,0.616,0.618,0.618,0.619,0.62,0.621,0.622,0.623,0.624,0.625,0.626,0.628,0.63,0.632,0.634,0.636,0.639,0.642,0.644,0.647,0.65,0.652,0.654,0.657,0.659,0.662,0.663,0.664,0.667,0.668,0.669,0.671,0.672,0,0,0,0,0,0,0,3.322,3.34,3.358,3.377,3.395,3.433,3.472,3.512,3.532,3.552,3.573,3.594,0,0,0,0,0,0,0,0,0,0,0,0,0,0,0,0,0,0,0,0,0,0,0,0,0,0.691,0.691,0.69,0.688,0.687,0.685,0.684,0.683,0.682,0.681,0.681,0.681,0.68,0.68,0.681,0.681,0.681,0.682,0.683,0.683,0.684,0.685,0.686,0.686,0.686,0.687,0.687,0.687,0.686,0.686,0.686,0.686,0.687,0.687,0.689,0.689,0.69,0.691,0.691,0.691,0.692,0.692,0.693,0.694,0.695,0.697,0.699,0.7,0.701,0.702,0.704,0.705,0.706,0.706,0.707,0.707,0.708,0.708,0.709,0.71,0.712,0.714,0.716,0.718,0.72,0.72,0.721,0.724,0.726,0.729,0.732,0.734,0.736,0.739,0.742,0.744,0.746,0.747,0.749,0.751,0.754,0.757,0.76,0.762,0.763,0.766,0.767,0.769,0.768,0.769,0.769,0.77,0.771,0.773,0.776,0.778,0.782,0.787,0.791,0.795,0.798,0.801,0.804,0.807,0.809,0.809,0.81,0.811,0.813,0.814,0.816,0.818,0.823,0.825,0.829,0.834,0.837,0.843,0.849,0.854,0.86,0.87,0.884,0.896,0.913,0.923,0.933,0.94,0.945,0.947,0.948,0.948,0.95,0.951,0,0,0,0,0,0,0,0,0,0,0,0,0,0,0,0,0,0,0,0,0,0,0,0,55.87,0,0
0,0,0,0,0,0,0,0,0,0,0,0,0,0,0,0,0,0,0,0,0,0,0,0,0,0,0,0,0,0,0.798,0.798,0.798,0.799,0.799,0.799,0.8,0.8,0.801,0.802,0.802,0.803,0.803,0.803,0.804,0.805,0.807,0.808,0.81,0.811,0.813,0.816,0.817,0.819,0.822,0.824,0.826,0.827,0.828,0.829,0.83,0.832,0.833,0.834,0.834,0.835,0.835,0.836,0.837,0.837,0.838,0.837,0.838,0.838,0.84,0.838,0.84,0.842,0.843,0.844,0.848,0.85,0.852,0.855,0.858,0.861,0.864,0.869,0.872,0.874,0.877,0.879,0.883,0.884,0.886,0.887,0.889,0.891,0.891,0.892,0.895,0.897,0.898,0.902,0.906,0.912,0.919,0.924,0.931,0.937,0.944,0.951,0.959,0.965,0.969,0.974,0.977,0.98,0.985,0.986,0.988,0.988,0.988,0,0,0,0,0,0,0,0,0,0,0,0,0,0,0,0,0,0,0,0,0,0,0,0,0,0,0,0,0,0,0,0.419,0.418,0.418,0.418,0.418,0.418,0.418,0.417,0.417,0.417,0.417,0.417,0.417,0.417,0.417,0.418,0.418,0.418,0.419,0.419,0.419,0.42,0.421,0.421,0.421,0.422,0.422,0.422,0.423,0.423,0.424,0.424,0.425,0.426,0.427,0.428,0.428,0.429,0.429,0.43,0.43,0.431,0.431,0.431,0.432,0.432,0.432,0.433,0.434,0.435,0.436,0.436,0.437,0.438,0.438,0.438,0.438,0.438,0.438,0.438,0.437,0.437,0.436,0.436,0.435,0.435,0.434,0.434,0.433,0.433,0.434,0.434,0.434,0.435,0.435,0.436,0.437,0.438,0.439,0.44,0.44,0.441,0.442,0.442,0.442,0.443,0.443,0.443,0.443,0.443,0.443,0.444,0.445,0.446,0.446,0.447,0.448,0.449,0.45,0.452,0.453,0.455,0.456,0.457,0.458,0.458,0.459,0.459,0.46,0.46,0.46,0.461,0.461,0.461,0.462,0.462,0.463,0.464,0.465,0.466,0.466,0.467,0.469,0.47,0.471,0.472,0.473,0.474,0.475,0.476,0.477,0.478,0.479,0.48,0.481,0.482,0.483,0.484,0.484,0.485,0.486,0.487,0.488,0.489,0.49,0.49,0.492,0.493,0.495,0.496,0.498,0.499,0.5,0.501,0.502,0.503,0.505,0.505,0.507,0.508,0.509,0.51,0.511,0.511,0.512,0.512,0.513,0.513,0.513,0.513,0.513,0.514,0.513,0.513,0.513,0.513,0.512,0.51,0.51,0.509,0.509,0.508,0.507,0.506,0.506,0.506,0.507,0.507,0.507,0.507,0.508,0.509,0.509,0.51,0.51,0.511,0.512,0.513,0.513,0.514,0.516,0.517,0.519,0.52,0.522,0.523,0.525,0.526,0.526,0.527,0.527,0.527,0.527,0.527,0.528,0.529,0.53,0.533,0.534,0.536,0.539,0.542,0.545,0,0.552,0,0.558,0.561,0.561,0.562,0.563,0.564,0.566,0.567,0.57,0.572,0.574,0.577,0.579,0.581,0.583,0.586,0.591,0.597,0.603,0.608,0.612,0.615,0.616,0.618,0.618,0.62,0.62,0.622,0.623,0.623,0.625,0.626,0.628,0.63,0.632,0.634,0.636,0.639,0.642,0.644,0.647,0.65,0.651,0.653,0.656,0.658,0.66,0.662,0.664,0.666,0.667,0.669,0.67,0.672,0.672,0.674,0,0,0,0,0,3.34,3.358,3.377,3.395,3.414,3.433,3.472,3.512,3.552,3.573,3.594,3.615,3.636,3.658,0,0,0,0,0,0,0,0,0,0,0,0,0,0,0,0,0,0,0,0,0,0,0,0,0.691,0.691,0.691,0.689,0.687,0.685,0.684,0.683,0.683,0.681,0.681,0.681,0.681,0.681,0.681,0.681,0.682,0.682,0.683,0.684,0.685,0.686,0.686,0.686,0.687,0.687,0.687,0.687,0.687,0.686,0.686,0.687,0.687,0.688,0.688,0.688,0.689,0.69,0.691,0.691,0.691,0.692,0.692,0.694,0.695,0.698,0.699,0.701,0.702,0.704,0.705,0.706,0.706,0.707,0.707,0.708,0.709,0.709,0.71,0.71,0.713,0.715,0.716,0.718,0.72,0.72,0.722,0.724,0.726,0.729,0.732,0.734,0.736,0.739,0.74,0.742,0.743,0.743,0.746,0.749,0.751,0.754,0.757,0.759,0.762,0.763,0.765,0.767,0.766,0.767,0.768,0.768,0.77,0.772,0.774,0.777,0.78,0.786,0.791,0.795,0.798,0.801,0.804,0.807,0.808,0.809,0.809,0.811,0.811,0.812,0.813,0.814,0.817,0.818,0.821,0.823,0.824,0.827,0.832,0.834,0.84,0.85,0.869,0.892,0.916,0.926,0.935,0.943,0.947,0.948,0.95,0.951,0.951,0,0,0,0,0,0,0,14.292,15.364,0,0,0,21.949,24.583,27.935,32.346,36.151,40.971,43.897,43.897,43.897,47.274,51.214,55.87,55.87,55.87,61.456,0
0,0,0,0,0,0,0,0,0,0,0,0,0,0,0,0,0,0,0,0,0,0,0,0,0,0,0,0,0,0,0,0.799,0.799,0.8,0.8,0.8,0.801,0.802,0.803,0.804,0.804,0.805,0.804,0.805,0.805,0.807,0.807,0.808,0.81,0.811,0.813,0.815,0.817,0.819,0.822,0.824,0.825,0.826,0.828,0.829,0.83,0.832,0.833,0.834,0.835,0.836,0.836,0.836,0.836,0.837,0.837,0.838,0.838,0.838,0.838,0.838,0.84,0.841,0.842,0.843,0.847,0.849,0.851,0.854,0.856,0.86,0.862,0.866,0.869,0.872,0.874,0.878,0.879,0.882,0.884,0.886,0.888,0.889,0.891,0.892,0.893,0.896,0.897,0.9,0.904,0.908,0.913,0.92,0.927,0.933,0.938,0.947,0.954,0.96,0.965,0.971,0.974,0.977,0.982,0.983,0.985,0.985,0,0,0,0,0,0,0,0,0,0,0,0,0,0,0,0,0,0,0,0,0,0,0,0,0,0,0,0,0,0,0,0,0.42,0.419,0.419,0.419,0.419,0.419,0.418,0.418,0.418,0.418,0.418,0.418,0.418,0.418,0.418,0.418,0.418,0.419,0.419,0.419,0.42,0.42,0.421,0.421,0.421,0.422,0.422,0.423,0.423,0.424,0.424,0.425,0.426,0.426,0.427,0.428,0.429,0.429,0.43,0.43,0.431,0.431,0.431,0.432,0.432,0.432,0.433,0.434,0.434,0.435,0.436,0.437,0.437,0.438,0.438,0.438,0.438,0.438,0.438,0.438,0.437,0.437,0.436,0.436,0.435,0.434,0.434,0.433,0.433,0.433,0.433,0.433,0.434,0.434,0.435,0.436,0.436,0.437,0.438,0.439,0.44,0.441,0.441,0.442,0.442,0.443,0.443,0.443,0.443,0.443,0.444,0.444,0.445,0.446,0.447,0.448,0.449,0.449,0.45,0.452,0.453,0.455,0.456,0.457,0.458,0.459,0.46,0.46,0.46,0.46,0.461,0.461,0.461,0.461,0.462,0.463,0.463,0.464,0.465,0.466,0.467,0.469,0.47,0.471,0.472,0.473,0.474,0.475,0.476,0.477,0.478,0.479,0.48,0.481,0.482,0.483,0.484,0.484,0.485,0.486,0.487,0.487,0.489,0.489,0.49,0.491,0.492,0.494,0.495,0.497,0.498,0.499,0.5,0.501,0.502,0.503,0.504,0.506,0.507,0.508,0.509,0.51,0.511,0.512,0.513,0.513,0.513,0.513,0.514,0.514,0.514,0.514,0.514,0.514,0.513,0.513,0.512,0.51,0.51,0.509,0.509,0.508,0.507,0.506,0.506,0.506,0.507,0.507,0.507,0.508,0.508,0.508,0.509,0.51,0.51,0.51,0.511,0.512,0.513,0.514,0.515,0.517,0.519,0.52,0.522,0.523,0.524,0.526,0.526,0.527,0.527,0.527,0.528,0.528,0.528,0.529,0.532,0.533,0.535,0.537,0.54,0.543,0.547,0.55,0.553,0.556,0.558,0.561,0.562,0.563,0.564,0.566,0.567,0.57,0.572,0.574,0.577,0.58,0.582,0.584,0.587,0.591,0.596,0.6,0.605,0.609,0.613,0.615,0.616,0.617,0.618,0.619,0.621,0.622,0.623,0.624,0.625,0.627,0.629,0.631,0.634,0.636,0.638,0.642,0.644,0.647,0.65,0.652,0.654,0.656,0.658,0.66,0.662,0.664,0.665,0.667,0.669,0.671,0.672,0.674,0.675,0.676,0.678,0.681,0,0,3.377,3.395,3.414,3.433,3.453,3.472,3.492,3.512,3.552,3.594,3.615,3.636,3.658,3.68,3.702,3.725,0,0,0,0,0,0,0,0,0,0,0,0,0,0,0,0,0,0,0,0,0,0,0,0.693,0.692,0.691,0,0.687,0.685,0.684,0.684,0.683,0.682,0.682,0.682,0.681,0.681,0.681,0.682,0.683,0.684,0.684,0.684,0.686,0.686,0.687,0.687,0.687,0.687,0.687,0.687,0.686,0.685,0.686,0.687,0.687,0.687,0.688,0.689,0.689,0.69,0.691,0.691,0.691,0.692,0.692,0.693,0.695,0.698,0.699,0.701,0.702,0.703,0.705,0.706,0.706,0.707,0.708,0.709,0.71,0.71,0.71,0.711,0.714,0.715,0.717,0.719,0.72,0.721,0.722,0.725,0.727,0.73,0.732,0.735,0.737,0.739,0.74,0.741,0.741,0.742,0.744,0.746,0.749,0.752,0.754,0.757,0.76,0.762,0.764,0.764,0.764,0.765,0.765,0.767,0.768,0.77,0.772,0.776,0.78,0.786,0.79,0.794,0.798,0.802,0.804,0.807,0.808,0.809,0.809,0.81,0.811,0.81,0.81,0.811,0.811,0.811,0.811,0.81,0.811,0.812,0.815,0.814,0.817,0.83,0.847,0.867,0,0.93,0.94,0.947,0.95,0.95,0.951,0,0,0,0,0,0,13.076,13.36,13.657,14.632,14.989,16.173,17.559,19.205,21.192,23.637,26.72,30.728,34.142,38.41,40.971,40.971,40.971,43.897,47.274,51.214,51.214,51.214,55.87,0
0,0,0,0,0,0,0,0,0,0,0,0,0,0,0,0,0,0,0,0,0,0,0,0,0,0,0,0,0,0,0,0.8,0.8,0.801,0.801,0.802,0.802,0.803,0.804,0.805,0.807,0.807,0.807,0.807,0.808,0.808,0.809,0.81,0.811,0.812,0.814,0.816,0.817,0.819,0.821,0.823,0.825,0.826,0.828,0.829,0.83,0.832,0.833,0.833,0.834,0.836,0.837,0.836,0.837,0.838,0.838,0.838,0.838,0.84,0.838,0.838,0.84,0.841,0.842,0.843,0.845,0.848,0.85,0.851,0.855,0.857,0.86,0.862,0.866,0.868,0.87,0.873,0.875,0.878,0.88,0.883,0.886,0.887,0.888,0.889,0.892,0.895,0.896,0.898,0.901,0.905,0.912,0.917,0.924,0.928,0.934,0.943,0.95,0.956,0.962,0.966,0.971,0.974,0,0,0,0,0,0,0,0,0,0,0,0,0,0,0,0,0,0,0,0,0,0,0,0,0,0,0,0,0,0,0,0,0,0,0,0,0.42,0.42,0.42,0.419,0.419,0.419,0.419,0.419,0.418,0.418,0.418,0.418,0.418,0.418,0.418,0.418,0.419,0.419,0.419,0.42,0.42,0.421,0.421,0.421,0.422,0.422,0.422,0.423,0.423,0.424,0.424,0.425,0.426,0.427,0.428,0.429,0.429,0.43,0.43,0.431,0.431,0.432,0.432,0.432,0.432,0.433,0.433,0.434,0.435,0.436,0.436,0.437,0.438,0.438,0.438,0.439,0.439,0.438,0.438,0.437,0.437,0.436,0.436,0.435,0.435,0.434,0.434,0.433,0.433,0.432,0.433,0.433,0.433,0.434,0.434,0.435,0.436,0.437,0.438,0.439,0.44,0.441,0.441,0.442,0.442,0.443,0.443,0.443,0.443,0.444,0.444,0.445,0.445,0.446,0.447,0.448,0.449,0.45,0.451,0.453,0.455,0.456,0.457,0.458,0.459,0.46,0.46,0.461,0.461,0.461,0.461,0.461,0.461,0.462,0.462,0.463,0.463,0.465,0.466,0.467,0.468,0.469,0.471,0.472,0.473,0.474,0.476,0.476,0.477,0.478,0.479,0.48,0.481,0.482,0.482,0.483,0.484,0.485,0.486,0.486,0.487,0.488,0.489,0.49,0.491,0.492,0.493,0.494,0.496,0.497,0.498,0.499,0.5,0.501,0.502,0.503,0.504,0.506,0.507,0.508,0.51,0.51,0.512,0.513,0.513,0.513,0.514,0.514,0.514,0.515,0.515,0.514,0.514,0.514,0.514,0.513,0.512,0.511,0.51,0.509,0.508,0.508,0.507,0.506,0.506,0.506,0.507,0.507,0.507,0.508,0.508,0.508,0.508,0.509,0.509,0.51,0.511,0.511,0.512,0.513,0.515,0.516,0.519,0.52,0.522,0.523,0.524,0.525,0.526,0.527,0.527,0.528,0.528,0.528,0.529,0.531,0.533,0.535,0.537,0.539,0.541,0.545,0.548,0.551,0.554,0.556,0.558,0.561,0.562,0.564,0.565,0.567,0.569,0.571,0.573,0.577,0.579,0.582,0.585,0.588,0.591,0.595,0.599,0.603,0.607,0.61,0.612,0.615,0.616,0.617,0.618,0.619,0.621,0.622,0.623,0.625,0.626,0.628,0.63,0.632,0.635,0.638,0.641,0.644,0.647,0.65,0.652,0.654,0.656,0.658,0.659,0.662,0.663,0.665,0.667,0.668,0.67,0.672,0.674,0.675,0.677,0.678,0.68,0.682,0,0,3.414,3.433,3.453,3.453,3.472,3.492,3.512,3.552,3.594,3.636,3.658,3.68,3.702,3.725,3.747,3.77,3.794,3.794,0,0,0,0,0,0,0,0,0,0,0,0,0,0,0,0,0,0,0,0,0,0,0,0,0,0,0,0,0,0.683,0.683,0.683,0.682,0.681,0.682,0.682,0.683,0.683,0.684,0.684,0.685,0.687,0.687,0.687,0.687,0.687,0.687,0.687,0.687,0.686,0.685,0.686,0.686,0.687,0.686,0.688,0.688,0.689,0.69,0.691,0.692,0.691,0.692,0.693,0.694,0.695,0.698,0.7,0.702,0.703,0.704,0.705,0.706,0.707,0.708,0.709,0.71,0.71,0.711,0.712,0.713,0.715,0.717,0.718,0.72,0.721,0.723,0.725,0.728,0.731,0.734,0.737,0.74,0.74,0.742,0.742,0.743,0.742,0.743,0.744,0.746,0.749,0.751,0.754,0.756,0.759,0.762,0.763,0.764,0.765,0.765,0.766,0.767,0.769,0.77,0.773,0.776,0.78,0.785,0.79,0.794,0.798,0.801,0.804,0.805,0.808,0.809,0.81,0.81,0.81,0.808,0.807,0.805,0.804,0.802,0.799,0.797,0.796,0.796,0.797,0.796,0.799,0.809,0.825,0.842,0,0.931,0.941,0.947,0.951,0.951,0.953,0,0,0,0,0,12.542,12.803,13.36,13.36,13.967,14.632,15.758,16.61,18.075,19.825,21.949,24.583,27.935,32.346,36.151,36.151,38.41,38.41,40.971,43.897,47.274,47.274,51.214,55.87,0
0,0,0,0,0,0,0,0,0,0,0,0,0,0,0,0,0,0,0,0,0,0,0,0,0,0,0,0,0,0,0,0,0.802,0.803,0.803,0.803,0.804,0.805,0.805,0.807,0.807,0.808,0.808,0.808,0.809,0.809,0.809,0.811,0.812,0.813,0.815,0.816,0.818,0.819,0.822,0.823,0.825,0.826,0.828,0.829,0.83,0.832,0.833,0.833,0.834,0.835,0.837,0.837,0.838,0.838,0.84,0.84,0.84,0.84,0.84,0.841,0.841,0.842,0.842,0.843,0.845,0.848,0.849,0.851,0.854,0.856,0.857,0.86,0.862,0.864,0.866,0.867,0.87,0.873,0.875,0.878,0.88,0.884,0.886,0.887,0.889,0.892,0.893,0.897,0.901,0.904,0.909,0.915,0.92,0.926,0.931,0.94,0.947,0.954,0.959,0.963,0.968,0.974,0,0,0,0,0,0,0,0,0,0,0,0,0,0,0,0,0,0,0,0,0,0,0,0,0,0,0,0,0,0,0,0,0,0,0,0,0.421,0.421,0.421,0.42,0.42,0.42,0.419,0.419,0.419,0.419,0.419,0.419,0.419,0.419,0.419,0.419,0.419,0.419,0.42,0.42,0.42,0.421,0.421,0.422,0.422,0.422,0.422,0.423,0.424,0.424,0.425,0.426,0.426,0.427,0.428,0.429,0.429,0.43,0.431,0.431,0.432,0.432,0.432,0.432,0.433,0.433,0.434,0.435,0.435,0.436,0.437,0.437,0.438,0.438,0.439,0.439,0.439,0.438,0.438,0.437,0.437,0.436,0.436,0.435,0.435,0.434,0.433,0.433,0.432,0.432,0.432,0.432,0.433,0.433,0.434,0.435,0.436,0.437,0.438,0.439,0.44,0.441,0.441,0.442,0.442,0.443,0.443,0.443,0.443,0.444,0.444,0.445,0.446,0.447,0.448,0.448,0.449,0.45,0.451,0.453,0.455,0.456,0.458,0.459,0.46,0.46,0.461,0.461,0.462,0.462,0.462,0.462,0.462,0.462,0.463,0.463,0.464,0.466,0.467,0.468,0.469,0.471,0.472,0.473,0.475,0.476,0.476,0.478,0.478,0.479,0.48,0.481,0.482,0.482,0.483,0.484,0.485,0.485,0.486,0.487,0.487,0.489,0.489,0.49,0.492,0.492,0.494,0.495,0.496,0.497,0.498,0.499,0.5,0.501,0.502,0.503,0.504,0.506,0.507,0.508,0.51,0.511,0.512,0.513,0.514,0.514,0.515,0.515,0.515,0.515,0.515,0.515,0.515,0.514,0.514,0.513,0.512,0.511,0.51,0.509,0.508,0.507,0.507,0.506,0.506,0.506,0.507,0.507,0.507,0.507,0.507,0.508,0.508,0.508,0.509,0.509,0.51,0.511,0.512,0.513,0.514,0.516,0.518,0.519,0.521,0.523,0.524,0.525,0.526,0.526,0.527,0.528,0.528,0.529,0.53,0.532,0.534,0.536,0.538,0.54,0.543,0.546,0.549,0.552,0.554,0.556,0.558,0.561,0.563,0.564,0.566,0.568,0.57,0.572,0.575,0.579,0.581,0.585,0.588,0.591,0.596,0.598,0.602,0.605,0.608,0.611,0.613,0.615,0.616,0.617,0.618,0.619,0.621,0.622,0.623,0.625,0.626,0.628,0.631,0.634,0.637,0.64,0.643,0.646,0.65,0.652,0.654,0.657,0.659,0.659,0.662,0.663,0.664,0.667,0.668,0.669,0.671,0.674,0.675,0.677,0.678,0.68,0.681,0.683,0,0,3.433,3.453,3.472,3.492,3.492,3.512,3.552,3.594,3.615,3.636,3.68,3.702,3.725,3.747,3.77,3.794,3.794,0,0,0,0,0,0,0,0,0,0,0,0,0,0,0,0,0,0,0,0,0,0,0,0,0,0,0,0,0,0.684,0.684,0.683,0.683,0.682,0.682,0.682,0.683,0.683,0.684,0.684,0.685,0.686,0.687,0.687,0.687,0.687,0.688,0.688,0.688,0.687,0.686,0.685,0.685,0.686,0.686,0.687,0.688,0.689,0.69,0.691,0.692,0.692,0.693,0.693,0.693,0.694,0.695,0.698,0.7,0.702,0.703,0.704,0.706,0.706,0.707,0.709,0.71,0.71,0.712,0.713,0.714,0.715,0.717,0.719,0.72,0.722,0.724,0.726,0.729,0.732,0.735,0.739,0.741,0.743,0.745,0.746,0.745,0.745,0.744,0.744,0.744,0.746,0.748,0.75,0.753,0.755,0.759,0.761,0.763,0.764,0.764,0.765,0.766,0.767,0.769,0.77,0.774,0.776,0.78,0.785,0.789,0.794,0.798,0.801,0.804,0.807,0.809,0.81,0.81,0.811,0.81,0.808,0.804,0.802,0.799,0.796,0.792,0.788,0,0.782,0.783,0.782,0.779,0,0,0,0,0.933,0.944,0.948,0.953,0.953,0.953,0,0,0,0,0,11.596,12.05,12.291,12.542,13.076,13.657,14.292,15.364,16.61,18.075,19.825,21.949,25.607,29.265,32.346,32.346,32.346,30.728,30.728,30.728,34.142,34.142,34.142,32.346,36.151
0,0,0,0,0,0,0,0,0,0,0,0,0,0,0,0,0,0,0,0,0,0,0,0,0,0,0,0,0,0,0,0,0.803,0.804,0.804,0.805,0.805,0.805,0.807,0.808,0.809,0.809,0.809,0.81,0.81,0.811,0.811,0.812,0.813,0.814,0.815,0.817,0.818,0.821,0.822,0.824,0.825,0.826,0.828,0.829,0.83,0.832,0.833,0.833,0.834,0.835,0.836,0.837,0.838,0.838,0.84,0.841,0.841,0.841,0.842,0.842,0.842,0.843,0.843,0.844,0.847,0.848,0.849,0.851,0.852,0.855,0.856,0.857,0.858,0.86,0.861,0.862,0.864,0.866,0.868,0.87,0.874,0.877,0.879,0.882,0.884,0.887,0.891,0.893,0.897,0.901,0.905,0.912,0.916,0.92,0.927,0.934,0.941,0.948,0.953,0.959,0.963,0.969,0.974,0.979,0.98,0.982,0.982,0.983,0.983,0,0,0,0,0,0,0,0,0,0,0,0,0,0,0,0,0,0,0,0,0,0,0,0,0,0,0,0,0,0.422,0.422,0.421,0.421,0.421,0.42,0.42,0.42,0.42,0.419,0.419,0.419,0.419,0.419,0.419,0.419,0.42,0.42,0.42,0.42,0.421,0.421,0.421,0.422,0.422,0.422,0.423,0.423,0.424,0.425,0.426,0.426,0.427,0.428,0.429,0.429,0.43,0.431,0.431,0.432,0.432,0.432,0.432,0.433,0.433,0.434,0.435,0.435,0.436,0.436,0.437,0.438,0.438,0.438,0.439,0.439,0.439,0.439,0.438,0.438,0.437,0.436,0.436,0.435,0.434,0.434,0.433,0.432,0.432,0.432,0.432,0.432,0.432,0.433,0.434,0.435,0.436,0.437,0.438,0.439,0.44,0.441,0.441,0.442,0.442,0.443,0.443,0.443,0.444,0.444,0.445,0.445,0.446,0.447,0.448,0.449,0.449,0.45,0.451,0.453,0.455,0.457,0.458,0.459,0.46,0.461,0.462,0.462,0.462,0.462,0.462,0.462,0.462,0.463,0.463,0.465,0.466,0.467,0.468,0.469,0.471,0.473,0.474,0.475,0.476,0.477,0.478,0.479,0.479,0.48,0.481,0.482,0.482,0.483,0.484,0.485,0.485,0.486,0.487,0.487,0.488,0.489,0.49,0.491,0.492,0.493,0.494,0.495,0.496,0.498,0.498,0.499,0.5,0.5,0.502,0.503,0.504,0.505,0.507,0.509,0.51,0.512,0.513,0.514,0.515,0.515,0.515,0.516,0.516,0.516,0.516,0.516,0.516,0.515,0.514,0.513,0.512,0.511,0.51,0.509,0.508,0.507,0.507,0.506,0.506,0.507,0.507,0.507,0.507,0.507,0.507,0.507,0.507,0.508,0.508,0.508,0.509,0.51,0.511,0.512,0.513,0.516,0.518,0.519,0.521,0.522,0.523,0.524,0.525,0.526,0.527,0.527,0.528,0.53,0.531,0.533,0.535,0.538,0.54,0.541,0.544,0.547,0.55,0.552,0.554,0.556,0.558,0.561,0.563,0.565,0.567,0.569,0.571,0.574,0.577,0.58,0.584,0.588,0.591,0.594,0.598,0.601,0.604,0.607,0.61,0.612,0.613,0.615,0.616,0.617,0.618,0.62,0.621,0.623,0.624,0.626,0.627,0.63,0.632,0.635,0.638,0.642,0.645,0.648,0.652,0.654,0.657,0.659,0.66,0.662,0.663,0.664,0.666,0.667,0.669,0.67,0.672,0.675,0.677,0.679,0.681,0.682,0.684,0.686,0,0,0,3.472,3.492,3.492,3.512,3.532,3.552,3.594,3.636,3.68,3.702,3.725,3.747,3.77,3.794,3.817,0,0,0,0,0,0,0,0,0,0,0,0,0,0,0,0,0,0,0,0,0,0,0,0,0,0,0,0,0,0,0.685,0.684,0.684,0.684,0.684,0.682,0.682,0.683,0.684,0.684,0.685,0.686,0.687,0.687,0.687,0.688,0.688,0.688,0.688,0.687,0.687,0.686,0.685,0.686,0.685,0.687,0.687,0.687,0.689,0.69,0.692,0.692,0.694,0.694,0.694,0.694,0.694,0.696,0.699,0.702,0.702,0.703,0.705,0.706,0.707,0.708,0.71,0.711,0.711,0.713,0.715,0.715,0.716,0.719,0.72,0.723,0.726,0.727,0.73,0.733,0.738,0.74,0.744,0.747,0.749,0.749,0.75,0.749,0.748,0.747,0.746,0.747,0.748,0.749,0.75,0.752,0.755,0.758,0.761,0.762,0.763,0.764,0.764,0.766,0.767,0.769,0.771,0.774,0.776,0.78,0.785,0.79,0.794,0.798,0.801,0.805,0.808,0.809,0.811,0.812,0.81,0.809,0.804,0.801,0.798,0.795,0.79,0.785,0.781,0,0.775,0.773,0.772,0.769,0.767,0.763,0.764,0,0,0,0.951,0.953,0,0,0,0,0,0,0,11.174,11.596,11.819,12.05,12.542,13.36,13.967,14.632,15.364,16.173,17.559,19.205,21.949,22.762,23.637,22.762,21.949,21.192,21.192,21.949,22.762,21.192,21.192,21.192,23.637
0,0,0,0,0,0,0,0,0,0,0,0,0,0,0,0,0,0,0,0,0,0,0,0,0,0,0,0,0,0,0,0,0,0.805,0.805,0.805,0.807,0.807,0.808,0.808,0.809,0.81,0.81,0.811,0.812,0.812,0.813,0.814,0.815,0.816,0.817,0.819,0.821,0.822,0.823,0.824,0.825,0.827,0.828,0.829,0.83,0.832,0.833,0.833,0.834,0.835,0.836,0.837,0.838,0.84,0.841,0.842,0.842,0.843,0.843,0.843,0.844,0.845,0.845,0.847,0.848,0.849,0.85,0.851,0.852,0.854,0.854,0.855,0.856,0.856,0.857,0.858,0.86,0.861,0.863,0.864,0.867,0.87,0.873,0.875,0.879,0.882,0.886,0.889,0.895,0.898,0.902,0.908,0.912,0.917,0.921,0.93,0.935,0.943,0.948,0.953,0.957,0.965,0.971,0.975,0.977,0.98,0.982,0.983,0.985,0,0,0,0,0,0,0,0,0,0,0,0,0,0,0,0,0,0,0,0,0,0,0,0,0,0,0,0.427,0.423,0.422,0.422,0.422,0.421,0.421,0.421,0.421,0.421,0.42,0.42,0.42,0.42,0.42,0.42,0.42,0.42,0.42,0.42,0.421,0.421,0.421,0.422,0.422,0.422,0.422,0.422,0.423,0.424,0.424,0.425,0.426,0.427,0.428,0.429,0.429,0.43,0.431,0.431,0.432,0.432,0.432,0.433,0.433,0.434,0.434,0.435,0.435,0.436,0.436,0.437,0.437,0.438,0.439,0.439,0.439,0.439,0.439,0.439,0.438,0.438,0.437,0.437,0.436,0.435,0.435,0.434,0.433,0.433,0.432,0.432,0.432,0.432,0.432,0.433,0.434,0.435,0.436,0.437,0.438,0.439,0.44,0.441,0.441,0.442,0.442,0.443,0.443,0.444,0.444,0.444,0.445,0.446,0.447,0.448,0.448,0.449,0.45,0.45,0.452,0.454,0.455,0.457,0.458,0.459,0.46,0.461,0.462,0.462,0.462,0.462,0.462,0.462,0.463,0.463,0.464,0.465,0.466,0.468,0.469,0.471,0.472,0.474,0.475,0.476,0.477,0.478,0.479,0.479,0.48,0.481,0.482,0.482,0.483,0.484,0.485,0.485,0.486,0.487,0.487,0.488,0.489,0.489,0.49,0.491,0.492,0.494,0.494,0.496,0.497,0.498,0.498,0.499,0.5,0.5,0.501,0.503,0.504,0.506,0.507,0.509,0.511,0.512,0.513,0.515,0.515,0.516,0.516,0.516,0.517,0.517,0.517,0.516,0.516,0.516,0.515,0.514,0.512,0.511,0.51,0.509,0.508,0.507,0.507,0.506,0.506,0.506,0.506,0.506,0.506,0.507,0.507,0.507,0.507,0.507,0.507,0.508,0.508,0.51,0.51,0.512,0.513,0.515,0.517,0.519,0.52,0.521,0.523,0.523,0.524,0.525,0.526,0.526,0.527,0.529,0.531,0.533,0.536,0.539,0.541,0.543,0.545,0.548,0.55,0.552,0.554,0.556,0.558,0.561,0.563,0.565,0.567,0.569,0.572,0.575,0.579,0.583,0.586,0.59,0.594,0.598,0.601,0.604,0.607,0.609,0.611,0.613,0.614,0.615,0.616,0.618,0.619,0.62,0.621,0.623,0.625,0.626,0.628,0.63,0.633,0.636,0.64,0.643,0.646,0.65,0.653,0.656,0.659,0.66,0.662,0.663,0.664,0.665,0.667,0.669,0.67,0.672,0.673,0.676,0.679,0.681,0.683,0.684,0.686,0.688,0,0,0,3.472,3.492,3.492,3.512,3.532,3.573,3.615,3.636,3.68,3.702,3.725,3.747,3.77,3.794,0,0,0,0,0,0,0,0,0,0,0,0,0,0,0,0,0,0,0,0,0,0,0,0,0,0,0,0,0,0,0,0.685,0.684,0.684,0.684,0.684,0.683,0.683,0.684,0.684,0.685,0.685,0.686,0.687,0.687,0.688,0.688,0.688,0.689,0.688,0.688,0.687,0.686,0.686,0.686,0.685,0.687,0.687,0.688,0.689,0.691,0.692,0.694,0.694,0.694,0.695,0.695,0.695,0.697,0.699,0.701,0.702,0.703,0.704,0.705,0.707,0.708,0.71,0.711,0.712,0.714,0.715,0.716,0.718,0.72,0.723,0.726,0.727,0.73,0.734,0.739,0.743,0.746,0.749,0.751,0.754,0.754,0.755,0.754,0.752,0.75,0.749,0.749,0.749,0.749,0.75,0.752,0.754,0.757,0.76,0.762,0.762,0.763,0.764,0.766,0.767,0.769,0.771,0.773,0.776,0.78,0.785,0.79,0.795,0.799,0.803,0.807,0.809,0.81,0.811,0.811,0.811,0.809,0.803,0.798,0.794,0.791,0.785,0.781,0,0.772,0.769,0.767,0.765,0.763,0.762,0.761,0.76,0.76,0,0,0,0,0,0,0,0,0,0,0,11.174,11.596,11.596,12.05,12.803,13.076,13.657,14.292,14.632,14.632,15.364,16.173,16.61,16.61,16.173,15.364,14.292,14.292,14.292,14.632,15.758,15.364,15.364,15.758,17.071
0,0,0,0,0,0,0,0,0,0,0,0,0,0,0,0,0,0,0,0,0,0,0,0,0,0,0,0,0,0.805,0.805,0.805,0.805,0.805,0.807,0.807,0.807,0.808,0.808,0.809,0.81,0.811,0.811,0.812,0.812,0.813,0.815,0.815,0.816,0.817,0.818,0.821,0.822,0.823,0.824,0.825,0.826,0.827,0.828,0.829,0.83,0.832,0.833,0.834,0.834,0.835,0.836,0.837,0.838,0.84,0.841,0.842,0.843,0.844,0.844,0.845,0.847,0.847,0.847,0.848,0.849,0.849,0.85,0.851,0.852,0.854,0.852,0.854,0.855,0.855,0.856,0.856,0.858,0.86,0.861,0.863,0.866,0.868,0.872,0.874,0.877,0.88,0.884,0.888,0.892,0.896,0.901,0.906,0.91,0.916,0.92,0.926,0.931,0.938,0.943,0.947,0.95,0.957,0.963,0.969,0.972,0.974,0.977,0.979,0,0,0,0,0,0,0,0,0,0,0,0,0,0,0,0,0,0,0,0,0,0,0,0,0,0,0,0,0,0,0.422,0.422,0.422,0.422,0.421,0.421,0.421,0.421,0.421,0.421,0.421,0.421,0.421,0.421,0.421,0.421,0.421,0.421,0.421,0.422,0.422,0.422,0.422,0.422,0.423,0.423,0.424,0.424,0.425,0.426,0.427,0.428,0.429,0.429,0.43,0.431,0.431,0.432,0.432,0.432,0.433,0.433,0.434,0.434,0.435,0.435,0.436,0.436,0.437,0.437,0.438,0.438,0.439,0.439,0.439,0.44,0.439,0.439,0.439,0.438,0.438,0.437,0.436,0.436,0.435,0.434,0.434,0.433,0.433,0.432,0.432,0.432,0.433,0.434,0.435,0.436,0.437,0.438,0.439,0.44,0.441,0.441,0.442,0.442,0.443,0.443,0.444,0.444,0.444,0.445,0.446,0.446,0.447,0.448,0.449,0.449,0.45,0.451,0.451,0.453,0.455,0.457,0.458,0.459,0.46,0.461,0.462,0.462,0.463,0.463,0.463,0.463,0.463,0.463,0.465,0.466,0.467,0.469,0.471,0.472,0.474,0.475,0.476,0.477,0.478,0.479,0.479,0.481,0.481,0.482,0.482,0.483,0.484,0.485,0.485,0.486,0.487,0.487,0.487,0.488,0.489,0.49,0.491,0.492,0.493,0.494,0.495,0.496,0.497,0.498,0.499,0.499,0.5,0.5,0.501,0.503,0.504,0.506,0.507,0.509,0.511,0.513,0.514,0.516,0.516,0.517,0.517,0.517,0.517,0.518,0.518,0.517,0.517,0.516,0.515,0.514,0.513,0.511,0.51,0.509,0.508,0.507,0.507,0.506,0.506,0.506,0.506,0.506,0.506,0.506,0.507,0.507,0.507,0.507,0.507,0.508,0.508,0.509,0.51,0.511,0.513,0.515,0.516,0.518,0.519,0.521,0.522,0.523,0.523,0.524,0.524,0.525,0.526,0.529,0.532,0.533,0.536,0.539,0.541,0.543,0.545,0.548,0.55,0.552,0.553,0.555,0.558,0.561,0.563,0.565,0.567,0.57,0.573,0.577,0.58,0.585,0.589,0.593,0.597,0.601,0.604,0.607,0.608,0.61,0.612,0.613,0.614,0.615,0.616,0.618,0.62,0.621,0.623,0.624,0.625,0.627,0.629,0.631,0.634,0.637,0.64,0.644,0.647,0.65,0.654,0.657,0.659,0.661,0.662,0.664,0.665,0.667,0.669,0.67,0.672,0.673,0.675,0.678,0.682,0.684,0.685,0.687,0,0,0,0,0,3.472,3.492,3.512,3.532,3.552,3.573,3.594,3.636,3.658,3.702,3.702,3.725,3.747,3.77,3.77,3.77,0,0,0,0,0,0,0,0,0,0,0,0,0,0,0,0,0,0,0,0,0,0,0,0,0,0,0,0,0.687,0.686,0.685,0.685,0.684,0.684,0.683,0.684,0.684,0.684,0.685,0.686,0.687,0.687,0.688,0.688,0.689,0.688,0.689,0.688,0.687,0.687,0.685,0.685,0.685,0.685,0.686,0.687,0.688,0.69,0.691,0.694,0.694,0.696,0.697,0.696,0.696,0.697,0.698,0.7,0.702,0.703,0.703,0.704,0.706,0.707,0.708,0.71,0.711,0.713,0.715,0.717,0.718,0.72,0.723,0.726,0.728,0.732,0.734,0.738,0.742,0.748,0.751,0.754,0.757,0.76,0.76,0.76,0.759,0.756,0.754,0.751,0.75,0.75,0.75,0.75,0.751,0.753,0.756,0.759,0.761,0.762,0.762,0.763,0.765,0.767,0.769,0.771,0.774,0.776,0.78,0.785,0.789,0.794,0.799,0.803,0.807,0.808,0.81,0.811,0.811,0.81,0.808,0.801,0.796,0.791,0.787,0.782,0.777,0.773,0.768,0.766,0.763,0.761,0.759,0.758,0.757,0.756,0.756,0.755,0.755,0,0,0,0,0,0,0,0,0,10.974,11.381,11.596,11.819,12.542,12.803,13.36,13.657,13.36,13.076,13.076,12.803,12.803,12.291,11.819,11.381,10.782,10.782,10.782,10.974,11.819,11.596,11.596,11.819,12.291
0,0,0,0,0,0,0,0,0,0,0,0,0,0,0,0,0,0,0,0,0,0,0,0,0,0,0,0,0,0,0.807,0.807,0.805,0.807,0.807,0.808,0.808,0.808,0.808,0.809,0.811,0.811,0.812,0.813,0.814,0.815,0.816,0.817,0.818,0.819,0.821,0.822,0.823,0.824,0.825,0.826,0.827,0.828,0.829,0.83,0.832,0.833,0.833,0.834,0.835,0.836,0.837,0.838,0.838,0.84,0.842,0.842,0.843,0.844,0.845,0.847,0.847,0.848,0.849,0.849,0.85,0.85,0.851,0.851,0.852,0.852,0.854,0.854,0.854,0.855,0.855,0.856,0.857,0.86,0.862,0.863,0.866,0.868,0.87,0.873,0.877,0.879,0.883,0.887,0.892,0.896,0.901,0.906,0.909,0,0,0,0,0,0.937,0.941,0.947,0.951,0.957,0.962,0.965,0.968,0.971,0.972,0,0,0,0,0,0,0,0,0,0,0,0,0,0,0,0,0,0,0,0,0,0,0,0,0,0,0,0.43,0.426,0.423,0.422,0.422,0.422,0.422,0.421,0.421,0.421,0.421,0.421,0.421,0.421,0.421,0.421,0.422,0.422,0.422,0.422,0.422,0.422,0.422,0.423,0.423,0.423,0.423,0.424,0.424,0.425,0.426,0.426,0.427,0.428,0.429,0.429,0.43,0.431,0.431,0.432,0.432,0.432,0.433,0.433,0.434,0.434,0.435,0.436,0.436,0.436,0.437,0.438,0.438,0.439,0.439,0.439,0.44,0.44,0.44,0.44,0.44,0.439,0.439,0.438,0.437,0.437,0.436,0.436,0.435,0.434,0.434,0.433,0.433,0.433,0.433,0.434,0.435,0.436,0.436,0.438,0.439,0.44,0.441,0.441,0.442,0.442,0.443,0.443,0.443,0.444,0.444,0.445,0.445,0.446,0.447,0.448,0.449,0.449,0.45,0.45,0.451,0.452,0.453,0.455,0.457,0.458,0.459,0.46,0.461,0.462,0.462,0.463,0.463,0.463,0.463,0.463,0.464,0.465,0.467,0.468,0.47,0.471,0.473,0.475,0.476,0.477,0.478,0.479,0.479,0.481,0.481,0.482,0.482,0.483,0.484,0.484,0.485,0.485,0.486,0.487,0.487,0.488,0.489,0.489,0.49,0.491,0.492,0.494,0.495,0.496,0.497,0.498,0.498,0.499,0.5,0.5,0.501,0.502,0.503,0.505,0.507,0.508,0.51,0.512,0.513,0.515,0.516,0.517,0.517,0.518,0.518,0.518,0.519,0.519,0.518,0.518,0.517,0.516,0.515,0.513,0.512,0.51,0.509,0.508,0.507,0.507,0.507,0.506,0.506,0.507,0.507,0.507,0.507,0.507,0.507,0.507,0.507,0.507,0.508,0.509,0.51,0.51,0.512,0.513,0.515,0.517,0.519,0.52,0.521,0.522,0.523,0.523,0.523,0.524,0.524,0.525,0.528,0.531,0,0.537,0.539,0.542,0.544,0.545,0.548,0.55,0.552,0.553,0.555,0.558,0.561,0.563,0.566,0.569,0.571,0.575,0.579,0.583,0.587,0.591,0.595,0.599,0.603,0.606,0.608,0.609,0.611,0.612,0.613,0.614,0.615,0.617,0.618,0.62,0.621,0.623,0.624,0.626,0.627,0.63,0.632,0.635,0.638,0.642,0.645,0.648,0.651,0.654,0.658,0.66,0.662,0.663,0.664,0.666,0.667,0.669,0.671,0.672,0.675,0.676,0.68,0.686,0.687,0.69,0.692,0,0.698,0,0,0,3.453,3.472,3.492,3.512,3.532,3.552,3.594,3.615,3.658,3.68,3.702,3.725,3.725,3.747,3.747,0,0,0,0,0,0,0,0,0,0,0,0,0,0,0,0,0,0,0,0,0,0,0,0,0,0.691,0.692,0.69,0.688,0.687,0.687,0.686,0.685,0.685,0.684,0.684,0.684,0.684,0.685,0.685,0.686,0.687,0.687,0.687,0.688,0.689,0.688,0.689,0.688,0.687,0.687,0.685,0.685,0.685,0.685,0.686,0.686,0.688,0.69,0.693,0.694,0.696,0.698,0.698,0.698,0.697,0.698,0.699,0.701,0.702,0.703,0.703,0.704,0.706,0.707,0.709,0.71,0.713,0.715,0.717,0.72,0.721,0.725,0.726,0.73,0.732,0.735,0.739,0.742,0.747,0.751,0.756,0.759,0.761,0.763,0.764,0.764,0.762,0.76,0.757,0.755,0.753,0.751,0.75,0.75,0.751,0.753,0.756,0.759,0.761,0.762,0.762,0.764,0.765,0.767,0.769,0.771,0.774,0.777,0.78,0.784,0.789,0.793,0.798,0.802,0.804,0.807,0.809,0.809,0.809,0.808,0.804,0.798,0.792,0,0.783,0.778,0.774,0.769,0.766,0.762,0.761,0.758,0.756,0.756,0.755,0.755,0.754,0.754,0.753,0,0,0,0,0,0,0,0,0,10.974,11.174,11.381,11.819,12.291,12.542,13.076,12.803,12.05,11.596,11.174,10.782,10.416,0,0,0,0,0,0,8.779,9.312,9.312,0,9.455,9.912
0,0,0,0,0,0,0,0,0,0,0,0,0,0,0,0,0,0,0,0,0,0,0,0,0,0,0,0,0,0,0.807,0.807,0.808,0.808,0.808,0.809,0.809,0.809,0.809,0.81,0.811,0.812,0.813,0.814,0.815,0.816,0.817,0.818,0.819,0.821,0.822,0.823,0.824,0.825,0.826,0.827,0.828,0.829,0.83,0.832,0.832,0.833,0.834,0.835,0.836,0.837,0.838,0.838,0.84,0.841,0.842,0.843,0.844,0.845,0.847,0.848,0.848,0.849,0.849,0.85,0.851,0.851,0.852,0.852,0.854,0.854,0.852,0.854,0.854,0.855,0.856,0.857,0.858,0.86,0.862,0.864,0.866,0.869,0.872,0.874,0.877,0.88,0.884,0.889,0.893,0.897,0.902,0.905,0.909,0,0,0.921,0.924,0.93,0.934,0.937,0.943,0.948,0.953,0.957,0.96,0.962,0.965,0.966,0,0,0,0,0,0,0,0,0,0,0,0,0,0,0,0,0,0,0,0,0,0,0,0,0,0,0,0.43,0.426,0.424,0.422,0.422,0.422,0.422,0.421,0.421,0.421,0.422,0.422,0.422,0.422,0.422,0.422,0.422,0.422,0.422,0.423,0.423,0.423,0.423,0.423,0.424,0.424,0.424,0.424,0.425,0.426,0.426,0.427,0.428,0.429,0.43,0.43,0.431,0.431,0.432,0.432,0.432,0.433,0.433,0.434,0.434,0.435,0.435,0.436,0.436,0.437,0.438,0.438,0.439,0.439,0.44,0.44,0.44,0.44,0.44,0.44,0.44,0.44,0.439,0.439,0.438,0.438,0.437,0.436,0.436,0.435,0.435,0.434,0.434,0.434,0.435,0.435,0.436,0.437,0.438,0.439,0.44,0.441,0.441,0.442,0.442,0.443,0.443,0.444,0.444,0.444,0.445,0.446,0.446,0.447,0.447,0.448,0.449,0.449,0.45,0.45,0.451,0.452,0.453,0.455,0.456,0.458,0.459,0.46,0.461,0.462,0.462,0.463,0.463,0.463,0.463,0.464,0.465,0.466,0.467,0.469,0.471,0.472,0.473,0.475,0.477,0.478,0.479,0.479,0.48,0.481,0.482,0.482,0.483,0.484,0.484,0.485,0.485,0.486,0.487,0.487,0.488,0.489,0.489,0.49,0.491,0.492,0.493,0.494,0.495,0.496,0.497,0.498,0.499,0.499,0.5,0.5,0.501,0.503,0.504,0.505,0.507,0.509,0.511,0.512,0.514,0.516,0.517,0.517,0.518,0.519,0.519,0.519,0.519,0.519,0.519,0.519,0.517,0.516,0.515,0.514,0.512,0.511,0.51,0.508,0.507,0.507,0.507,0.507,0.507,0.507,0.507,0.507,0.507,0.507,0.507,0.507,0.507,0.507,0.508,0.51,0.51,0.512,0.513,0.514,0.516,0.518,0.519,0.52,0.521,0.522,0.523,0.523,0.523,0.523,0.524,0.525,0.528,0.531,0,0,0.54,0.542,0.544,0.546,0.548,0.55,0.552,0.553,0.555,0.558,0.561,0.564,0.566,0.57,0.571,0.575,0.58,0.584,0.588,0.593,0.597,0.601,0.605,0.608,0.609,0.61,0.611,0.612,0.613,0.615,0.616,0.617,0.619,0.62,0.622,0.623,0.625,0.626,0.628,0.63,0.633,0.636,0.639,0.642,0.646,0.648,0.651,0.654,0.657,0.659,0.662,0.663,0.664,0.666,0.668,0.669,0.671,0.673,0.675,0.678,0.681,0.689,0.691,0,0,0.699,0.703,0,0,3.433,3.453,3.453,3.472,3.492,3.532,3.552,3.573,3.594,3.636,3.658,3.658,3.68,3.68,3.68,3.702,0,0,0,0,0,0,0,0,0,0,0,0,0,0,0,0,0,0,0,0,0,0,0,0,0,0.691,0.692,0.69,0.689,0.688,0.687,0.686,0.686,0.684,0.684,0.684,0.684,0.684,0.685,0.686,0.686,0.687,0.687,0.687,0.688,0.689,0.688,0.688,0.688,0.687,0.687,0.685,0.685,0.685,0.685,0.685,0.687,0.689,0.691,0.693,0.696,0.698,0.698,0.699,0.698,0.698,0.699,0.7,0.701,0.702,0.703,0.703,0.704,0.706,0.707,0.709,0.71,0.714,0.717,0.72,0.723,0.726,0.729,0.732,0.734,0.736,0.74,0.742,0.747,0.751,0.756,0.759,0.762,0.764,0.767,0.767,0.767,0.765,0.762,0.76,0.757,0.755,0.753,0.752,0.752,0.752,0.754,0.758,0.761,0.762,0.763,0.764,0.766,0.768,0.769,0.772,0.773,0.775,0.777,0.78,0.784,0.787,0.791,0.795,0.799,0.803,0.804,0.805,0.805,0.805,0.803,0,0.794,0.788,0.784,0.778,0.775,0.771,0.768,0.765,0.762,0.761,0.758,0.757,0.756,0.756,0.755,0.754,0.754,0.754,0.753,0.752,0,0,0,0,0,0,0,0,10.782,10.974,11.381,0,12.05,12.291,11.596,0,0,0,8.907,8.536,8.086,0,0,0,7.316,7.23,7.316,7.779,7.682,7.779,0,8.194
0,0,0,0,0,0,0,0,0,0,0,0,0,0,0,0,0,0,0,0,0,0,0,0,0,0,0,0,0,0,0,0.808,0.809,0.808,0.809,0.809,0.81,0.809,0.81,0.811,0.812,0.813,0.813,0.814,0.815,0.817,0.818,0.819,0.821,0.822,0.823,0.824,0.825,0.826,0.827,0.828,0.829,0.83,0.832,0.832,0.833,0.834,0.835,0.836,0.837,0.838,0.838,0.84,0.841,0.842,0.843,0.844,0.845,0.847,0.848,0.848,0.849,0.85,0.85,0.851,0.852,0.852,0.854,0.854,0.855,0.855,0.855,0.856,0.856,0.857,0.858,0.86,0.861,0.862,0.864,0.866,0.868,0.87,0.874,0.877,0.879,0.883,0.887,0.891,0.896,0.9,0.904,0.906,0.909,0.912,0.916,0.919,0.921,0.924,0.928,0.931,0.935,0.941,0.947,0.95,0.953,0.954,0.956,0,0,0,0,0,0,0,0,0,0,0,0,0,0,0,0,0,0,0,0,0,0,0,0,0,0,0,0,0.429,0,0.423,0.423,0.422,0.422,0.422,0.422,0.422,0.422,0.422,0.422,0.422,0.422,0.422,0.422,0.423,0.423,0.423,0.423,0.424,0.424,0.424,0.424,0.424,0.425,0.425,0.426,0.426,0.427,0.427,0.429,0.429,0.43,0.431,0.431,0.432,0.432,0.432,0.433,0.433,0.433,0.434,0.434,0.435,0.436,0.436,0.436,0.437,0.438,0.438,0.439,0.439,0.439,0.44,0.44,0.44,0.44,0.441,0.441,0.44,0.44,0.44,0.439,0.439,0.439,0.438,0.437,0.437,0.436,0.436,0.436,0.436,0.436,0.436,0.437,0.438,0.439,0.44,0.441,0.441,0.442,0.442,0.443,0.443,0.443,0.444,0.444,0.444,0.445,0.445,0.446,0.446,0.447,0.448,0.449,0.449,0.45,0.45,0.451,0.451,0.452,0.454,0.455,0.457,0.458,0.459,0.46,0.461,0.462,0.462,0.463,0.463,0.463,0.464,0.464,0.465,0.466,0.467,0.469,0.471,0.472,0.474,0.475,0.477,0.478,0.479,0.48,0.481,0.481,0.482,0.483,0.483,0.484,0.485,0.485,0.486,0.487,0.487,0.488,0.488,0.489,0.489,0.49,0.491,0.492,0.493,0.494,0.495,0.496,0.498,0.498,0.499,0.5,0.5,0.501,0.502,0.503,0.505,0.506,0.508,0.51,0.511,0.513,0.515,0.516,0.517,0.518,0.519,0.519,0.519,0.52,0.52,0.52,0.52,0.519,0.519,0.517,0.516,0.514,0.513,0.512,0.51,0.509,0.508,0.507,0.507,0.507,0.507,0.507,0.507,0.507,0.507,0.507,0.507,0.507,0.508,0.508,0.51,0.511,0.511,0.513,0.513,0.515,0.516,0.518,0.52,0.521,0.522,0.523,0.523,0.523,0.523,0.523,0.524,0.525,0.528,0,0,0,0.54,0.542,0.545,0.547,0.549,0.551,0.552,0.554,0.556,0.559,0.562,0.565,0.567,0.571,0.573,0.577,0.581,0.585,0.59,0.594,0.599,0.603,0.607,0.608,0.61,0.61,0.612,0.612,0.613,0.615,0.616,0.618,0.62,0.621,0.623,0.624,0.626,0.628,0.63,0.631,0.634,0.636,0.64,0.643,0.646,0.648,0.652,0.654,0.657,0.659,0.661,0.663,0.664,0.667,0.668,0.67,0.672,0.673,0.676,0.679,0.684,0.693,0.695,0,0,0.706,0,0,3.395,3.395,3.414,3.433,3.453,3.472,3.492,3.512,3.552,3.573,3.594,3.615,3.636,3.636,3.636,3.658,3.658,3.636,0,0,0,0,0,0,0,0,0,0,0,0,0,0,0,0,0,0,0,0,0,0,0,0.691,0.691,0.691,0.69,0.689,0.688,0.687,0.687,0.686,0.686,0.685,0.684,0.684,0.685,0.685,0.686,0.687,0.687,0.687,0.688,0.688,0.689,0.688,0.689,0.688,0.687,0.687,0.686,0.685,0.685,0.685,0.686,0.687,0.689,0.691,0.694,0.697,0.698,0.699,0.699,0.7,0.699,0.7,0.701,0.702,0.702,0.703,0.703,0.704,0.706,0.707,0.709,0.711,0.715,0.719,0.722,0.726,0.729,0.732,0.735,0.738,0.74,0.744,0.747,0.75,0.755,0.759,0.762,0.766,0.768,0.77,0.77,0.77,0.767,0.764,0.762,0.76,0.757,0.755,0.755,0.754,0.754,0.756,0.76,0.762,0.764,0.766,0.767,0.769,0.771,0.773,0.774,0.776,0.778,0.78,0.782,0.784,0.787,0.789,0.791,0.797,0.799,0.801,0.8,0.801,0.8,0,0.794,0.789,0.784,0.78,0.777,0.773,0.77,0.767,0.765,0.763,0.762,0.76,0.758,0.757,0.756,0.756,0.755,0.754,0.754,0.753,0.752,0.751,0.751,0,0,0,0,0,0,0,10.596,10.974,11.174,11.596,11.819,10.782,0,0,0,0,7.146,6.753,6.538,6.402,6.271,6.208,6.146,6.208,6.469,6.469,6.538,0,0
0,0,0,0,0,0,0,0,0,0,0,0,0,0,0,0,0,0,0,0,0,0,0,0,0,0,0,0,0,0,0,0.809,0.809,0.809,0.81,0.81,0.81,0.81,0.811,0.811,0.812,0.813,0.814,0.815,0.816,0.817,0.818,0.819,0.821,0.822,0.824,0.825,0.825,0.827,0.828,0.829,0.83,0.832,0.833,0.834,0.835,0.836,0.837,0.837,0.838,0.84,0.841,0.842,0.842,0.843,0.844,0.845,0.847,0.848,0.849,0.849,0.85,0.851,0.851,0.852,0.852,0.854,0.854,0.855,0.856,0.857,0.858,0.858,0.858,0.86,0.862,0.863,0.863,0.864,0.867,0.868,0.87,0.873,0.875,0.879,0.882,0.886,0.889,0.895,0.898,0.902,0.905,0.908,0.908,0.91,0.913,0.915,0.917,0.919,0.923,0.926,0.93,0.935,0.941,0.945,0.947,0.95,0.951,0,0,0.957,0,0,0,0,0,0,0,0,0,0,0,0,0,0,0,0,0,0,0,0,0,0,0,0,0,0,0,0.423,0.423,0.422,0.422,0.422,0.422,0.422,0.422,0.422,0.422,0.422,0.422,0.423,0.423,0.423,0.424,0.424,0.424,0.424,0.424,0.424,0.425,0.425,0.426,0.426,0.426,0.427,0.428,0.429,0.429,0.43,0.431,0.431,0.432,0.432,0.432,0.433,0.433,0.433,0.434,0.434,0.435,0.435,0.436,0.436,0.437,0.437,0.438,0.439,0.439,0.439,0.44,0.44,0.44,0.44,0.441,0.441,0.441,0.441,0.441,0.44,0.44,0.44,0.44,0.439,0.438,0.438,0.438,0.437,0.437,0.437,0.437,0.438,0.438,0.439,0.44,0.441,0.442,0.442,0.443,0.443,0.443,0.444,0.444,0.444,0.445,0.445,0.445,0.446,0.447,0.447,0.448,0.448,0.449,0.45,0.45,0.451,0.451,0.452,0.453,0.454,0.456,0.457,0.458,0.459,0.46,0.461,0.462,0.462,0.463,0.463,0.463,0.464,0.465,0.465,0.466,0.468,0.469,0.471,0.472,0.474,0.476,0.477,0.478,0.479,0.48,0.481,0.482,0.482,0.483,0.484,0.485,0.485,0.486,0.486,0.487,0.487,0.488,0.489,0.489,0.49,0.49,0.492,0.493,0.494,0.495,0.496,0.497,0.498,0.499,0.5,0.5,0.501,0.502,0.503,0.504,0.505,0.507,0.509,0.51,0.512,0.514,0.516,0.517,0.518,0.519,0.519,0.52,0.52,0.52,0.521,0.521,0.52,0.52,0.519,0.518,0.517,0.515,0.514,0.512,0.511,0.51,0.509,0.508,0.508,0.508,0.508,0.508,0.508,0.508,0.508,0.508,0.508,0.509,0.509,0.51,0.511,0.511,0.513,0.513,0.515,0.516,0.517,0.519,0.521,0.522,0.523,0.523,0.523,0.523,0.524,0.524,0.524,0.525,0,0.531,0.533,0.537,0.54,0.543,0.545,0.547,0.549,0.551,0.553,0.554,0.557,0.56,0.563,0.566,0.569,0.571,0.573,0.578,0.583,0.586,0.591,0.596,0.6,0.604,0.607,0.61,0.61,0.611,0.612,0.613,0.614,0.615,0.616,0.618,0.62,0.622,0.623,0.625,0.626,0.628,0.63,0.632,0.634,0.637,0.64,0.643,0.646,0.649,0.651,0.654,0.657,0.659,0.661,0.663,0.664,0.667,0.669,0.671,0.673,0.675,0.677,0.681,0.687,0,0.701,0,0.708,0.713,0,0,3.358,3.377,3.395,3.395,3.414,3.453,3.472,3.492,3.512,3.532,3.552,3.573,3.573,3.594,3.594,3.594,3.594,3.594,0,0,0,0,0,0,0,0,0,0,0,0,0,0,0,0,0,0,0,0,0,0,0,0.691,0.692,0.691,0.691,0.689,0.689,0.687,0.687,0.687,0.686,0.685,0.685,0.685,0.685,0.686,0.687,0.687,0.687,0.687,0.688,0.689,0.689,0.688,0.689,0.688,0.688,0.687,0.687,0.686,0.686,0.686,0.687,0.688,0.691,0.692,0.694,0.697,0.699,0.7,0.701,0.701,0.701,0.702,0.702,0.703,0.703,0.704,0.704,0.705,0.706,0.707,0.71,0.712,0.717,0.721,0.725,0.729,0.732,0.735,0.738,0.741,0.744,0.748,0.75,0.755,0.758,0.762,0.764,0.767,0.77,0.772,0.771,0.771,0.768,0.766,0.762,0.761,0.759,0.757,0.757,0.756,0.756,0.758,0.762,0.764,0.767,0.769,0.77,0.772,0.774,0.776,0.777,0.779,0.78,0.782,0.783,0.784,0.786,0.788,0.79,0.794,0.796,0.796,0.795,0.795,0.795,0.792,0.788,0.784,0.78,0.777,0.773,0.771,0.769,0.767,0.765,0.763,0.762,0.761,0.759,0.758,0.757,0.756,0.756,0.755,0.754,0.752,0.751,0.75,0.75,0.749,0.747,0,0,0,0,0.744,0,0,0,0,0,0,0,0,0,6.538,6.085,5.909,5.744,5.638,5.537,5.487,5.439,5.487,5.638,5.638,5.69,5.744,0
0,0,0,0,0,0,0,0,0,0,0,0,0,0,0,0,0,0,0,0,0,0,0,0,0,0,0,0,0,0,0,0.809,0.809,0.81,0.81,0.81,0.81,0.811,0.811,0.812,0.813,0.814,0.814,0.815,0.816,0.817,0.819,0.821,0.822,0.823,0.824,0.825,0.826,0.828,0.829,0.83,0.832,0.833,0.834,0.835,0.836,0.837,0.838,0.84,0.841,0.842,0.843,0.843,0.844,0.845,0.847,0.848,0.848,0.849,0.85,0.85,0.851,0.852,0.852,0.854,0.854,0.854,0.855,0.856,0.858,0.86,0.861,0.862,0.863,0.864,0.867,0.868,0.869,0.869,0.87,0.87,0.873,0.875,0.879,0.882,0.884,0.888,0.892,0.897,0.901,0.904,0.908,0.908,0.909,0.912,0.912,0.915,0.916,0.916,0.919,0.921,0.924,0.931,0.935,0.938,0.943,0.945,0.947,0.95,0.954,0.956,0,0,0,0,0,0,0,0,0,0,0,0,0,0,0,0,0,0,0,0,0,0,0,0,0,0,0.425,0.423,0.423,0.423,0.422,0.422,0.422,0.422,0.422,0.422,0.422,0.423,0.423,0.423,0.424,0.424,0.424,0.424,0.425,0.425,0.425,0.426,0.426,0.426,0.426,0.427,0.428,0.428,0.429,0.429,0.43,0.431,0.431,0.432,0.432,0.432,0.432,0.433,0.433,0.433,0.434,0.434,0.435,0.435,0.436,0.437,0.437,0.438,0.438,0.439,0.439,0.44,0.44,0.44,0.44,0.441,0.441,0.441,0.441,0.441,0.441,0.441,0.441,0.441,0.441,0.44,0.44,0.439,0.439,0.438,0.438,0.439,0.439,0.439,0.44,0.441,0.441,0.442,0.443,0.443,0.444,0.444,0.444,0.444,0.445,0.445,0.445,0.445,0.446,0.446,0.447,0.447,0.448,0.449,0.449,0.45,0.45,0.451,0.452,0.452,0.453,0.454,0.456,0.457,0.458,0.46,0.461,0.461,0.462,0.463,0.463,0.463,0.464,0.464,0.465,0.465,0.467,0.468,0.469,0.471,0.473,0.475,0.476,0.478,0.479,0.48,0.481,0.481,0.482,0.482,0.484,0.484,0.485,0.485,0.486,0.487,0.487,0.488,0.488,0.489,0.49,0.49,0.491,0.492,0.493,0.494,0.495,0.496,0.497,0.498,0.499,0.5,0.501,0.502,0.503,0.504,0.505,0.507,0.508,0.51,0.511,0.513,0.514,0.516,0.517,0.519,0.519,0.52,0.52,0.521,0.521,0.521,0.521,0.521,0.521,0.519,0.518,0.517,0.516,0.515,0.513,0.512,0.51,0.509,0.509,0.509,0.509,0.508,0.509,0.509,0.509,0.509,0.509,0.509,0.51,0.51,0.511,0.512,0.513,0.514,0.515,0.516,0.517,0.518,0.52,0.521,0.523,0.523,0.524,0.524,0.524,0.524,0.524,0.525,0.526,0.528,0.531,0.533,0.537,0.54,0.543,0.546,0.547,0.549,0.551,0.553,0.555,0.558,0.561,0.564,0.567,0.57,0.572,0.574,0.579,0.584,0.588,0,0.597,0.601,0.606,0.609,0.61,0.611,0.612,0.612,0.613,0.614,0.616,0.617,0.619,0.621,0.623,0.625,0.626,0.628,0.629,0.631,0.633,0.635,0.638,0.64,0.643,0.646,0.648,0.65,0.653,0.656,0.658,0.66,0.663,0.664,0.667,0.669,0.672,0.674,0.676,0.679,0.684,0,0,0,0.711,0.717,0,0,3.322,3.34,3.358,3.377,3.377,3.395,3.414,3.433,3.453,3.472,3.492,3.512,3.532,3.532,3.552,3.552,3.552,3.552,3.552,0,0,0,0,0,0,0,0,0,0,0,0,0,0,0,0,0,0,0,0,0,0,0,0.691,0.691,0.691,0.691,0.69,0.689,0.687,0.687,0.687,0.686,0.686,0.685,0.685,0.686,0.687,0.687,0.687,0.687,0.688,0.688,0.688,0.689,0.688,0.689,0.688,0.688,0.687,0.687,0.687,0.686,0.687,0.687,0.689,0.691,0.693,0.694,0.698,0.699,0.701,0.701,0.702,0.702,0.702,0.703,0.704,0.704,0.705,0.705,0.706,0.706,0.708,0.71,0.713,0.718,0.723,0.726,0.731,0.734,0.738,0.741,0.744,0.747,0.749,0.753,0.756,0.76,0.762,0.765,0.768,0.77,0.771,0.771,0.77,0.768,0.766,0.763,0.761,0.759,0.758,0.757,0.757,0.758,0.76,0.763,0.766,0.769,0.771,0.772,0.774,0.775,0.777,0.779,0.779,0.781,0.782,0.783,0.785,0.786,0.787,0.789,0.792,0.794,0.793,0,0,0.791,0.788,0.785,0.782,0.778,0.775,0.772,0.771,0.769,0.766,0.765,0.764,0.762,0.761,0.76,0.759,0.758,0.756,0.755,0.755,0.754,0.752,0.751,0.75,0.749,0.748,0.747,0,0.745,0.744,0.744,0.745,0.745,0.746,0.749,0,0,0,0,0,0,5.909,5.587,5.439,5.344,5.298,5.208,5.121,5.121,5.121,5.208,5.208,5.208,5.208,0
0,0,0,0,0,0,0,0,0,0,0,0,0,0,0,0,0,0,0,0,0,0,0,0,0,0,0,0,0,0,0.808,0.808,0.809,0.809,0.809,0.809,0.81,0.811,0.812,0.813,0.814,0.815,0.815,0.817,0.817,0.819,0.819,0.821,0.822,0.824,0.825,0.826,0.827,0.828,0.83,0.832,0.833,0.834,0.836,0.837,0.838,0.838,0.84,0.841,0.842,0.843,0.844,0.845,0.847,0.848,0.849,0.85,0.851,0.852,0.852,0.852,0.852,0.854,0.855,0.855,0.855,0.855,0.857,0.858,0.861,0.862,0.864,0.867,0.868,0.87,0.872,0.873,0.874,0.874,0.875,0.877,0.878,0.88,0.883,0.886,0.888,0.893,0.896,0.901,0.905,0.908,0.91,0.912,0.913,0.915,0.915,0.916,0.919,0.917,0.919,0.92,0.924,0.93,0.933,0.937,0.94,0.941,0.945,0.948,0.951,0.953,0,0,0,0,0,0,0,0,0,0,0,0,0,0,0,0,0,0,0,0,0,0,0,0,0,0,0,0.423,0.422,0.422,0.422,0.422,0.422,0.422,0.422,0.422,0.422,0.423,0.423,0.423,0.424,0.424,0.424,0.425,0.425,0.425,0.426,0.426,0.426,0.427,0.427,0.428,0.428,0.429,0.43,0.43,0.431,0.431,0.432,0.432,0.432,0.432,0.433,0.433,0.433,0.434,0.434,0.435,0.435,0.436,0.436,0.437,0.437,0.438,0.439,0.439,0.44,0.44,0.44,0.441,0.441,0.441,0.441,0.441,0.441,0.441,0.441,0.441,0.441,0.441,0.441,0.441,0.441,0.44,0.44,0.44,0.44,0.44,0.441,0.441,0.442,0.442,0.443,0.443,0.444,0.444,0.444,0.444,0.445,0.445,0.445,0.445,0.446,0.446,0.446,0.447,0.448,0.448,0.449,0.449,0.45,0.45,0.451,0.451,0.452,0.453,0.454,0.455,0.456,0.458,0.459,0.46,0.461,0.462,0.462,0.463,0.463,0.464,0.464,0.464,0.465,0.466,0.467,0.468,0.469,0.471,0.473,0.475,0.476,0.478,0.479,0.48,0.481,0.482,0.482,0.483,0.484,0.484,0.485,0.486,0.486,0.487,0.487,0.488,0.489,0.49,0.49,0.491,0.492,0.493,0.494,0.495,0.496,0.497,0.498,0.499,0.5,0.501,0.502,0.503,0.504,0.505,0.506,0.507,0.509,0.511,0.512,0.514,0.515,0.517,0.518,0.519,0.52,0.52,0.521,0.521,0.522,0.522,0.522,0.522,0.521,0.52,0.519,0.518,0.517,0.516,0.514,0.513,0.511,0.51,0.51,0.51,0.51,0.51,0.51,0.51,0.51,0.51,0.51,0.51,0.511,0.512,0.513,0.513,0.514,0.515,0.516,0.517,0.519,0.52,0.521,0.523,0.523,0.524,0.525,0.526,0.525,0.526,0.526,0.526,0.527,0.529,0.532,0.534,0.537,0.54,0.543,0.546,0.547,0.549,0.552,0.554,0.557,0.559,0.562,0.565,0.568,0.571,0.573,0.575,0.579,0.584,0.588,0,0.598,0.603,0.607,0.61,0.612,0.612,0.612,0.613,0.613,0.615,0.616,0.618,0.62,0.622,0.624,0.625,0.627,0.628,0.63,0.632,0.634,0.636,0.638,0.64,0.644,0.646,0.648,0.65,0.652,0.655,0.657,0.659,0.662,0.664,0.667,0.67,0.672,0.675,0.677,0.68,0,0,0,0,0.72,0.726,0,0,0,3.322,3.34,3.34,3.358,3.358,3.395,3.414,3.433,3.453,3.453,3.472,3.472,3.492,3.492,3.492,3.492,3.492,3.492,0,0,0,0,0,0,0,0,0,0,0,0,0,0,0,0,0,0,0,0,0,0,0,0.692,0.692,0.692,0.691,0.69,0.689,0.688,0.687,0.687,0.687,0.686,0.686,0.686,0.686,0.687,0.687,0.687,0.688,0.688,0.688,0.689,0.69,0.689,0.689,0.689,0.688,0.688,0.687,0.687,0.687,0.687,0.688,0.691,0.691,0.693,0.694,0.697,0.699,0.7,0.702,0.702,0.702,0.703,0.704,0.704,0.704,0.705,0.706,0.706,0.707,0.709,0.711,0.714,0.719,0.725,0.728,0.732,0.737,0.74,0.743,0.746,0.748,0.751,0.754,0.757,0.76,0.762,0.765,0.768,0.77,0.77,0.77,0.769,0.767,0.765,0.763,0.762,0.76,0.759,0.759,0.759,0.76,0.762,0.765,0.768,0.771,0.772,0.774,0.775,0.776,0.778,0.78,0.78,0.781,0.782,0.783,0.784,0.786,0.787,0.789,0.791,0.791,0.791,0,0.788,0.786,0.785,0.782,0.779,0.775,0.773,0.771,0.769,0.768,0.766,0.764,0.764,0.762,0.762,0.76,0.759,0.758,0.756,0.755,0.755,0.753,0.751,0.75,0.749,0.749,0.748,0.747,0.746,0.745,0.744,0.744,0.745,0.746,0.747,0.75,0,0,0,0,0,0,5.537,5.298,5.253,5.208,5.208,5.164,5.079,5.037,5.037,5.037,5.037,5.079,5.037,0
0,0,0,0,0,0,0,0,0,0,0,0,0,0,0,0,0,0,0,0,0,0,0,0,0,0,0,0,0.808,0.807,0.807,0.807,0.808,0.808,0.809,0.809,0.81,0.811,0.812,0.813,0.815,0.815,0.816,0.817,0.818,0.819,0.821,0.822,0.823,0.824,0.825,0.826,0.828,0.829,0.83,0.833,0.834,0.836,0.837,0.838,0.84,0.841,0.842,0.843,0.844,0.847,0.847,0.848,0.85,0.85,0.852,0.854,0.854,0.855,0.855,0.856,0.855,0.855,0.855,0.855,0.856,0.857,0.858,0.86,0.863,0.866,0.868,0.87,0.873,0.875,0.878,0.879,0.88,0.882,0.883,0.883,0.884,0.887,0.889,0.892,0.895,0.898,0.902,0.906,0.909,0.912,0.915,0.916,0.916,0.917,0.919,0.919,0.92,0.921,0.921,0.923,0.927,0.931,0.935,0.938,0.943,0.945,0.948,0.951,0.954,0.957,0.957,0,0,0,0,0,0,0,0,0,0,0,0,0,0,0,0,0,0,0,0,0,0,0,0,0,0,0.422,0.422,0.422,0.422,0.422,0.422,0.422,0.422,0.422,0.423,0.423,0.423,0.424,0.424,0.424,0.425,0.425,0.426,0.426,0.426,0.427,0.427,0.428,0.428,0.429,0.429,0.429,0.43,0.431,0.431,0.432,0.432,0.432,0.432,0.433,0.433,0.433,0.434,0.434,0.434,0.435,0.436,0.436,0.437,0.437,0.438,0.438,0.439,0.44,0.44,0.44,0.441,0.441,0.441,0.441,0.441,0.441,0.442,0.442,0.442,0.442,0.442,0.442,0.442,0.442,0.442,0.442,0.442,0.442,0.442,0.442,0.442,0.442,0.443,0.443,0.444,0.444,0.445,0.445,0.445,0.445,0.445,0.445,0.446,0.446,0.446,0.446,0.447,0.447,0.448,0.448,0.449,0.449,0.45,0.45,0.451,0.451,0.452,0.453,0.454,0.456,0.457,0.458,0.459,0.46,0.461,0.462,0.462,0.463,0.463,0.464,0.464,0.465,0.465,0.466,0.467,0.468,0.469,0.471,0.473,0.474,0.476,0.477,0.479,0.48,0.481,0.482,0.482,0.483,0.484,0.484,0.485,0.486,0.487,0.487,0.488,0.489,0.489,0.49,0.491,0.492,0.492,0.493,0.494,0.495,0.496,0.498,0.499,0.5,0.501,0.502,0.503,0.504,0.505,0.506,0.507,0.509,0.51,0.512,0.513,0.514,0.516,0.517,0.519,0.519,0.52,0.521,0.521,0.522,0.522,0.522,0.522,0.522,0.522,0.52,0.519,0.519,0.518,0.516,0.515,0.513,0.513,0.511,0.511,0.511,0.511,0.511,0.511,0.51,0.511,0.511,0.511,0.511,0.512,0.513,0.514,0.515,0.516,0.516,0.517,0.519,0.52,0.521,0.523,0.524,0.525,0.526,0.526,0.527,0.528,0.527,0,0.528,0.529,0.531,0.533,0.534,0.537,0.54,0.543,0.546,0.548,0.55,0.552,0.555,0.558,0.561,0.564,0.566,0.569,0.572,0.573,0.576,0.581,0.586,0.591,0,0.601,0.606,0.61,0.613,0.613,0.613,0.613,0.614,0.615,0.616,0.618,0.619,0.621,0.623,0.625,0.626,0.628,0.63,0.632,0.633,0.635,0.636,0.639,0.641,0.644,0.646,0.648,0.65,0.652,0.654,0.657,0.659,0.662,0.664,0.668,0.67,0.673,0.675,0.679,0.681,0.688,0,0.713,0,0.724,0,0,0,3.304,3.304,3.322,3.322,3.322,3.34,3.377,3.377,3.395,3.414,3.414,3.433,3.433,3.433,3.453,3.453,3.453,3.453,3.453,3.433,0,0,0,0,0,0,0,0,0,0,0,0,0,0,0,0,0,0,0,0,0,0,0,0,0.691,0.691,0.69,0.689,0.688,0.687,0.687,0.687,0.686,0.686,0.686,0.686,0.687,0.687,0.687,0.688,0.688,0.688,0.689,0.69,0.689,0.689,0.689,0.688,0.689,0.689,0.687,0.687,0.687,0.689,0.691,0.692,0.694,0.694,0.697,0.699,0.7,0.701,0.702,0.702,0.703,0.704,0.704,0.705,0.705,0.706,0.706,0.707,0.71,0.711,0.715,0.719,0.725,0.729,0.733,0.738,0.741,0.744,0.747,0.749,0.752,0.754,0.757,0.76,0.762,0.764,0.766,0.768,0.769,0.769,0.767,0.766,0.764,0.762,0.761,0.759,0.759,0.759,0.761,0.762,0.762,0.766,0.77,0.772,0.773,0.774,0.776,0.777,0.778,0.781,0.781,0.782,0.783,0.784,0.786,0.786,0.787,0.787,0.79,0.79,0.789,0.786,0.785,0.784,0.782,0.78,0.777,0.775,0.772,0.771,0.769,0.768,0.766,0.764,0.763,0.762,0.762,0.76,0.759,0.758,0.756,0.755,0.754,0.752,0.751,0.75,0.749,0.749,0.747,0.746,0.746,0.745,0.745,0.746,0.746,0.747,0.749,0.753,0,0,0,0,0,0,5.439,5.208,5.208,5.164,5.164,5.121,5.037,4.996,4.996,4.956,4.956,4.917,0,0
0,0,0,0,0,0,0,0,0,0,0,0,0,0,0,0,0,0,0,0,0,0,0,0,0,0,0,0,0.807,0.807,0.805,0.807,0.807,0.808,0.807,0.808,0.809,0.81,0.812,0.814,0.815,0.815,0.816,0.818,0.818,0.819,0.821,0.822,0.823,0.824,0.825,0.827,0.828,0.829,0.832,0.833,0.835,0.837,0.838,0.84,0.842,0.843,0.844,0.845,0.847,0.849,0.85,0.851,0.852,0.854,0.856,0.857,0.857,0.858,0.857,0.857,0.857,0.857,0.856,0.857,0.857,0.858,0.861,0.862,0.866,0.868,0.872,0.875,0.878,0.879,0.882,0.884,0.886,0.887,0.888,0.889,0.891,0.893,0.896,0.898,0.901,0.905,0.908,0.912,0.915,0.917,0.919,0.92,0.921,0.921,0.921,0.923,0.924,0.924,0.926,0.928,0.931,0.935,0.938,0.943,0.947,0.948,0,0,0,0.96,0.962,0,0,0,0,0,0,0,0,0,0,0,0,0,0,0,0,0,0,0,0,0,0,0,0,0,0,0,0.423,0.423,0.423,0.423,0.422,0.422,0.423,0.423,0.423,0.423,0.423,0.424,0.424,0.424,0.425,0.425,0.426,0.426,0.426,0.427,0.428,0.428,0.429,0.429,0.429,0.43,0.431,0.431,0.431,0.432,0.432,0.432,0.432,0.433,0.433,0.434,0.434,0.434,0.435,0.436,0.436,0.437,0.437,0.438,0.438,0.439,0.439,0.44,0.44,0.441,0.441,0.441,0.441,0.441,0.441,0.441,0.442,0.442,0.442,0.442,0.443,0.443,0.443,0.443,0.443,0.443,0.443,0.444,0.444,0.444,0.444,0.444,0.444,0.444,0.445,0.445,0.445,0.445,0.446,0.446,0.446,0.446,0.446,0.447,0.447,0.447,0.448,0.448,0.448,0.449,0.449,0.45,0.45,0.451,0.451,0.452,0.453,0.454,0.455,0.456,0.457,0.458,0.459,0.461,0.461,0.462,0.463,0.463,0.463,0.464,0.464,0.465,0.465,0.466,0.467,0.468,0.469,0.471,0.473,0.474,0.476,0.478,0.479,0.48,0.481,0.482,0.482,0.483,0.484,0.485,0.485,0.486,0.487,0.487,0.488,0.489,0.49,0.491,0.491,0.492,0.493,0.494,0.495,0.496,0.497,0.498,0.499,0.5,0.502,0.503,0.504,0.505,0.506,0.507,0.508,0.51,0.511,0.512,0.514,0.515,0.517,0.518,0.519,0.52,0.521,0.521,0.522,0.522,0.522,0.523,0.523,0.523,0.522,0.521,0.52,0.519,0.518,0.517,0.516,0.515,0.513,0.513,0.512,0.512,0.512,0.512,0.512,0.512,0.512,0.512,0.513,0.513,0.513,0.514,0.515,0.516,0.517,0.518,0.519,0.519,0.521,0.523,0.524,0.526,0.527,0.528,0.528,0.529,0.529,0.529,0,0.53,0.532,0.533,0.534,0.536,0.538,0.541,0.544,0.546,0.548,0.551,0.554,0.556,0.559,0.562,0.565,0.568,0.571,0.573,0.574,0.577,0.582,0.588,0.593,0,0.604,0.61,0.613,0.616,0.615,0.616,0.615,0.616,0.616,0.618,0.619,0.62,0.622,0.623,0.625,0.626,0.628,0.63,0.632,0.634,0.636,0.637,0.639,0.642,0.644,0.646,0.648,0.65,0.652,0.654,0.656,0.659,0.663,0.665,0.668,0.672,0.675,0.677,0.681,0.684,0.691,0,0,0,0,0,0,0,0,3.286,3.304,3.304,3.304,3.322,3.358,3.358,3.377,3.377,3.395,3.395,3.395,3.395,3.414,3.414,3.414,3.414,3.395,0,0,0,0,0,0,0,0,0,0,0,0,0,0,0,0,0,0,0,0,0,0,0,0.692,0.692,0.692,0.691,0.69,0.689,0.687,0.687,0.687,0.687,0.686,0.687,0.686,0.687,0.687,0.687,0.688,0.688,0.689,0.689,0.689,0.69,0.689,0.689,0.689,0.689,0.689,0.689,0.688,0.688,0.689,0.69,0.691,0.693,0.694,0.695,0.697,0.699,0.7,0.701,0.702,0.702,0.703,0.704,0.704,0.705,0.706,0.707,0.708,0.709,0.71,0.713,0.716,0.72,0.726,0.73,0.734,0.738,0.74,0.744,0.747,0.749,0.751,0.754,0.756,0.759,0.761,0.762,0.765,0.766,0.767,0.766,0.765,0.764,0.762,0.762,0.761,0.759,0.76,0.761,0.762,0.763,0.764,0.768,0.771,0.773,0.775,0.776,0.777,0.778,0.779,0.781,0.782,0.783,0.784,0.785,0.787,0.787,0.786,0.786,0.787,0.787,0.786,0.784,0.782,0.78,0.779,0.777,0.775,0.774,0.771,0.77,0.768,0.767,0.766,0.764,0.763,0.762,0.761,0.76,0.759,0.757,0.756,0.754,0.753,0.751,0.75,0.749,0.749,0.748,0.747,0.746,0.746,0.745,0.746,0.747,0.747,0.749,0.751,0,0.759,0.762,0,0,0,0,0,0,5.164,5.121,5.121,5.037,4.996,4.956,4.917,4.877,4.877,0,0,0
0,0,0,0,0,0,0,0,0,0,0,0,0,0,0,0,0,0,0,0,0,0,0,0,0,0,0,0,0.807,0.804,0.804,0.804,0.805,0.807,0.807,0.807,0.808,0.81,0.812,0.813,0.815,0.815,0.816,0.817,0.818,0.819,0.821,0.822,0.823,0.824,0.826,0.827,0.828,0.83,0.832,0.834,0.836,0.838,0.84,0.842,0.843,0.844,0.847,0.848,0.85,0.851,0.854,0.855,0.856,0.857,0.86,0.86,0.861,0.861,0.861,0.86,0.858,0.858,0.858,0.858,0.86,0.861,0.862,0.864,0.868,0.872,0.875,0.878,0.88,0.883,0.886,0.887,0.888,0.891,0.891,0.892,0.893,0.896,0.898,0.901,0.905,0.908,0.912,0.915,0.919,0.921,0.923,0.923,0.924,0.924,0.926,0.927,0.928,0.93,0.931,0.934,0.937,0.941,0.944,0.948,0.951,0.954,0,0,0,0,0,0,0,0,0,0,0,0,0,0,0,0,0,0,0,0,0,0,0,0,0,0,0,0,0,0,0,0,0,0.423,0.423,0.423,0.423,0.423,0.423,0.423,0.423,0.423,0.424,0.424,0.424,0.424,0.425,0.425,0.426,0.426,0.427,0.427,0.428,0.428,0.429,0.429,0.43,0.43,0.431,0.431,0.432,0.432,0.432,0.432,0.433,0.433,0.434,0.434,0.434,0.435,0.436,0.436,0.436,0.437,0.438,0.438,0.439,0.439,0.44,0.44,0.44,0.441,0.441,0.441,0.441,0.441,0.442,0.442,0.442,0.443,0.443,0.443,0.444,0.444,0.444,0.445,0.445,0.445,0.445,0.445,0.445,0.445,0.445,0.445,0.445,0.445,0.445,0.446,0.446,0.446,0.446,0.446,0.446,0.447,0.447,0.447,0.447,0.448,0.448,0.448,0.449,0.449,0.45,0.45,0.45,0.451,0.451,0.452,0.453,0.454,0.455,0.457,0.458,0.459,0.46,0.461,0.462,0.462,0.463,0.463,0.463,0.464,0.465,0.465,0.466,0.466,0.467,0.468,0.47,0.471,0.473,0.475,0.476,0.478,0.479,0.48,0.481,0.482,0.483,0.484,0.484,0.485,0.486,0.486,0.487,0.488,0.489,0.489,0.49,0.491,0.492,0.493,0.494,0.494,0.496,0.496,0.498,0.499,0.5,0.501,0.503,0.504,0.505,0.506,0.507,0.508,0.51,0.511,0.512,0.513,0.515,0.516,0.517,0.519,0.52,0.52,0.521,0.522,0.522,0.522,0.523,0.523,0.523,0.523,0.523,0.521,0.52,0.52,0.519,0.518,0.517,0.516,0.515,0.514,0.514,0.514,0.514,0.513,0.513,0.513,0.513,0.513,0.513,0.513,0.514,0.514,0.516,0.516,0.517,0.518,0.519,0.521,0.523,0.524,0.526,0.527,0.528,0.529,0.53,0.53,0.531,0.531,0,0.532,0.533,0.533,0,0.536,0.539,0.541,0.545,0.547,0.549,0.552,0.555,0.558,0.561,0.564,0.567,0.57,0.572,0.574,0.576,0.579,0.584,0.59,0,0.603,0.609,0.614,0.618,0.619,0.618,0.618,0.618,0.618,0.619,0.62,0.621,0.622,0.623,0.625,0.626,0.627,0.629,0.631,0.633,0.635,0.636,0.638,0.64,0.642,0.645,0.646,0.648,0.65,0.652,0.654,0.657,0.659,0.663,0.666,0.669,0.672,0.675,0.678,0.681,0.685,0.693,0,0,0,0,0,0,0,0,3.269,3.286,3.286,3.304,3.304,3.34,3.34,3.358,3.377,3.377,3.358,3.377,3.358,3.377,3.358,3.358,3.358,0,0,0,0,0,0,0,0,0,0,0,0,0,0,0,0,0,0,0,0,0,0,0,0,0,0.693,0.691,0.691,0.69,0.688,0.688,0.687,0.687,0.687,0.687,0.687,0.686,0.687,0.687,0.688,0.688,0.689,0.689,0.689,0.69,0.69,0.689,0.689,0.689,0.69,0.69,0.69,0.689,0.689,0.69,0.691,0.692,0.693,0.694,0.694,0.696,0.699,0.7,0.701,0.702,0.702,0.703,0.704,0.705,0.705,0.706,0.708,0.709,0.71,0.712,0.715,0.718,0.722,0.726,0.731,0.734,0.738,0.74,0.744,0.747,0.749,0.751,0.754,0.756,0.758,0.76,0.762,0.763,0.764,0.765,0.764,0.763,0.763,0.762,0.761,0.761,0.76,0.761,0.762,0.762,0.764,0.766,0.769,0.772,0.774,0.776,0.777,0.777,0.778,0.78,0.782,0.782,0.784,0.785,0.787,0.787,0.786,0.787,0.786,0.785,0.784,0.783,0.78,0.779,0.777,0.776,0.774,0.774,0.772,0.77,0.769,0.768,0.766,0.765,0.764,0.762,0.762,0.761,0.759,0.757,0.756,0.755,0.754,0.752,0.751,0.75,0.749,0.749,0.748,0.747,0.746,0.746,0.746,0.747,0.747,0.749,0.75,0,0,0.76,0.762,0.764,0.766,0,0,0,0,0,5.079,5.037,4.996,4.956,4.917,4.877,4.877,0,0,0,0
0,0,0,0,0,0,0,0,0,0,0,0,0,0,0,0,0,0,0,0,0,0,0,0,0,0,0,0.805,0.804,0.803,0.803,0.804,0.804,0.804,0.805,0.807,0.808,0.809,0.812,0.813,0.815,0.816,0.817,0.818,0.819,0.821,0.821,0.822,0.823,0.825,0.826,0.827,0.828,0.83,0.833,0.835,0.836,0.838,0.841,0.843,0.845,0.848,0.849,0.851,0.852,0.855,0.856,0.858,0.861,0.862,0.863,0.863,0.863,0.863,0.863,0.862,0.861,0.86,0.86,0.861,0.861,0.862,0.864,0.867,0.872,0.874,0.879,0.883,0.886,0.888,0.889,0.891,0.892,0.893,0.893,0.895,0.896,0.898,0.9,0.904,0.906,0.91,0.913,0.917,0.92,0.923,0.926,0.927,0.928,0.928,0.93,0.931,0.934,0.937,0.938,0.941,0.944,0.948,0.953,0.957,0.96,0.962,0.966,0,0.969,0,0,0,0,0,0,0,0,0,0,0,0,0,0,0,0,0,0,0,0,0,0,0,0,0,0,0,0,0,0,0.424,0.424,0.424,0.424,0.423,0.423,0.423,0.423,0.423,0.424,0.424,0.424,0.424,0.425,0.425,0.426,0.426,0.426,0.427,0.428,0.429,0.429,0.429,0.43,0.431,0.431,0.431,0.432,0.432,0.432,0.433,0.433,0.434,0.434,0.434,0.435,0.436,0.436,0.436,0.437,0.437,0.438,0.439,0.439,0.44,0.44,0.44,0.441,0.441,0.441,0.441,0.441,0.442,0.442,0.443,0.443,0.444,0.444,0.445,0.445,0.446,0.446,0.446,0.446,0.446,0.446,0.446,0.446,0.446,0.446,0.446,0.446,0.446,0.446,0.446,0.447,0.447,0.447,0.447,0.447,0.447,0.448,0.448,0.448,0.448,0.448,0.449,0.449,0.449,0.45,0.45,0.45,0.451,0.451,0.452,0.453,0.454,0.456,0.457,0.458,0.459,0.461,0.461,0.462,0.463,0.463,0.463,0.464,0.464,0.465,0.465,0.466,0.466,0.467,0.468,0.47,0.472,0.473,0.475,0.477,0.478,0.479,0.48,0.481,0.482,0.483,0.484,0.484,0.485,0.486,0.487,0.487,0.488,0.489,0.49,0.491,0.492,0.492,0.493,0.494,0.495,0.496,0.497,0.498,0.5,0.5,0.502,0.503,0.505,0.506,0.507,0.508,0.51,0.51,0.512,0.513,0.515,0.516,0.517,0.518,0.519,0.52,0.521,0.522,0.522,0.522,0.523,0.523,0.523,0.523,0.523,0.523,0.522,0.521,0.52,0.52,0.519,0.518,0.517,0.516,0.515,0.516,0.515,0.515,0.515,0.515,0.514,0.514,0.514,0.514,0.514,0.514,0.515,0.516,0.516,0.518,0.519,0.52,0.521,0.523,0.525,0.527,0.528,0.53,0.531,0.531,0.532,0.532,0.533,0,0.532,0.533,0.534,0,0.536,0.539,0.542,0.546,0.549,0.551,0.555,0.558,0.561,0.563,0.566,0.569,0.572,0.573,0.575,0.577,0.581,0.585,0,0,0,0.612,0.617,0.62,0.621,0.621,0.621,0.62,0.621,0.621,0.622,0.623,0.623,0.625,0.626,0.627,0.628,0.63,0.632,0.634,0.635,0.638,0.639,0.641,0.643,0.646,0.647,0.648,0.65,0.652,0.654,0.657,0.66,0.664,0.667,0.67,0.673,0.676,0,0.683,0.686,0,0,0,0,0,0,0,0,0,3.252,3.252,3.269,3.269,3.286,3.304,3.34,3.34,3.358,3.358,3.358,3.358,3.34,3.34,3.34,3.322,3.322,0,0,0,0,0,0,0,0,0,0,0,0,0,0,0,0,0,0,0,0,0,0,0,0,0,0,0.692,0.691,0.69,0.689,0.688,0.688,0.687,0.687,0.687,0.687,0.687,0.687,0.687,0.688,0.689,0.689,0.689,0.689,0.69,0.69,0.69,0.689,0.69,0.69,0.691,0.691,0.69,0.691,0.69,0.691,0.693,0.694,0.694,0.694,0.696,0.698,0.7,0.701,0.702,0.702,0.703,0.704,0.705,0.706,0.706,0.708,0.71,0.711,0.713,0.715,0.719,0.722,0.726,0.731,0.734,0.738,0.74,0.743,0.746,0.749,0.751,0.753,0.755,0.757,0.759,0.761,0.762,0.763,0.764,0.763,0.762,0.762,0.762,0.761,0.761,0.76,0.762,0.762,0.764,0.766,0.768,0.77,0.773,0.775,0.777,0,0.779,0.78,0.781,0.783,0.783,0.784,0.785,0.787,0.787,0.786,0.786,0.785,0.785,0.783,0.781,0.779,0.777,0.776,0.774,0.773,0.772,0.771,0.769,0.768,0.767,0.766,0.765,0.763,0.762,0.761,0.76,0.758,0.757,0.756,0.754,0.753,0.752,0.751,0.749,0.749,0.749,0.748,0.747,0.746,0.747,0.747,0.747,0.749,0.749,0.752,0,0,0.762,0.763,0.765,0.767,0.768,0,0,0,0,0,0,4.877,4.839,0,0,0,0,0,0,0
0,0,0,0,0,0,0,0,0,0,0,0,0,0,0,0,0,0,0,0,0,0,0,0,0,0,0,0.804,0.803,0.802,0.802,0.803,0.804,0.803,0.804,0.805,0.807,0.809,0.811,0.814,0.815,0.816,0.817,0.818,0.819,0.821,0.822,0.823,0.824,0.825,0.826,0.827,0.829,0.832,0.834,0.835,0.837,0.84,0.842,0.844,0.847,0.849,0.851,0.854,0.856,0.857,0.86,0.861,0.863,0.864,0.866,0.867,0.867,0.866,0.866,0.864,0.863,0.862,0.862,0.862,0.862,0.864,0.867,0.87,0.874,0.878,0.883,0.887,0.889,0.892,0.895,0.896,0.896,0.896,0.897,0.896,0.897,0.9,0.902,0.905,0.909,0.913,0.916,0.919,0.924,0.927,0.928,0.931,0.933,0.934,0.935,0.937,0.941,0.943,0.945,0.948,0.951,0.956,0.96,0.966,0.968,0.971,0.974,0.977,0.979,0.982,0,0,0,0,0,0,0,0,0,0,0,0,0,0,0,0,0,0,0,0,0,0,0,0,0,0,0,0,0,0.425,0.424,0.424,0.424,0.424,0.424,0.423,0.424,0.424,0.424,0.424,0.424,0.424,0.425,0.425,0.426,0.426,0.426,0.427,0.428,0.429,0.429,0.43,0.43,0.431,0.431,0.432,0.432,0.432,0.432,0.433,0.433,0.434,0.434,0.435,0.435,0.436,0.436,0.437,0.438,0.438,0.438,0.439,0.439,0.44,0.44,0.441,0.441,0.441,0.441,0.442,0.442,0.443,0.443,0.443,0.444,0.445,0.445,0.446,0.446,0.447,0.447,0.447,0.448,0.447,0.448,0.448,0.447,0.447,0.447,0.447,0.447,0.447,0.447,0.447,0.448,0.448,0.448,0.448,0.448,0.448,0.448,0.449,0.449,0.449,0.449,0.449,0.45,0.45,0.45,0.45,0.45,0.451,0.451,0.452,0.453,0.455,0.456,0.457,0.459,0.46,0.461,0.462,0.462,0.463,0.463,0.463,0.464,0.464,0.465,0.465,0.466,0.467,0.468,0.469,0.47,0.472,0.474,0.475,0.477,0.478,0.48,0.481,0.482,0.482,0.483,0.484,0.484,0.485,0.486,0.487,0.488,0.489,0.49,0.49,0.492,0.492,0.493,0.494,0.495,0.496,0.496,0.498,0.499,0.5,0.501,0.503,0.504,0.506,0.507,0.508,0.51,0.51,0.512,0.513,0.514,0.516,0.516,0.518,0.519,0.52,0.521,0.522,0.522,0.523,0.523,0.523,0.523,0.523,0.523,0.523,0.523,0.522,0.521,0.52,0.52,0.519,0.519,0.518,0.517,0.516,0.516,0.516,0.516,0.516,0.515,0.515,0.515,0.515,0.515,0.515,0.515,0.516,0.516,0.517,0.518,0.519,0.52,0.522,0.524,0.527,0.529,0.53,0.532,0.533,0.534,0.534,0.534,0.534,0,0.535,0.535,0.536,0,0.538,0.541,0.544,0.548,0.551,0.554,0.557,0.561,0.563,0.566,0.569,0.571,0.573,0.575,0.577,0.579,0.583,0,0,0,0.608,0.615,0.62,0.623,0.624,0.623,0.623,0.623,0.623,0.624,0.624,0.625,0.625,0.626,0.626,0.628,0.629,0.63,0.632,0.634,0.636,0.638,0.639,0.641,0.643,0.646,0.647,0.649,0.65,0.653,0.655,0.658,0.662,0.664,0.667,0.671,0.674,0.678,0.681,0.683,0,0,0,0,0,0,0,0,0,0,3.235,3.235,3.252,3.252,3.286,3.304,3.322,3.34,3.34,3.358,3.34,3.34,3.322,3.322,3.304,3.304,0,0,0,0,0,0,0,0,0,0,0,0,0,0,0,0,0,0,0,0,0,0,0,0,0,0,0,0,0.691,0.69,0.69,0.688,0.687,0.687,0.687,0.687,0.687,0.687,0.687,0.688,0.688,0.689,0.689,0.69,0.69,0.69,0.69,0.69,0.69,0.69,0.691,0.691,0.691,0.691,0.69,0.691,0.692,0.693,0.694,0.694,0.695,0.696,0.699,0.699,0.701,0.702,0.702,0.703,0.704,0.705,0.706,0.707,0.709,0.71,0.713,0.715,0.717,0.72,0.724,0.727,0.731,0.734,0.737,0.74,0.742,0.746,0.749,0.75,0.753,0.754,0.756,0.758,0.76,0.762,0.762,0.762,0.762,0.762,0.762,0.761,0.762,0.762,0.762,0.762,0.764,0.765,0.768,0.769,0.772,0.774,0,0,0,0,0,0,0.782,0,0.785,0.785,0.787,0.787,0.786,0.786,0.784,0.783,0.781,0.78,0.777,0.776,0.775,0.773,0.772,0.77,0.77,0.769,0.768,0.767,0.766,0.765,0.763,0.762,0.761,0.759,0.758,0.757,0.755,0.754,0.753,0.752,0.751,0.75,0.749,0.749,0.749,0.747,0.747,0.747,0.748,0.749,0.749,0.751,0.753,0.756,0.76,0.762,0.763,0.765,0.767,0.768,0.769,0,0,0,0,0,0,0,0,0,0,0,0,0,0
0,0,0,0,0,0,0,0,0,0,0,0,0,0,0,0,0,0,0,0,0,0,0,0,0,0,0,0.804,0.803,0.802,0.802,0.802,0.803,0.803,0.803,0.804,0.807,0.809,0.811,0.814,0.815,0.816,0.817,0.818,0.819,0.821,0.822,0.823,0.824,0.825,0.826,0.827,0.829,0.832,0.834,0.836,0.838,0.841,0.843,0.847,0.849,0.851,0.854,0.856,0.858,0.86,0.863,0.864,0.867,0.868,0.869,0.87,0.869,0.869,0.868,0.867,0.866,0.864,0.864,0.863,0.864,0.867,0.869,0.872,0.877,0.88,0.886,0.889,0.893,0.896,0.898,0.898,0.898,0.898,0.898,0.898,0.9,0.902,0.905,0.908,0.912,0.916,0.92,0.924,0.927,0.931,0.933,0.935,0.938,0.94,0.941,0.944,0.947,0.95,0.953,0.956,0.959,0.963,0.969,0.975,0.977,0.98,0.985,0.986,0.99,0.993,0.994,0,0,0,0,0,0,0,0,0,0,0,0,0,0,0,0,0,0,0,0,0,0,0,0,0,0,0.426,0.426,0.425,0.425,0.425,0.424,0.424,0.424,0.424,0.424,0.424,0.424,0.424,0.424,0.424,0.424,0.425,0.425,0.426,0.426,0.427,0.428,0.429,0.429,0.43,0.43,0.431,0.431,0.432,0.432,0.432,0.432,0.433,0.434,0.434,0.435,0.435,0.436,0.436,0.437,0.438,0.438,0.439,0.439,0.439,0.44,0.44,0.441,0.441,0.441,0.441,0.442,0.442,0.442,0.443,0.443,0.444,0.445,0.446,0.446,0.447,0.448,0.448,0.449,0.449,0.449,0.449,0.449,0.449,0.449,0.449,0.448,0.448,0.448,0.448,0.448,0.448,0.449,0.449,0.449,0.449,0.449,0.449,0.449,0.449,0.449,0.449,0.449,0.45,0.45,0.45,0.45,0.45,0.451,0.451,0.452,0.452,0.453,0.455,0.456,0.457,0.459,0.46,0.461,0.462,0.462,0.463,0.463,0.463,0.464,0.465,0.465,0.466,0.467,0.467,0.468,0.469,0.471,0.473,0.475,0.476,0.478,0.479,0.48,0.481,0.482,0.483,0.484,0.484,0.485,0.485,0.487,0.487,0.488,0.489,0.49,0.491,0.492,0.493,0.494,0.494,0.495,0.496,0.497,0.498,0.499,0.5,0.502,0.503,0.505,0.507,0.508,0.51,0.511,0.512,0.513,0.514,0.515,0.516,0.518,0.519,0.52,0.521,0.521,0.522,0.523,0.523,0.523,0.523,0.523,0.523,0.523,0.523,0.523,0.522,0.522,0.521,0.52,0.52,0.519,0.518,0.517,0.517,0.517,0.517,0.516,0.516,0.516,0.516,0.516,0.516,0.516,0.516,0.516,0.516,0.517,0.518,0.519,0.52,0.522,0.524,0.527,0.529,0.531,0.533,0.535,0.536,0.537,0.537,0.537,0.537,0,0.538,0.538,0.539,0,0.541,0.542,0.545,0.55,0.553,0.556,0.56,0.563,0.566,0.569,0.571,0.573,0.575,0.577,0.579,0.581,0.585,0.59,0.597,0,0.612,0.618,0.623,0.625,0.625,0.626,0.626,0.626,0.625,0.626,0.626,0.626,0.626,0.627,0.628,0.628,0.629,0.63,0.632,0.634,0.636,0.638,0.639,0.642,0.644,0.646,0.648,0.649,0.651,0.653,0.657,0.659,0.662,0.665,0.668,0.672,0.675,0.678,0.681,0,0,0,0,0,0,0,0,0,0,0,3.218,3.235,3.235,3.252,3.269,3.286,3.322,3.322,3.34,3.34,3.34,3.34,3.322,3.304,3.304,3.286,3.269,0,0,0,0,0,0,0,0,0,0,0,0,0,0,0,0,0,0,0,0,0,0,0,0,0,0,0,0.692,0.691,0.69,0.689,0.689,0.688,0.687,0.687,0.687,0.687,0.688,0.688,0.688,0.689,0.69,0.69,0.69,0.69,0.691,0.69,0.69,0.691,0.691,0.691,0.691,0.691,0.691,0.691,0.692,0.693,0.694,0.694,0.695,0.697,0.698,0.699,0.7,0.701,0.702,0.702,0.704,0.706,0.706,0.708,0.71,0.712,0.714,0.716,0.719,0.721,0.724,0.727,0.731,0.733,0.736,0.74,0.742,0.745,0.748,0.75,0.752,0.754,0.755,0.757,0.759,0.76,0.761,0.762,0.762,0.761,0.761,0.761,0.762,0.762,0.762,0.764,0.765,0.767,0.769,0.771,0.773,0,0,0,0,0,0,0,0,0,0,0.787,0.787,0.787,0.786,0.785,0.784,0.782,0.781,0.778,0.776,0.775,0.774,0.772,0.771,0.77,0.77,0.769,0.768,0.767,0.766,0.765,0.763,0.762,0.761,0.759,0.758,0.757,0.755,0.754,0.753,0.752,0.751,0.75,0.75,0.749,0.749,0.749,0.749,0.749,0.749,0.75,0.751,0.753,0.756,0.759,0.762,0.763,0.764,0.766,0.766,0.767,0.769,0,0,0,0,0,0,0,0,0,0,0,0,0,0
0,0,0,0,0,0,0,0,0,0,0,0,0,0,0,0,0,0,0,0,0,0,0,0,0,0,0,0,0.802,0.801,0.801,0.801,0.802,0.802,0.803,0.804,0.805,0.808,0.811,0.813,0.815,0.816,0.817,0.818,0.819,0.821,0.822,0.823,0.824,0.825,0.826,0.828,0.83,0.833,0.835,0.837,0.84,0.843,0.844,0.848,0.85,0.852,0.856,0.858,0.861,0.862,0.864,0.867,0.869,0.87,0.872,0.873,0.872,0.872,0.87,0.869,0.868,0.867,0.866,0.866,0.867,0.869,0.87,0.874,0.879,0.884,0.888,0.893,0.896,0.898,0.901,0.902,0.901,0.901,0.901,0.901,0.902,0.905,0.908,0.91,0.915,0.919,0.924,0.928,0.933,0.935,0.938,0.941,0.944,0.945,0.948,0.951,0.956,0.957,0.96,0.963,0.968,0.971,0.975,0.98,0.983,0.986,0.991,0.993,0.994,0.996,0.998,0,0,0,0,0,0,0,0,0,0,0,0,0,0,0,0,0,0,0,0,0,0,0,0,0,0,0.427,0.426,0.426,0.426,0.425,0.425,0.425,0.424,0.424,0.424,0.424,0.424,0.424,0.424,0.424,0.425,0.425,0.425,0.426,0.426,0.427,0.428,0.429,0.429,0.43,0.43,0.431,0.431,0.432,0.432,0.432,0.432,0.433,0.434,0.434,0.435,0.436,0.436,0.437,0.438,0.438,0.439,0.439,0.439,0.44,0.44,0.441,0.441,0.441,0.441,0.441,0.442,0.442,0.443,0.444,0.444,0.445,0.446,0.447,0.447,0.448,0.449,0.449,0.45,0.45,0.45,0.45,0.45,0.45,0.45,0.45,0.45,0.45,0.45,0.45,0.45,0.45,0.45,0.45,0.45,0.45,0.449,0.45,0.45,0.45,0.45,0.45,0.45,0.45,0.45,0.45,0.45,0.451,0.451,0.451,0.452,0.452,0.454,0.455,0.456,0.457,0.458,0.46,0.461,0.461,0.462,0.463,0.463,0.464,0.464,0.465,0.466,0.466,0.467,0.468,0.469,0.471,0.472,0.473,0.475,0.476,0.478,0.479,0.48,0.481,0.482,0.483,0.484,0.484,0.485,0.486,0.487,0.487,0.488,0.489,0.49,0.491,0.492,0.493,0.494,0.495,0.496,0.496,0.498,0.498,0.5,0.501,0.503,0.504,0.506,0.507,0.509,0.51,0.512,0.513,0.514,0.516,0.516,0.517,0.519,0.519,0.52,0.521,0.522,0.523,0.523,0.523,0.523,0.524,0.524,0.524,0.524,0.523,0.523,0.522,0.522,0.522,0.521,0.52,0.52,0.519,0.518,0.517,0.518,0.518,0.517,0.518,0.518,0.517,0.517,0.517,0.517,0.517,0.517,0.517,0.518,0.519,0.52,0.522,0.524,0.527,0.529,0.532,0.533,0.536,0.537,0.538,0.539,0.539,0.539,0.539,0,0.54,0.541,0.541,0,0.542,0.544,0.547,0.552,0.555,0.559,0.562,0.565,0.569,0.571,0.573,0.575,0.577,0.578,0.58,0.583,0.588,0,0.6,0.608,0.615,0.622,0.627,0.627,0.628,0.628,0.628,0.628,0.627,0.627,0.627,0.627,0.627,0.627,0.628,0.628,0.629,0.63,0.631,0.634,0.636,0.638,0.64,0.642,0.644,0.646,0.648,0.65,0.652,0.655,0.658,0.661,0.664,0.667,0.669,0.672,0,0.678,0,0,0,0,0,0,0,0,0,0,0,0,3.184,3.201,3.218,3.218,3.252,3.269,3.304,3.322,3.322,3.34,3.322,3.322,3.304,3.286,3.286,3.269,3.252,3.218,3.184,0,0,0,0,0,0,0,0,0,0,0,0,0,0,0,0,0,0,0,0,0,0,0,0,0,0.694,0.692,0.691,0.691,0.689,0.689,0.687,0.687,0.687,0.687,0.688,0.688,0.689,0.689,0.69,0.69,0.69,0.69,0.691,0.691,0.691,0.691,0.691,0.692,0.692,0.691,0.691,0.691,0.692,0.693,0.694,0.694,0.695,0.697,0.698,0.699,0.7,0.701,0.702,0.702,0.703,0.705,0.706,0.708,0.71,0.713,0.715,0.717,0.72,0.722,0.724,0.727,0.73,0.732,0.736,0.738,0.741,0.744,0.747,0.749,0.752,0.753,0.755,0.756,0.758,0.759,0.76,0.761,0.76,0.76,0.761,0.761,0.762,0.763,0.765,0.766,0.768,0.769,0.771,0.773,0,0,0,0,0,0,0,0,0,0,0,0.788,0.788,0,0.785,0.784,0.783,0.781,0.78,0.778,0.776,0.775,0.772,0.772,0.77,0.769,0.769,0.768,0.768,0.767,0.766,0.765,0.763,0.762,0.761,0.759,0.758,0.757,0.755,0.754,0.753,0.753,0.752,0.751,0.751,0.75,0.75,0.749,0.749,0.749,0.749,0.751,0.753,0.755,0.759,0.761,0.763,0.765,0.765,0.766,0.767,0.767,0.769,0,0,0,0,0,0,0,0,0,0,0,0,0,0
0,0,0,0,0,0,0,0,0,0,0,0,0,0,0,0,0,0,0,0,0,0,0,0,0,0,0,0,0,0.801,0.802,0.801,0.802,0.802,0.803,0.804,0.805,0.808,0.81,0.813,0.814,0.815,0.816,0.818,0.819,0.821,0.822,0.823,0.824,0.825,0.826,0.828,0.83,0.833,0.836,0.838,0.841,0.843,0.847,0.849,0.851,0.854,0.857,0.86,0.862,0.864,0.867,0.869,0.872,0.873,0.874,0.874,0.874,0.873,0.872,0.872,0.869,0.868,0.868,0.868,0.869,0.87,0.873,0.877,0.882,0.886,0.891,0.896,0.898,0.902,0.904,0.905,0.905,0.904,0.905,0.905,0.906,0.909,0.91,0.915,0.919,0.923,0.928,0.933,0.938,0.941,0.944,0.945,0.95,0.953,0.956,0.959,0.962,0.965,0.968,0.971,0.974,0.979,0.982,0.986,0.988,0.99,0.994,0.996,0.998,0.999,1.001,0,0,0,0,0,0,0,0,0,0,0,0,0,0,0,0,0,0,0,0,0,0,0,0,0,0,0.427,0.427,0.426,0.426,0.426,0.426,0.425,0.425,0.425,0.425,0.425,0.424,0.424,0.424,0.424,0.425,0.425,0.425,0.426,0.426,0.427,0.428,0.429,0.429,0.43,0.43,0.431,0.431,0.432,0.432,0.432,0.433,0.433,0.434,0.435,0.436,0.436,0.437,0.438,0.438,0.439,0.439,0.439,0.44,0.44,0.441,0.441,0.441,0.441,0.441,0.442,0.442,0.443,0.443,0.444,0.444,0.445,0.446,0.447,0.448,0.449,0.449,0.45,0.451,0.451,0.451,0.451,0.452,0.452,0.452,0.452,0.452,0.452,0.451,0.451,0.451,0.451,0.451,0.451,0.451,0.451,0.45,0.45,0.45,0.45,0.45,0.45,0.45,0.45,0.45,0.45,0.451,0.451,0.451,0.451,0.452,0.453,0.454,0.455,0.456,0.457,0.458,0.459,0.46,0.461,0.462,0.463,0.463,0.464,0.465,0.466,0.466,0.467,0.468,0.469,0.47,0.471,0.473,0.474,0.476,0.477,0.479,0.48,0.481,0.482,0.482,0.484,0.484,0.484,0.485,0.486,0.487,0.488,0.489,0.489,0.49,0.491,0.492,0.494,0.494,0.495,0.496,0.497,0.498,0.499,0.5,0.501,0.503,0.505,0.507,0.509,0.51,0.512,0.513,0.515,0.516,0.517,0.518,0.519,0.52,0.52,0.521,0.522,0.523,0.523,0.524,0.524,0.524,0.524,0.524,0.524,0.524,0.524,0.524,0.523,0.523,0.522,0.522,0.521,0.52,0.519,0.519,0.518,0.519,0.519,0.519,0.519,0.519,0.519,0.519,0.519,0.519,0.519,0.519,0.52,0.521,0.522,0.523,0.525,0.528,0.53,0.532,0.534,0.536,0.538,0.539,0.54,0.541,0.541,0.541,0.541,0,0,0.542,0.542,0,0.544,0.546,0.549,0.555,0.556,0.561,0.564,0.567,0.57,0.572,0.574,0.576,0.578,0.58,0.582,0.585,0.589,0.595,0,0,0.618,0.625,0.628,0.629,0.629,0.629,0.629,0.629,0.628,0.628,0.628,0.627,0.627,0.627,0.628,0.628,0.629,0.63,0.631,0.633,0.636,0.638,0.64,0.642,0.645,0.648,0.65,0.652,0.654,0.656,0.659,0.662,0.664,0.667,0.669,0.672,0.674,0.676,0,0,0,0,0,0,0,0,0,0,0,3.136,3.152,3.168,3.184,3.201,3.218,3.252,3.269,3.286,3.304,3.322,3.304,3.322,3.286,3.286,3.269,3.269,3.235,3.201,0,0,0,0,0,0,0,0,0,0,0,0,0,0,0,0,0,0,0,0,0,0,0,0,0,0,0,0.693,0.691,0.691,0.691,0.689,0.688,0.687,0.688,0.688,0.688,0.689,0.689,0.69,0.69,0.69,0.691,0.691,0.691,0.691,0.691,0.692,0.693,0.694,0.693,0.692,0.692,0.692,0.693,0.693,0.694,0.695,0.695,0.697,0.699,0.701,0.7,0.701,0.702,0.702,0.703,0.706,0.706,0.709,0.711,0.715,0.717,0.72,0.721,0.723,0.725,0.727,0.73,0.732,0.735,0.738,0.74,0.743,0.747,0.749,0.751,0.753,0.754,0.755,0.758,0.759,0.76,0.76,0.76,0.76,0.762,0.762,0.762,0.764,0.766,0.769,0.77,0.772,0.773,0,0,0,0,0,0,0,0,0,0,0,0,0,0,0,0,0.783,0.781,0.78,0.778,0.777,0.775,0.773,0.772,0.771,0.77,0.769,0.768,0.768,0.768,0.767,0.766,0.765,0.763,0.762,0.761,0.76,0.758,0.757,0.755,0.755,0.754,0.754,0.753,0.752,0.752,0.751,0.75,0.75,0.75,0.75,0.75,0.752,0.754,0.757,0.76,0.762,0.765,0.765,0.766,0.766,0.767,0,0,0,0,0,0,0,0,0,0,0,0,0,0,0,0
0,0,0,0,0,0,0,0,0,0,0,0,0,0,0,0,0,0,0,0,0,0,0,0,0,0,0,0,0,0,0.801,0.801,0.801,0.802,0.803,0.804,0.805,0.807,0.809,0.811,0.813,0.815,0.816,0.817,0.818,0.819,0.821,0.823,0.824,0.826,0.827,0.829,0.832,0.835,0.837,0.84,0.842,0.845,0.848,0.85,0.854,0.856,0.86,0.862,0.864,0.867,0.87,0.872,0.874,0.875,0.875,0.877,0.875,0.874,0.874,0.872,0.87,0.869,0.869,0.869,0.869,0.872,0.874,0.878,0.883,0.888,0.892,0.897,0.901,0.905,0.908,0.909,0.909,0.908,0.909,0.909,0.91,0.913,0.915,0.919,0.921,0.927,0.933,0.937,0.941,0.945,0.947,0.951,0.954,0.957,0.96,0.965,0.968,0.969,0.972,0.977,0.98,0.983,0.986,0.99,0.993,0.994,0.998,0.999,1.001,1.003,1.003,0,0,0,0,0,0,0,0,0,0,0,0,0,0,0,0,0,0,0,0,0,0,0,0,0,0,0.428,0.427,0.427,0.427,0.426,0.426,0.426,0.426,0.426,0.425,0.425,0.425,0.425,0.425,0.425,0.425,0.425,0.425,0.426,0.426,0.427,0.428,0.429,0.429,0.43,0.43,0.431,0.432,0.432,0.432,0.433,0.433,0.434,0.435,0.436,0.436,0.437,0.437,0.438,0.439,0.439,0.439,0.44,0.44,0.44,0.441,0.441,0.441,0.441,0.442,0.442,0.443,0.443,0.444,0.444,0.445,0.446,0.447,0.448,0.449,0.449,0.45,0.451,0.452,0.452,0.452,0.452,0.453,0.453,0.453,0.453,0.453,0.453,0.453,0.453,0.453,0.453,0.452,0.452,0.452,0.452,0.451,0.451,0.451,0.451,0.451,0.451,0.45,0.451,0.451,0.451,0.451,0.451,0.451,0.451,0.452,0.453,0.454,0.455,0.456,0.457,0.458,0.459,0.46,0.461,0.462,0.463,0.464,0.465,0.465,0.466,0.467,0.468,0.469,0.47,0.471,0.472,0.473,0.475,0.476,0.478,0.479,0.481,0.482,0.482,0.483,0.484,0.485,0.485,0.485,0.486,0.487,0.488,0.489,0.49,0.491,0.492,0.493,0.494,0.494,0.496,0.496,0.497,0.498,0.499,0.5,0.502,0.504,0.506,0.508,0.51,0.512,0.513,0.515,0.516,0.516,0.518,0.519,0.519,0.52,0.521,0.522,0.523,0.523,0.524,0.524,0.524,0.525,0.525,0.525,0.525,0.525,0.525,0.524,0.523,0.523,0.523,0.522,0.522,0.521,0.52,0.52,0.519,0.52,0.521,0.521,0.521,0.522,0.521,0.522,0.522,0.522,0.522,0.523,0.523,0.523,0.525,0.527,0.528,0.531,0.533,0.535,0.537,0.538,0.539,0.541,0.541,0.542,0.542,0.542,0.542,0.542,0.543,0.543,0.544,0.545,0.547,0.548,0.552,0.556,0.559,0.562,0.565,0.569,0.571,0.573,0.575,0.578,0.579,0.581,0.584,0.586,0.591,0.597,0.605,0.613,0.62,0.626,0.628,0.63,0.63,0.63,0.63,0.629,0.629,0.628,0.628,0.627,0.626,0.627,0.627,0.628,0.628,0.629,0.631,0.633,0.636,0.638,0.64,0.643,0.646,0.648,0.651,0.653,0.655,0.657,0.661,0.663,0.665,0.668,0.669,0.671,0.672,0.675,0,0,0,0,0,0,0,0,0,0,0,3.12,3.136,3.152,3.152,3.168,3.201,3.218,3.235,3.269,3.286,3.286,3.304,3.286,3.286,3.269,3.269,3.252,3.235,3.201,0,0,0,0,0,0,0,0,0,0,0,0,0,0,0,0,0,0,0,0,0,0,0,0,0,0,0,0.694,0.693,0.692,0.691,0.69,0.688,0.688,0.688,0.689,0.689,0.689,0.69,0.69,0.691,0.691,0.691,0.691,0.692,0.692,0.692,0.693,0.694,0.694,0.694,0.693,0.693,0.692,0.693,0.694,0.694,0.695,0.695,0.697,0.699,0.701,0.701,0.702,0.702,0.702,0.703,0.705,0.707,0.709,0.711,0.715,0.718,0.72,0.722,0.724,0.726,0.727,0.729,0.732,0.734,0.737,0.74,0.742,0.746,0.749,0.751,0.753,0.755,0.756,0.757,0.759,0.76,0.76,0.76,0.76,0.762,0.762,0.763,0.765,0.768,0.769,0.771,0.772,0.774,0,0,0,0,0,0,0,0,0,0,0,0,0,0,0,0,0.782,0.78,0.778,0.777,0.776,0.774,0.773,0.771,0.771,0.769,0.769,0.769,0.769,0.768,0.767,0.767,0.765,0.763,0.762,0.761,0.76,0.758,0.757,0.756,0.755,0.755,0.754,0.754,0.753,0.753,0.752,0.752,0.752,0.751,0,0.752,0.754,0,0.758,0.761,0.764,0.765,0.766,0.766,0.767,0.768,0.768,0.769,0,0,0,0,0,0,0,0,0,0,0,0,0,0
0,0,0,0,0,0,0,0,0,0,0,0,0,0,0,0,0,0,0,0,0,0,0,0,0,0,0,0,0.803,0.802,0.802,0.801,0.803,0.803,0.802,0.803,0.804,0.807,0.808,0.811,0.812,0.813,0.815,0.816,0.817,0.818,0.821,0.823,0.824,0.826,0.828,0.83,0.833,0.836,0.84,0.842,0.844,0.848,0.85,0.852,0.855,0.858,0.861,0.864,0.867,0.869,0.872,0.873,0.875,0.877,0.877,0.877,0.877,0.875,0.874,0.873,0.872,0.87,0.87,0.87,0.87,0.872,0.873,0.878,0.883,0.887,0.893,0.898,0.902,0.906,0.91,0.912,0.912,0.913,0.913,0.915,0.915,0.917,0.92,0.923,0.926,0.93,0.935,0.941,0.945,0.95,0.953,0.956,0.959,0.962,0.965,0.969,0.972,0.975,0.979,0.982,0.985,0.988,0.991,0.994,0.998,0.999,1.003,1.003,1.004,1.006,0,0,0,0,0,0,0,0,0,0,0,0,0,0,0,0,0,0,0,0,0,0,0,0,0,0,0,0.428,0.428,0.428,0.427,0.427,0.427,0.426,0.426,0.426,0.426,0.426,0.425,0.425,0.425,0.425,0.425,0.426,0.426,0.426,0.427,0.427,0.428,0.429,0.429,0.43,0.43,0.431,0.432,0.432,0.432,0.433,0.434,0.434,0.435,0.436,0.437,0.437,0.438,0.439,0.439,0.439,0.44,0.44,0.44,0.441,0.441,0.441,0.441,0.442,0.442,0.443,0.443,0.444,0.444,0.445,0.446,0.447,0.448,0.448,0.449,0.45,0.451,0.452,0.452,0.453,0.453,0.453,0.454,0.454,0.454,0.454,0.454,0.454,0.454,0.454,0.454,0.454,0.454,0.453,0.453,0.452,0.452,0.452,0.452,0.451,0.451,0.451,0.451,0.451,0.451,0.451,0.451,0.451,0.451,0.452,0.452,0.453,0.454,0.455,0.456,0.457,0.458,0.459,0.46,0.461,0.462,0.463,0.464,0.465,0.466,0.467,0.468,0.469,0.47,0.471,0.472,0.473,0.474,0.476,0.477,0.479,0.48,0.481,0.482,0.483,0.484,0.485,0.485,0.486,0.486,0.487,0.487,0.488,0.489,0.49,0.491,0.492,0.493,0.494,0.495,0.496,0.497,0.498,0.498,0.5,0.501,0.503,0.505,0.507,0.509,0.511,0.513,0.514,0.516,0.517,0.518,0.519,0.52,0.52,0.522,0.522,0.523,0.524,0.524,0.524,0.525,0.525,0.525,0.525,0.525,0.525,0.525,0.525,0.525,0.524,0.524,0.523,0.523,0.523,0.522,0.522,0.521,0.521,0.522,0.523,0.523,0.523,0.523,0.524,0.524,0.524,0.524,0.524,0.525,0.525,0.526,0.528,0.529,0.531,0.533,0.535,0.537,0.539,0.54,0.541,0.542,0.542,0.543,0.544,0.544,0.544,0.544,0.545,0.545,0.546,0.548,0.549,0.55,0.554,0.558,0.561,0.564,0.567,0.57,0.572,0.574,0.577,0.579,0.58,0.583,0.585,0.589,0.593,0.6,0.607,0.614,0.621,0.625,0.628,0.629,0.629,0.629,0.629,0.628,0.628,0.628,0.627,0.626,0.626,0.626,0.626,0.626,0.627,0.628,0.63,0.632,0.635,0.638,0.64,0.643,0.646,0.649,0.652,0.654,0.657,0.659,0.662,0.664,0.666,0.668,0.669,0.671,0.672,0.673,0,0,0,0,0,0,0,0,0,0,0,3.088,3.104,3.12,3.136,3.136,3.168,3.184,3.218,3.235,3.252,3.269,3.286,3.286,3.286,3.286,3.269,3.269,3.235,0,0,0,0,0,0,0,0,0,0,0,0,0,0,0,0,0,0,0,0,0,0,0,0,0,0,0,0.696,0.694,0.694,0.693,0.692,0.691,0.689,0.689,0.689,0.689,0.689,0.69,0.69,0.691,0.691,0.691,0.691,0.692,0.692,0.693,0.693,0.694,0.694,0.695,0.694,0.694,0.693,0.693,0.693,0.694,0.696,0.696,0.697,0.698,0.699,0.701,0.702,0.702,0.702,0.702,0.702,0.705,0.706,0.709,0.712,0.715,0.719,0.721,0.723,0.725,0.726,0.728,0.73,0.732,0.734,0.737,0.74,0.742,0.746,0.749,0.751,0.753,0.754,0.756,0.758,0.759,0.76,0.76,0.76,0.761,0.762,0.763,0.764,0.766,0.77,0.772,0.773,0.774,0.775,0,0,0,0,0,0,0,0,0,0,0,0,0,0,0,0,0,0.778,0.777,0.775,0.774,0.773,0.772,0.77,0.77,0.769,0.768,0.768,0.768,0.768,0.767,0.767,0.765,0.763,0.762,0.762,0.76,0.759,0.758,0.757,0.756,0.756,0.755,0.755,0.754,0.754,0.754,0.754,0.753,0.753,0.754,0.753,0.755,0,0.759,0.762,0.764,0.766,0.767,0.766,0.767,0.767,0.768,0.768,0,0,0,0,0,0,0,0,0,0,0,0,0,0
0,0,0,0,0,0,0,0,0,0,0,0,0,0,0,0,0,0,0,0,0,0,0,0,0,0,0,0,0,0.802,0.802,0.802,0.802,0.803,0.803,0.804,0.804,0.805,0.808,0.81,0.811,0.812,0.813,0.815,0.816,0.818,0.821,0.822,0.824,0.826,0.829,0.832,0.835,0.838,0.841,0.843,0.847,0.849,0.851,0.855,0.857,0.86,0.862,0.866,0.868,0.87,0.873,0.874,0.875,0.877,0.878,0.877,0.877,0.875,0.874,0.873,0.873,0.87,0.872,0.872,0.872,0.872,0.873,0.877,0.883,0.887,0.893,0.898,0.904,0.908,0.912,0.915,0.916,0.917,0.917,0.919,0.92,0.921,0.924,0.927,0.93,0.934,0.94,0.945,0.95,0.953,0.956,0.96,0.963,0.966,0.971,0.972,0.977,0.979,0.982,0.985,0.99,0.991,0.996,0.999,1.001,1.003,1.004,1.007,1.007,1.009,0,0,0,0,0,0,0,0,0,0,0,0,0,0,0,0,0,0,0,0,0,0,0,0,0,0,0,0.428,0.428,0.428,0.428,0.428,0.427,0.427,0.426,0.426,0.426,0.426,0.426,0.426,0.426,0.426,0.426,0.426,0.426,0.426,0.427,0.428,0.428,0.429,0.43,0.43,0.431,0.431,0.432,0.432,0.433,0.433,0.434,0.435,0.436,0.436,0.437,0.438,0.438,0.439,0.439,0.44,0.44,0.44,0.44,0.441,0.441,0.441,0.441,0.442,0.442,0.443,0.443,0.444,0.444,0.445,0.446,0.447,0.448,0.449,0.45,0.45,0.451,0.452,0.453,0.453,0.454,0.454,0.454,0.455,0.455,0.455,0.455,0.456,0.455,0.455,0.455,0.455,0.455,0.454,0.454,0.453,0.453,0.453,0.452,0.452,0.452,0.452,0.451,0.451,0.451,0.451,0.451,0.452,0.452,0.452,0.452,0.453,0.454,0.455,0.456,0.457,0.458,0.459,0.46,0.461,0.462,0.463,0.464,0.465,0.466,0.467,0.468,0.47,0.471,0.472,0.472,0.473,0.475,0.476,0.478,0.479,0.481,0.482,0.483,0.484,0.485,0.486,0.486,0.487,0.487,0.487,0.488,0.489,0.49,0.491,0.492,0.493,0.494,0.494,0.496,0.496,0.497,0.498,0.5,0.501,0.503,0.504,0.507,0.509,0.511,0.513,0.515,0.516,0.517,0.518,0.519,0.52,0.521,0.521,0.523,0.523,0.523,0.524,0.525,0.525,0.525,0.526,0.526,0.526,0.526,0.526,0.526,0.526,0.525,0.525,0.525,0.524,0.524,0.524,0.523,0.523,0.523,0.523,0.524,0.525,0.525,0.526,0.526,0.526,0.526,0.527,0.527,0.527,0.528,0.528,0.529,0.53,0.532,0.534,0.536,0.537,0.539,0.54,0.541,0.542,0.543,0.544,0.544,0.546,0.546,0.546,0.546,0.546,0.547,0.548,0,0.551,0.553,0.556,0.56,0.563,0.566,0.569,0.571,0.573,0.575,0.578,0.579,0.581,0.584,0.586,0.59,0.595,0.601,0.608,0.615,0.621,0.625,0.627,0.628,0.628,0.628,0.628,0.628,0.628,0.627,0.626,0.626,0.625,0.626,0.625,0.626,0.626,0.628,0.63,0.631,0.634,0.638,0.64,0.643,0.646,0.65,0.652,0.654,0.657,0.659,0.663,0.665,0.667,0.669,0.669,0.67,0.672,0.672,0.672,0.671,0,0,0,0,0,0,0,0,0,3.088,3.088,3.104,3.104,3.12,3.136,3.168,3.184,3.218,3.235,3.252,3.269,3.286,3.286,3.269,0,0,0,0,0,0,0,0,0,0,0,0,0,0,0,0,0,0,0,0,0,0,0,0,0,0,0,0,0,0,0.698,0.696,0.694,0.694,0.693,0.691,0.69,0.69,0.69,0.69,0.69,0.69,0.691,0.691,0.691,0.691,0.692,0.692,0.693,0.694,0.694,0.695,0.695,0.696,0.695,0.694,0.694,0.694,0.694,0.695,0.697,0.698,0.698,0.698,0.7,0.702,0.702,0.702,0.702,0.702,0.702,0.705,0.706,0.709,0.712,0.715,0.72,0.722,0.724,0.725,0.726,0.728,0.73,0.732,0.735,0.737,0.74,0.742,0.746,0.749,0.751,0.753,0.755,0.756,0.758,0.759,0.76,0.76,0.76,0.761,0.762,0.763,0.764,0.767,0.771,0.771,0.773,0.775,0.776,0,0,0,0,0,0,0,0,0,0,0,0,0,0,0,0,0,0.777,0.775,0.775,0.774,0.772,0.771,0.77,0.77,0.769,0.768,0.768,0.768,0.768,0.767,0.766,0.765,0.764,0.762,0.762,0.761,0.76,0.759,0.758,0.757,0.757,0.756,0.756,0.755,0.755,0.755,0.754,0.755,0.755,0.754,0.754,0.756,0,0,0,0.767,0.767,0.767,0.766,0.766,0.767,0.767,0.766,0,0,0,0,0,0,0,0,0,0,0,0,0,0
0,0,0,0,0,0,0,0,0,0,0,0,0,0,0,0,0,0,0,0,0,0,0,0,0,0,0,0,0,0.803,0.803,0.802,0.803,0.802,0.802,0.804,0.804,0.805,0.807,0.809,0.81,0.811,0.812,0.814,0.815,0.817,0.819,0.822,0.824,0.827,0.829,0.833,0.836,0.84,0.842,0.845,0.848,0.85,0.854,0.856,0.858,0.861,0.864,0.867,0.869,0.87,0.873,0.875,0.877,0.877,0.877,0.878,0.877,0.875,0.875,0.874,0.873,0.872,0.872,0.872,0.872,0.873,0.873,0.877,0.882,0.887,0.892,0.898,0.904,0.909,0.915,0.917,0.92,0.92,0.921,0.923,0.924,0.926,0.928,0.93,0.934,0.938,0.944,0.948,0.953,0.957,0.96,0.963,0.968,0.971,0.974,0.977,0.98,0.983,0.985,0.988,0.991,0.996,0.999,1.001,1.003,1.006,1.007,1.009,1.011,1.012,0,0,0,0,0,0,0,0,0,0,0,0,0,0,0,0,0,0,0,0,0,0,0,0,0,0,0,0.429,0.428,0.428,0.428,0.428,0.427,0.427,0.427,0.427,0.426,0.426,0.426,0.426,0.426,0.426,0.426,0.426,0.427,0.427,0.428,0.428,0.429,0.429,0.43,0.431,0.431,0.432,0.432,0.432,0.433,0.434,0.434,0.435,0.436,0.436,0.437,0.438,0.438,0.439,0.439,0.44,0.44,0.44,0.441,0.441,0.441,0.441,0.442,0.442,0.443,0.443,0.444,0.444,0.445,0.445,0.446,0.447,0.448,0.449,0.45,0.45,0.451,0.452,0.453,0.453,0.454,0.454,0.455,0.455,0.456,0.456,0.456,0.457,0.457,0.456,0.456,0.456,0.456,0.455,0.455,0.454,0.454,0.453,0.453,0.452,0.452,0.452,0.452,0.452,0.452,0.452,0.452,0.452,0.452,0.452,0.453,0.453,0.454,0.455,0.456,0.457,0.458,0.459,0.461,0.461,0.462,0.463,0.465,0.465,0.467,0.468,0.469,0.471,0.472,0.473,0.474,0.475,0.476,0.478,0.479,0.48,0.482,0.483,0.484,0.485,0.486,0.486,0.487,0.487,0.487,0.488,0.489,0.489,0.49,0.491,0.492,0.493,0.494,0.495,0.496,0.497,0.498,0.499,0.5,0.502,0.504,0.506,0.508,0.51,0.512,0.514,0.516,0.517,0.519,0.519,0.52,0.521,0.522,0.523,0.523,0.524,0.524,0.525,0.526,0.526,0.526,0.526,0.527,0.527,0.527,0.527,0.527,0.527,0.526,0.526,0.526,0.526,0.525,0.525,0.525,0.525,0.525,0.525,0.526,0.527,0.528,0.528,0.528,0.528,0.528,0.529,0.529,0.53,0.53,0.531,0.532,0.533,0.535,0.536,0.538,0.539,0.541,0.542,0.543,0.544,0.545,0.546,0.546,0.547,0.547,0.548,0.548,0.549,0.549,0.55,0.552,0,0.556,0.558,0,0.565,0.567,0.57,0.572,0.574,0.576,0.578,0.58,0.582,0.585,0.588,0.591,0.597,0.603,0.609,0.616,0.621,0.624,0.626,0.627,0.627,0.628,0.627,0.626,0.626,0.626,0.626,0.625,0.625,0.625,0.625,0.625,0.626,0.627,0.629,0.631,0.634,0.637,0.64,0.643,0.646,0.65,0.653,0.656,0.659,0.661,0.664,0.666,0.667,0.669,0.67,0.671,0.672,0.672,0.672,0.67,0.67,0,0,0,0,0,0,0,0,3.058,3.073,3.088,3.088,3.088,3.12,3.136,3.152,3.184,3.201,3.218,3.235,3.269,3.269,0,0,0,0,0,0,0,0,0,0,0,0,0,0,0,0,0,0,0,0,0,0,0,0,0,0,0,0,0,0,0,0.698,0.697,0.696,0.695,0.694,0.692,0.691,0.691,0.69,0.69,0.691,0.691,0.691,0.691,0.692,0.692,0.693,0.693,0.694,0.694,0.694,0.695,0.696,0.696,0.696,0.695,0.695,0.695,0.694,0.696,0.697,0.698,0.698,0.698,0.701,0.702,0.702,0.702,0.702,0.701,0.702,0.704,0.706,0.709,0.711,0.715,0.72,0.722,0.724,0.726,0.727,0.729,0.731,0.732,0.735,0.738,0.74,0.742,0.746,0.749,0.751,0.754,0.755,0.757,0.758,0.759,0.761,0.761,0.76,0.761,0.762,0.763,0.765,0.767,0.77,0.772,0.773,0.776,0.776,0,0,0,0,0,0,0,0,0,0,0,0,0,0,0,0,0,0.776,0.775,0.774,0.773,0.772,0.771,0.769,0.77,0.769,0.769,0.769,0.769,0.768,0.768,0.767,0.765,0.764,0.763,0.762,0.761,0.759,0.759,0.758,0.758,0.757,0.757,0.756,0.756,0.756,0.755,0.755,0.755,0.756,0,0.755,0,0,0,0,0,0,0.767,0.766,0.766,0.767,0,0.766,0,0,0,0,0,0,0,0,0,0,0,0,0,0
0,0,0,0,0,0,0,0,0,0,0,0,0,0,0,0,0,0,0,0,0,0,0,0,0,0,0,0,0,0,0.804,0.803,0.803,0.804,0.804,0.805,0.805,0.805,0.807,0.808,0.81,0.811,0.812,0.813,0.815,0.816,0.819,0.822,0.825,0.827,0.83,0.835,0.837,0.842,0.844,0.848,0.85,0.852,0.855,0.857,0.86,0.862,0.864,0.867,0.869,0.872,0.873,0.874,0.875,0.877,0.878,0.877,0.877,0.877,0.875,0.874,0.873,0.873,0.873,0.872,0.872,0.872,0.873,0.877,0.88,0.886,0.891,0.897,0.904,0.909,0.915,0.919,0.921,0.923,0.926,0.927,0.928,0.931,0.934,0.935,0.938,0.943,0.947,0.953,0.957,0.96,0.963,0.966,0.971,0.974,0.977,0.979,0.982,0.985,0.988,0.99,0.993,0.998,1.001,1.004,1.006,1.009,1.011,1.012,1.014,1.016,0,0,0,0,0,0,0,0,0,0,0,0,0,0,0,0,0,0,0,0,0,0,0,0,0,0,0,0.429,0.428,0.428,0.428,0.428,0.428,0.427,0.427,0.427,0.427,0.427,0.427,0.427,0.427,0.427,0.427,0.427,0.427,0.428,0.428,0.429,0.429,0.43,0.43,0.431,0.431,0.432,0.432,0.433,0.433,0.434,0.434,0.436,0.436,0.437,0.437,0.438,0.439,0.439,0.44,0.44,0.44,0.441,0.441,0.441,0.441,0.442,0.442,0.442,0.443,0.443,0.444,0.444,0.445,0.446,0.447,0.447,0.448,0.449,0.45,0.45,0.451,0.452,0.453,0.453,0.454,0.455,0.455,0.456,0.457,0.457,0.457,0.457,0.457,0.457,0.457,0.457,0.456,0.456,0.455,0.455,0.454,0.454,0.454,0.453,0.453,0.452,0.452,0.452,0.452,0.452,0.452,0.452,0.452,0.453,0.453,0.454,0.454,0.455,0.456,0.457,0.459,0.459,0.461,0.462,0.463,0.464,0.465,0.466,0.467,0.469,0.47,0.471,0.472,0.473,0.475,0.475,0.477,0.478,0.479,0.481,0.482,0.484,0.485,0.486,0.486,0.487,0.487,0.487,0.488,0.488,0.489,0.489,0.49,0.491,0.492,0.493,0.494,0.495,0.496,0.497,0.498,0.5,0.502,0.503,0.505,0.507,0.509,0.512,0.514,0.516,0.518,0.519,0.519,0.52,0.521,0.522,0.522,0.523,0.524,0.524,0.525,0.526,0.526,0.527,0.527,0.527,0.528,0.528,0.528,0.528,0.528,0.528,0.528,0.527,0.527,0.527,0.527,0.527,0.526,0.526,0.527,0.528,0.528,0.528,0.529,0.53,0.53,0.53,0.531,0.531,0.532,0.532,0.533,0.533,0.534,0.535,0.537,0.538,0.54,0.541,0.542,0.543,0.544,0.545,0.546,0.547,0.547,0.548,0.549,0.549,0.55,0.55,0.551,0.552,0.554,0.555,0,0.56,0.563,0.566,0.568,0.571,0.573,0.575,0.577,0.579,0.581,0.583,0.585,0.589,0.593,0.598,0.605,0.612,0,0.622,0.625,0.627,0.627,0.628,0.627,0.627,0.626,0.626,0.625,0.625,0.624,0.624,0.624,0.625,0.625,0.625,0.626,0.628,0.63,0.633,0.636,0.64,0.643,0.646,0.65,0.653,0.656,0.659,0.662,0.664,0.667,0.668,0.67,0.671,0.672,0.672,0.672,0.672,0.67,0.669,0.669,0,0,0,0,0,0,0,3.058,3.073,3.073,3.073,3.088,3.104,3.12,3.136,3.168,3.184,3.201,3.218,3.252,3.252,0,0,0,0,0,0,0,0,0,0,0,0,0,0,0,0,0,0,0,0,0,0,0,0,0,0,0,0,0,0,0,0.699,0.698,0.696,0.695,0.695,0.693,0.691,0.691,0.691,0.691,0.691,0.691,0.692,0.692,0.693,0.693,0.694,0.694,0.694,0.694,0.694,0.696,0.696,0.697,0.697,0.696,0.695,0.695,0.695,0.697,0.698,0.698,0.698,0.699,0.701,0.702,0.703,0.702,0.702,0.701,0.702,0.705,0.706,0.708,0.711,0.715,0.72,0.722,0.724,0.726,0.727,0.729,0.731,0.733,0.736,0.739,0.74,0.742,0.746,0.749,0.751,0.754,0.755,0.757,0.758,0.76,0.761,0.76,0.76,0.76,0.762,0.763,0.765,0.767,0.771,0.772,0.774,0.776,0,0,0,0,0,0,0,0,0,0,0,0,0,0,0,0,0,0,0.776,0.773,0.773,0.772,0.771,0.771,0.769,0.769,0.768,0.768,0.769,0.768,0.768,0.767,0.767,0.766,0.764,0.763,0.762,0.761,0.76,0.759,0.758,0.758,0.758,0.758,0.757,0.757,0.757,0.757,0.757,0.757,0.758,0.758,0,0,0,0,0,0,0,0.767,0.765,0.763,0.761,0,0,0,0,0,0,0,0,0,0,0,0,0,0,0,0
0,0,0,0,0,0,0,0,0,0,0,0,0,0,0,0,0,0,0,0,0,0,0,0,0,0,0,0,0,0,0.805,0.804,0.805,0.804,0.804,0.804,0.805,0.805,0.807,0.808,0.809,0.81,0.811,0.812,0.814,0.816,0.818,0.822,0.825,0.828,0.833,0.836,0.84,0.843,0.847,0.85,0.851,0.855,0.857,0.858,0.861,0.863,0.866,0.868,0.869,0.872,0.873,0.875,0.875,0.877,0.877,0.877,0.877,0.877,0.875,0.874,0.873,0.873,0.873,0.873,0.872,0.873,0.873,0.875,0.879,0.884,0.891,0.896,0.902,0.908,0.915,0.919,0.923,0.926,0.928,0.931,0.933,0.934,0.937,0.938,0.943,0.945,0.951,0.956,0.959,0.963,0.966,0.969,0.972,0.975,0.979,0.98,0.983,0.985,0.988,0.991,0.994,0.998,1.003,1.006,1.009,1.012,1.014,1.016,1.017,1.021,1.021,0,0,0,0,0,0,0,0,0,0,0,0,0,0,0,0,0,0,0,0,0,0,0,0,0,0,0.429,0.428,0.428,0.428,0.428,0.428,0.428,0.427,0.428,0.427,0.427,0.427,0.427,0.427,0.427,0.428,0.428,0.428,0.428,0.429,0.429,0.43,0.43,0.431,0.431,0.432,0.432,0.433,0.433,0.434,0.434,0.435,0.436,0.436,0.437,0.438,0.438,0.439,0.439,0.439,0.44,0.44,0.441,0.441,0.441,0.441,0.442,0.442,0.443,0.443,0.444,0.444,0.445,0.445,0.446,0.447,0.448,0.448,0.449,0.45,0.45,0.451,0.452,0.453,0.454,0.454,0.455,0.456,0.456,0.457,0.457,0.457,0.458,0.458,0.458,0.458,0.457,0.457,0.457,0.456,0.456,0.455,0.455,0.454,0.454,0.453,0.453,0.453,0.453,0.453,0.453,0.453,0.453,0.453,0.453,0.453,0.454,0.455,0.456,0.457,0.458,0.459,0.46,0.461,0.462,0.463,0.465,0.466,0.467,0.468,0.47,0.471,0.473,0.473,0.475,0.476,0.477,0.478,0.479,0.481,0.482,0.484,0.485,0.486,0.487,0.487,0.487,0.487,0.488,0.488,0.488,0.489,0.489,0.49,0.491,0.492,0.493,0.494,0.495,0.496,0.498,0.499,0.5,0.502,0.504,0.506,0.508,0.51,0.513,0.515,0.517,0.518,0.519,0.52,0.521,0.521,0.522,0.523,0.523,0.524,0.525,0.526,0.527,0.527,0.527,0.528,0.528,0.528,0.528,0.528,0.529,0.529,0.529,0.528,0.528,0.528,0.528,0.528,0.528,0.528,0.528,0.528,0.529,0.529,0.53,0.531,0.531,0.532,0.532,0.532,0.532,0.533,0.533,0.534,0.535,0.536,0.537,0.539,0.54,0.541,0.542,0.543,0.544,0.545,0.546,0.547,0.548,0.548,0.549,0.55,0.55,0.551,0.551,0.552,0.553,0.555,0.557,0.559,0.561,0.564,0.567,0.569,0.571,0.574,0.575,0.577,0.579,0.581,0.584,0.587,0.59,0.595,0.601,0.607,0.614,0.62,0.623,0.626,0.627,0.628,0.628,0.627,0.626,0.626,0.626,0.625,0.625,0.625,0.624,0.624,0.625,0.625,0.625,0.626,0.628,0.63,0.634,0.637,0.64,0.644,0.647,0.65,0.654,0.657,0.661,0.664,0.667,0.668,0.67,0.672,0.672,0.672,0.673,0.672,0.672,0.671,0.67,0.669,0,0,0,0,0,0,0,3.073,3.073,3.088,3.073,3.073,3.088,3.104,3.12,3.152,3.168,3.201,3.201,3.235,3.252,0,0,0,0,0,0,0,0,0,0,0,0,0,0,0,0,0,0,0,0,0,0,0,0,0,0,0,0,0,0,0,0.7,0.698,0.697,0.696,0.696,0.693,0.692,0.691,0.691,0.691,0.691,0.692,0.692,0.693,0.693,0.694,0.694,0.694,0.694,0.695,0.695,0.696,0.697,0.697,0.698,0.697,0.697,0.696,0.696,0.697,0.698,0.699,0.699,0.7,0.702,0.703,0.703,0.702,0.702,0.702,0.702,0.704,0.706,0.708,0.71,0.715,0.72,0.723,0.725,0.726,0.728,0.73,0.732,0.734,0.737,0.739,0.74,0.743,0.746,0.749,0.752,0.754,0.756,0.757,0.759,0.76,0.761,0.76,0.76,0.76,0.762,0.763,0.764,0.767,0.77,0.771,0.774,0.776,0,0,0,0,0,0,0,0,0,0,0,0,0,0,0,0,0,0,0.775,0.773,0.772,0.772,0.771,0.77,0.769,0.769,0.769,0.769,0.769,0.769,0.768,0.768,0.767,0.766,0.764,0.763,0.762,0.761,0.76,0.759,0.759,0.758,0.759,0.758,0.758,0.758,0.758,0.758,0.758,0.758,0.758,0,0,0,0,0,0,0,0,0.765,0.762,0.756,0.751,0,0.746,0,0,0,0,0,0,0,0,0,0,0,0,0,0
0,0,0,0,0,0,0,0,0,0,0,0,0,0,0,0,0,0,0,0,0,0,0,0,0,0,0,0,0,0,0,0.805,0.805,0.805,0.805,0.804,0.805,0.807,0.807,0.808,0.809,0.809,0.811,0.812,0.814,0.815,0.818,0.822,0.825,0.829,0.833,0.837,0.842,0.845,0.849,0.851,0.854,0.856,0.858,0.861,0.862,0.864,0.867,0.868,0.87,0.872,0.873,0.874,0.875,0.877,0.877,0.877,0.877,0.877,0.875,0.875,0.874,0.874,0.873,0.874,0.873,0.873,0.874,0.875,0.878,0.883,0.888,0.895,0.9,0.906,0.913,0.919,0.924,0.927,0.931,0.934,0.935,0.937,0.94,0.941,0.945,0.948,0.953,0.957,0.962,0.965,0.969,0.972,0.974,0.977,0.979,0.98,0.983,0.985,0.988,0.99,0.994,0.998,1.003,1.006,1.009,1.012,1.016,1.019,1.021,0,0,0,0,0,0,0,0,0,0,0,0,0,0,0,0,0,0,0,0,0,0,0,0,0,0,0,0,0.429,0.428,0.428,0.428,0.428,0.428,0.428,0.428,0.428,0.428,0.428,0.428,0.428,0.428,0.428,0.428,0.429,0.429,0.429,0.429,0.43,0.43,0.431,0.431,0.432,0.432,0.433,0.433,0.434,0.434,0.435,0.436,0.436,0.437,0.437,0.438,0.438,0.439,0.439,0.44,0.44,0.441,0.441,0.441,0.441,0.442,0.442,0.442,0.443,0.443,0.444,0.444,0.445,0.446,0.446,0.447,0.448,0.449,0.449,0.45,0.451,0.451,0.452,0.453,0.454,0.454,0.455,0.456,0.457,0.457,0.457,0.458,0.458,0.458,0.458,0.458,0.458,0.458,0.457,0.457,0.456,0.456,0.456,0.455,0.455,0.454,0.454,0.453,0.453,0.453,0.453,0.453,0.453,0.453,0.453,0.454,0.455,0.455,0.456,0.457,0.458,0.459,0.46,0.461,0.462,0.464,0.465,0.467,0.468,0.469,0.471,0.472,0.474,0.475,0.476,0.477,0.478,0.479,0.48,0.481,0.483,0.484,0.485,0.486,0.487,0.487,0.487,0.487,0.488,0.487,0.488,0.489,0.489,0.49,0.491,0.492,0.493,0.494,0.495,0.496,0.498,0.499,0.501,0.503,0.505,0.507,0.51,0.512,0.513,0.516,0.517,0.519,0.519,0.52,0.521,0.522,0.523,0.523,0.524,0.525,0.526,0.527,0.527,0.528,0.528,0.528,0.529,0.529,0.529,0.53,0.53,0.53,0.53,0.529,0.529,0.529,0.528,0.528,0.528,0.528,0.528,0.528,0.529,0.53,0.531,0.532,0.533,0.533,0.533,0.533,0.534,0.534,0.535,0.536,0.537,0.538,0.539,0.54,0.541,0.542,0.543,0.543,0.545,0.545,0.546,0.547,0.548,0.549,0.55,0.551,0.551,0.552,0.553,0.554,0.554,0.556,0.558,0.56,0.562,0.565,0.567,0.57,0.572,0.574,0.575,0.578,0.58,0.582,0.584,0.587,0.591,0.596,0.603,0.608,0.616,0.621,0.625,0.626,0.628,0.628,0.628,0.627,0.626,0.626,0.626,0.625,0.625,0.625,0.624,0.624,0.624,0.625,0.626,0.626,0.628,0.63,0.634,0.638,0.64,0.644,0.648,0.652,0.655,0.659,0.662,0.665,0.668,0.669,0.672,0.672,0.674,0.674,0.674,0.673,0.672,0.67,0.67,0.67,0,0,0,0,0,0,0,3.073,3.073,3.073,3.073,3.073,3.088,3.104,3.12,3.136,3.168,3.184,3.184,3.218,3.235,0,0,0,0,0,0,0,0,0,0,0,0,0,0,0,0,0,0,0,0,0,0,0,0,0,0,0,0,0,0,0,0.701,0.699,0.698,0.697,0.696,0.694,0.692,0.692,0.692,0.692,0.692,0.693,0.693,0.694,0.694,0.694,0.694,0.695,0.695,0.696,0.696,0.697,0.697,0.698,0.698,0.698,0.698,0.698,0.698,0.698,0.7,0.7,0.701,0.702,0.702,0.704,0.704,0.702,0.702,0.702,0.702,0.704,0.705,0.707,0.71,0.713,0.72,0.722,0.725,0.727,0.728,0.73,0.732,0.735,0.738,0.74,0.741,0.743,0.747,0.75,0.753,0.755,0.756,0.758,0.759,0.76,0.761,0.761,0.76,0.761,0.762,0.763,0.765,0.767,0.77,0.772,0,0,0,0,0,0,0,0,0,0,0,0,0,0,0,0,0,0,0,0.775,0.774,0.773,0.772,0.771,0.77,0.769,0.769,0.769,0.769,0.769,0.769,0.769,0.768,0.768,0.767,0.766,0.765,0.763,0.762,0.761,0.76,0.76,0.759,0.759,0.758,0.759,0.759,0.758,0.759,0.759,0.76,0.76,0.761,0,0,0,0,0,0,0,0,0.763,0.759,0.75,0.743,0.742,0,0,0,0,0,0,0,0,0,0,0,0,0,0,0
0,0,0,0,0,0,0,0,0,0,0,0,0,0,0,0,0,0,0,0,0,0,0,0,0,0,0,0,0,0,0,0.807,0.807,0.805,0.805,0.805,0.805,0.807,0.808,0.808,0.809,0.81,0.811,0.812,0.813,0.815,0.818,0.823,0.826,0.83,0.834,0.84,0.843,0.848,0.85,0.854,0.855,0.858,0.86,0.862,0.863,0.864,0.867,0.868,0.869,0.872,0.873,0.874,0.875,0.877,0.877,0.878,0.878,0.877,0.875,0.875,0.875,0.874,0.874,0.874,0.873,0.874,0.874,0.875,0.878,0.882,0.887,0.893,0.898,0.905,0.912,0.917,0.924,0.928,0.933,0.935,0.937,0.94,0.941,0.944,0.947,0.95,0.954,0.959,0.962,0.966,0.969,0.972,0.975,0.977,0.979,0.98,0.982,0.985,0.988,0.99,0.993,0.998,1.001,1.006,1.009,1.014,1.017,0,0,0,0,0,0,0,0,0,0,0,0,0,0,0,0,0,0,0,0,0,0,0,0,0,0,0,0,0,0.429,0.428,0.428,0.428,0.428,0.428,0.428,0.428,0.428,0.428,0.428,0.428,0.428,0.428,0.429,0.429,0.429,0.429,0.429,0.43,0.43,0.43,0.431,0.431,0.432,0.432,0.432,0.433,0.434,0.434,0.435,0.436,0.436,0.436,0.437,0.438,0.438,0.439,0.439,0.44,0.44,0.441,0.441,0.441,0.441,0.442,0.442,0.442,0.443,0.443,0.444,0.444,0.445,0.446,0.446,0.447,0.447,0.448,0.449,0.45,0.45,0.451,0.451,0.452,0.453,0.454,0.454,0.455,0.456,0.457,0.457,0.458,0.458,0.458,0.458,0.459,0.459,0.458,0.458,0.458,0.458,0.457,0.457,0.456,0.456,0.455,0.455,0.455,0.454,0.454,0.454,0.453,0.453,0.453,0.454,0.454,0.454,0.455,0.456,0.457,0.458,0.458,0.459,0.46,0.461,0.463,0.464,0.466,0.467,0.468,0.47,0.472,0.473,0.475,0.476,0.476,0.478,0.479,0.48,0.481,0.482,0.484,0.485,0.486,0.487,0.487,0.487,0.487,0.487,0.488,0.487,0.488,0.489,0.489,0.49,0.491,0.492,0.493,0.494,0.495,0.496,0.497,0.499,0.501,0.503,0.506,0.508,0.51,0.513,0.514,0.516,0.518,0.519,0.52,0.52,0.522,0.522,0.523,0.523,0.524,0.525,0.526,0.527,0.528,0.528,0.528,0.529,0.529,0.53,0.53,0.531,0.531,0.531,0.531,0.53,0.53,0.529,0.529,0.528,0.528,0.528,0.528,0.528,0.53,0.531,0.532,0.533,0.533,0.533,0.534,0.534,0.535,0.536,0.537,0.537,0.538,0.539,0.54,0.541,0.542,0.543,0.543,0.544,0.545,0.546,0.547,0.548,0.549,0.55,0.551,0.552,0.553,0.553,0.554,0.555,0.556,0.558,0.559,0.561,0.563,0.566,0.569,0.571,0.573,0.574,0.576,0.578,0.58,0.581,0.584,0.588,0.591,0.597,0.604,0.611,0.618,0.622,0.625,0.628,0.628,0.628,0.628,0.628,0.626,0.626,0.626,0.625,0.625,0.625,0.625,0.625,0.626,0.626,0.626,0.628,0.63,0.632,0.635,0.638,0.642,0.645,0.648,0.652,0.656,0.659,0.663,0.667,0.669,0.672,0.672,0.675,0.675,0.675,0.675,0.674,0.672,0.67,0.67,0.67,0,0,0,0,0,0,0,3.088,3.088,3.088,3.088,3.088,3.088,3.104,3.12,3.152,3.152,3.168,3.184,3.201,3.235,0,0,0,0,0,0,0,0,0,0,0,0,0,0,0,0,0,0,0,0,0,0,0,0,0,0,0,0,0,0,0,0.701,0.699,0.698,0.697,0.696,0.694,0.693,0.692,0.692,0.693,0.693,0.694,0.694,0.694,0.694,0.694,0.694,0.695,0.695,0.696,0.696,0.696,0.698,0.698,0.698,0.698,0.698,0.698,0.698,0.7,0.701,0.701,0.702,0.702,0.704,0.705,0.705,0.703,0.703,0.702,0.703,0.705,0.706,0.707,0.71,0.714,0.72,0.723,0.725,0.727,0.729,0.731,0.732,0.736,0.739,0.74,0.742,0.744,0.748,0.751,0.753,0.755,0.756,0.758,0.759,0.76,0.761,0.761,0.76,0.761,0.762,0.763,0.763,0.767,0.769,0.771,0.774,0.776,0,0,0,0,0,0,0,0,0,0,0,0,0,0,0,0,0.774,0.774,0.773,0.772,0.772,0.771,0.77,0.769,0.768,0.769,0.769,0.769,0.769,0.769,0.769,0.768,0.768,0.767,0.765,0.764,0.763,0.762,0.761,0.76,0.76,0.76,0.759,0.76,0.759,0.76,0.76,0.761,0.762,0.762,0,0,0,0,0,0,0,0,0,0.763,0.754,0.745,0.735,0,0,0,0,0,0,0,0,0,0,0,0,0,0,0,0
0,0,0,0,0,0,0,0,0,0,0,0,0,0,0,0,0,0,0,0,0,0,0,0,0,0,0,0,0,0,0,0.807,0.808,0.807,0.807,0.807,0.805,0.807,0.807,0.808,0.809,0.81,0.811,0.811,0.813,0.815,0.818,0.823,0.826,0.832,0.835,0.84,0.844,0.849,0.852,0.855,0.857,0.86,0.861,0.862,0.864,0.866,0.867,0.869,0.87,0.872,0.873,0.874,0.875,0.877,0.878,0.878,0.878,0.878,0.878,0.878,0.877,0.877,0.877,0.875,0.875,0.875,0.875,0.877,0.878,0.882,0.886,0.891,0.897,0.902,0.909,0.916,0.923,0.927,0.933,0.935,0.938,0.94,0.943,0.944,0.948,0.951,0.956,0.96,0.963,0.968,0.971,0.974,0.977,0.979,0.98,0.98,0.983,0.985,0.986,0.99,0.993,0.996,1.001,1.006,1.009,1.014,1.017,1.021,1.023,0,0,0,0,0,0,0,0,0,0,0,0,0,0,0,0,0,0,0,0,0,0,0,0,0,0,0,0,0.428,0.428,0.428,0.428,0.428,0.428,0.428,0.428,0.428,0.428,0.429,0.429,0.429,0.429,0.429,0.429,0.429,0.43,0.43,0.431,0.431,0.431,0.432,0.432,0.433,0.433,0.434,0.434,0.435,0.435,0.436,0.436,0.437,0.438,0.438,0.439,0.439,0.44,0.44,0.441,0.441,0.441,0.442,0.442,0.443,0.443,0.443,0.444,0.444,0.444,0.445,0.446,0.446,0.447,0.447,0.448,0.449,0.449,0.45,0.45,0.451,0.452,0.453,0.453,0.454,0.454,0.455,0.456,0.457,0.457,0.458,0.458,0.458,0.459,0.459,0.459,0.459,0.459,0.459,0.458,0.458,0.458,0.457,0.457,0.456,0.456,0.455,0.455,0.455,0.454,0.454,0.454,0.454,0.454,0.454,0.455,0.456,0.456,0.457,0.458,0.459,0.46,0.461,0.462,0.463,0.465,0.467,0.468,0.469,0.471,0.473,0.474,0.475,0.476,0.477,0.478,0.48,0.481,0.482,0.483,0.484,0.485,0.486,0.487,0.487,0.487,0.487,0.487,0.487,0.487,0.488,0.488,0.489,0.489,0.491,0.491,0.492,0.494,0.494,0.496,0.497,0.499,0.501,0.504,0.507,0.509,0.511,0.513,0.515,0.516,0.518,0.519,0.52,0.521,0.522,0.522,0.523,0.524,0.524,0.525,0.526,0.527,0.528,0.528,0.529,0.529,0.53,0.53,0.531,0.531,0.531,0.531,0.531,0.53,0.53,0.53,0.529,0.529,0.528,0.528,0.528,0.529,0.53,0.531,0.532,0.533,0.533,0.534,0.535,0.535,0.536,0.536,0.537,0.538,0.539,0.54,0.541,0.541,0.542,0.543,0.544,0.545,0.546,0.547,0.548,0.549,0.551,0.552,0.553,0.554,0.554,0.555,0.555,0.557,0.557,0.559,0.56,0.562,0.564,0.566,0.569,0.571,0.573,0.575,0.577,0.579,0.58,0.582,0.584,0.588,0.593,0.598,0.605,0.612,0.618,0.622,0.626,0.628,0.628,0.628,0.628,0.628,0.627,0.627,0.626,0.626,0.626,0.626,0.627,0.628,0.628,0.628,0.629,0.63,0.632,0.634,0.637,0.64,0.642,0.646,0.649,0.652,0.656,0.66,0.664,0.668,0.671,0.673,0.675,0.676,0.677,0.677,0.677,0.675,0.672,0.672,0.671,0.67,0,0,0,0,0,0,3.104,3.104,3.104,3.104,3.104,3.104,3.12,3.136,3.136,3.152,3.168,3.184,3.184,3.218,0,0,0,0,0,0,0,0,0,0,0,0,0,0,0,0,0,0,0,0,0,0,0,0,0,0,0,0,0,0,0,0,0.702,0.7,0.698,0.697,0.696,0.694,0.694,0.693,0.693,0.693,0.694,0.694,0.694,0.694,0.694,0.695,0.695,0.695,0.696,0.696,0.696,0.697,0.698,0.698,0.698,0.698,0.699,0.699,0.7,0.7,0.702,0.702,0.703,0.704,0.705,0.706,0.706,0.704,0.704,0.704,0.704,0.706,0.706,0.707,0.71,0.714,0.72,0.723,0.725,0.727,0.729,0.731,0.733,0.736,0.739,0.741,0.743,0.745,0.748,0.751,0.754,0.756,0.757,0.758,0.759,0.761,0.762,0.761,0.761,0.761,0.762,0.763,0.765,0.768,0.769,0.77,0.774,0,0,0,0,0,0,0,0,0,0,0,0,0,0,0,0,0.775,0.774,0.774,0.773,0.772,0.771,0.77,0.77,0.769,0.768,0.768,0.769,0.769,0.769,0.769,0.769,0.769,0.768,0.767,0.766,0.765,0.763,0.762,0.762,0.761,0.761,0.76,0.76,0.76,0.76,0.761,0.762,0.762,0.763,0.765,0.766,0.767,0.77,0,0,0,0,0,0,0.763,0.753,0,0,0.728,0,0,0,0,0,0,0,0,0,0,0,0,0,0,0
0,0,0,0,0,0,0,0,0,0,0,0,0,0,0,0,0,0,0,0,0,0,0,0,0,0,0,0,0,0,0,0.808,0.808,0.807,0.807,0.807,0.807,0.807,0.808,0.808,0.809,0.81,0.811,0.811,0.813,0.815,0.818,0.823,0.827,0.832,0.836,0.841,0.845,0.85,0.854,0.856,0.858,0.86,0.862,0.863,0.864,0.866,0.867,0.868,0.87,0.872,0.873,0.874,0.875,0.878,0.878,0.879,0.879,0.879,0.879,0.879,0.879,0.878,0.878,0.878,0.877,0.877,0.877,0.877,0.878,0.88,0.884,0.889,0.895,0.901,0.906,0.913,0.92,0.926,0.93,0.934,0.937,0.94,0.943,0.945,0.948,0.953,0.957,0.96,0.965,0.968,0.972,0.974,0.977,0.979,0.979,0.98,0.982,0.985,0.986,0.988,0.991,0.994,0.999,1.006,1.009,1.014,1.019,1.023,1.026,1.029,0,0,0,0,0,0,0,0,0,0,0,0,0,0,0,0,0,0,0,0,0,0,0,0,0,0,0,0.428,0.428,0.428,0.428,0.428,0.428,0.428,0.428,0.428,0.429,0.429,0.429,0.429,0.429,0.43,0.43,0.43,0.43,0.431,0.431,0.432,0.432,0.433,0.433,0.433,0.434,0.434,0.435,0.436,0.436,0.436,0.437,0.438,0.438,0.439,0.439,0.439,0.44,0.441,0.441,0.441,0.442,0.442,0.443,0.443,0.444,0.444,0.445,0.445,0.445,0.446,0.447,0.447,0.448,0.448,0.449,0.449,0.45,0.45,0.451,0.451,0.452,0.453,0.454,0.454,0.455,0.455,0.456,0.457,0.457,0.458,0.458,0.458,0.459,0.459,0.459,0.459,0.459,0.459,0.459,0.459,0.458,0.458,0.458,0.457,0.456,0.456,0.456,0.455,0.455,0.455,0.455,0.454,0.455,0.455,0.455,0.456,0.457,0.458,0.458,0.459,0.46,0.462,0.463,0.465,0.466,0.468,0.469,0.471,0.472,0.473,0.475,0.476,0.477,0.478,0.479,0.48,0.481,0.482,0.483,0.484,0.485,0.486,0.487,0.487,0.487,0.487,0.487,0.487,0.487,0.487,0.488,0.489,0.489,0.49,0.491,0.492,0.493,0.494,0.496,0.498,0.499,0.502,0.505,0.507,0.509,0.511,0.513,0.515,0.516,0.518,0.519,0.52,0.521,0.522,0.522,0.523,0.524,0.525,0.526,0.527,0.528,0.528,0.529,0.529,0.53,0.531,0.531,0.532,0.532,0.532,0.532,0.532,0.531,0.531,0.53,0.53,0.529,0.529,0.529,0.529,0.529,0.53,0.531,0.532,0.533,0.534,0.534,0.535,0.536,0.536,0.537,0.538,0.539,0.54,0.54,0.541,0.542,0.543,0.544,0.545,0.546,0.547,0.548,0.549,0.551,0.552,0.553,0.555,0.555,0.556,0.556,0.557,0.558,0.559,0.56,0.561,0.563,0.565,0.567,0.569,0.572,0.573,0.575,0.577,0.579,0.58,0.581,0.584,0.588,0.592,0.599,0.607,0.613,0.619,0.623,0.626,0.628,0.628,0.629,0.628,0.628,0.628,0.627,0.628,0.627,0.628,0.629,0.63,0.63,0.632,0.632,0.633,0.634,0.636,0.638,0.64,0.642,0.645,0.647,0.65,0.654,0.657,0.661,0.665,0.669,0.673,0.675,0.677,0.678,0.68,0.68,0.68,0.678,0.675,0.676,0.675,0,0,0,0,0,0,0,3.12,3.12,3.136,3.136,3.12,3.136,3.136,3.152,3.168,3.168,3.184,3.184,3.201,3.218,0,0,0,0,0,0,0,0,0,0,0,0,0,0,0,0,0,0,0,0,0,0,0,0,0,0,0,0,0,0,0,0,0.702,0.701,0.699,0.698,0.697,0.694,0.694,0.694,0.694,0.694,0.694,0.694,0.694,0.695,0.695,0.695,0.695,0.696,0.696,0.697,0.697,0.697,0.698,0.698,0.698,0.699,0.701,0.701,0.701,0.702,0.704,0.705,0.705,0.706,0.706,0.706,0.707,0.706,0.705,0.704,0.706,0.707,0.708,0.71,0.711,0.715,0.72,0.723,0.725,0.728,0.73,0.732,0.734,0.737,0.74,0.742,0.743,0.746,0.749,0.752,0.754,0.756,0.757,0.759,0.76,0.761,0.762,0.761,0.761,0.762,0.763,0.765,0.767,0.771,0.774,0.778,0,0,0,0,0,0,0,0,0,0,0,0,0,0,0,0,0,0,0.775,0.775,0.774,0.773,0.772,0.771,0.77,0.769,0.768,0.768,0.769,0.769,0.769,0.77,0.769,0.769,0.769,0.768,0.767,0.766,0.764,0.763,0.762,0.762,0.762,0.761,0.761,0.761,0.761,0.762,0.762,0.764,0.765,0.767,0.769,0.771,0.773,0.773,0,0.775,0.774,0.772,0.771,0.764,0.751,0,0,0,0,0,0,0,0,0,0,0,0,0,0,0,0,0,0
0,0,0,0,0,0,0,0,0,0,0,0,0,0,0,0,0,0,0,0,0,0,0,0,0,0,0,0,0,0.809,0.808,0.808,0.808,0.808,0.808,0.808,0.808,0.808,0.808,0.809,0.809,0.81,0.811,0.812,0.813,0.815,0.818,0.823,0.826,0.83,0.835,0.841,0.845,0.85,0.854,0.857,0.858,0.861,0.863,0.864,0.864,0.867,0.868,0.869,0.87,0.872,0.874,0.875,0.877,0.878,0.879,0.88,0.882,0.88,0.882,0.882,0.882,0.88,0.88,0.88,0.879,0.879,0.879,0.878,0.879,0.882,0.884,0.888,0.892,0.898,0.904,0.91,0.917,0.924,0.928,0.934,0.937,0.94,0.943,0.945,0.948,0.953,0.957,0.962,0.965,0.968,0.972,0.975,0.977,0.979,0.98,0.98,0.982,0.983,0.985,0.986,0.99,0.994,0.999,1.004,1.011,1.016,1.019,1.024,1.029,1.033,1.035,0,0,0,0,0,0,0,0,0,0,0,0,0,0,0,0,0,0,0,0,0,0,0,0,0,0,0,0.428,0.428,0.428,0.428,0.428,0.428,0.429,0.429,0.429,0.429,0.429,0.43,0.43,0.43,0.43,0.431,0.431,0.431,0.432,0.432,0.432,0.433,0.433,0.434,0.434,0.435,0.436,0.436,0.437,0.437,0.438,0.438,0.439,0.439,0.44,0.44,0.44,0.441,0.441,0.442,0.442,0.443,0.443,0.444,0.445,0.445,0.445,0.446,0.446,0.447,0.447,0.448,0.448,0.449,0.449,0.45,0.45,0.451,0.452,0.452,0.453,0.453,0.454,0.455,0.455,0.456,0.456,0.457,0.458,0.458,0.459,0.459,0.459,0.46,0.46,0.46,0.46,0.46,0.46,0.46,0.459,0.459,0.458,0.458,0.457,0.457,0.456,0.456,0.455,0.455,0.455,0.455,0.455,0.456,0.456,0.457,0.458,0.459,0.46,0.461,0.462,0.463,0.465,0.466,0.468,0.469,0.471,0.472,0.473,0.474,0.476,0.476,0.477,0.478,0.479,0.48,0.482,0.483,0.484,0.485,0.485,0.486,0.487,0.487,0.487,0.487,0.487,0.487,0.487,0.487,0.487,0.488,0.489,0.489,0.49,0.491,0.492,0.493,0.495,0.497,0.499,0.502,0.505,0,0.51,0.512,0.513,0.515,0.516,0.518,0.519,0.52,0.521,0.521,0.522,0.523,0.524,0.525,0.526,0.527,0.528,0.528,0.529,0.53,0.53,0.531,0.532,0.532,0.532,0.532,0.532,0.532,0.531,0.531,0.53,0.529,0.529,0.529,0.528,0.529,0.529,0.53,0.531,0.532,0.533,0.534,0.535,0.536,0.536,0.537,0.538,0.539,0.54,0.541,0.541,0.541,0.542,0.543,0.544,0.545,0.546,0.548,0.549,0.55,0.552,0.553,0.554,0.556,0.556,0.557,0.557,0.558,0.559,0.56,0.561,0.562,0.564,0.565,0.567,0.57,0.572,0.573,0.575,0.577,0.579,0.58,0.581,0.584,0.588,0.593,0.6,0.607,0.615,0.619,0.623,0.626,0.628,0.629,0.629,0.628,0.628,0.628,0.628,0.629,0.629,0.63,0.632,0.633,0.634,0.635,0.636,0.636,0.638,0.639,0.64,0.642,0.644,0.646,0.648,0.651,0.655,0.658,0.662,0.667,0.672,0.675,0.678,0.679,0.681,0.683,0.683,0.683,0.681,0,0,0,0,0,0,0,0,0,0,3.152,3.136,3.152,3.152,3.152,3.168,3.168,3.184,3.201,3.201,3.201,3.218,3.235,0,0,0,0,0,0,0,0,0,0,0,0,0,0,0,0,0,0,0,0,0,0,0,0,0,0,0,0,0.714,0,0.71,0.708,0.706,0.703,0.702,0.7,0.698,0.697,0.695,0.694,0.694,0.694,0.694,0.694,0.695,0.695,0.696,0.696,0.696,0.696,0.696,0.697,0.697,0.697,0.698,0.698,0.698,0.699,0.7,0.702,0.702,0.703,0.704,0.706,0.706,0.707,0.708,0.709,0.709,0.709,0.708,0.707,0.707,0.708,0.71,0.71,0.711,0.714,0.717,0.721,0.724,0.726,0.728,0.73,0.732,0.735,0.738,0.74,0.742,0.744,0.746,0.749,0.752,0.754,0.756,0.758,0.76,0.761,0.762,0.764,0.764,0.766,0.768,0.77,0.773,0.775,0.78,0.783,0.788,0.793,0.797,0,0,0,0,0,0,0,0,0,0,0,0,0,0.781,0.78,0.778,0.777,0.776,0.774,0.773,0.772,0.771,0.77,0.769,0.768,0.768,0.769,0.769,0.77,0.77,0.77,0.77,0.769,0.769,0.768,0.767,0.765,0.764,0.762,0.762,0.762,0.762,0.762,0.762,0.762,0.762,0.764,0.765,0.767,0.769,0.771,0.774,0.775,0.776,0.777,0.777,0.776,0.775,0.768,0.762,0.749,0,0,0,0,0,0,0,0,0,0,0,0,0,0,0,0,0,0
0,0,0,0,0,0,0,0,0,0,0,0,0,0,0,0,0,0,0,0,0,0,0,0,0,0,0,0,0,0.809,0.809,0.808,0.808,0.808,0.808,0.808,0.808,0.809,0.809,0.81,0.81,0.81,0.811,0.812,0.813,0.815,0.818,0.822,0.826,0.83,0.835,0.841,0.845,0.85,0.854,0.857,0.86,0.862,0.863,0.864,0.866,0.867,0.868,0.87,0.872,0.873,0.874,0.875,0.878,0.879,0.88,0.882,0.883,0.883,0.883,0.883,0.883,0.883,0.883,0.883,0.882,0.882,0.882,0.88,0.88,0.882,0.883,0.887,0.891,0.896,0.902,0.908,0.916,0.921,0.927,0.931,0.937,0.94,0.944,0.945,0.95,0.954,0.959,0.962,0.965,0.969,0.972,0.975,0.977,0.979,0.98,0.98,0.982,0.983,0.985,0.986,0.99,0.993,0.999,1.006,1.009,1.016,1.021,1.024,1.029,1.033,1.036,0,0,0,0,0,0,0,0,0,0,0,0,0,0,0,0,0,0,0,0,0,0,0,0,0,0,0,0.428,0.428,0.428,0.428,0.429,0.429,0.429,0.429,0.429,0.429,0.43,0.43,0.43,0.431,0.431,0.431,0.431,0.432,0.432,0.432,0.433,0.434,0.434,0.435,0.435,0.436,0.436,0.437,0.437,0.438,0.438,0.439,0.439,0.44,0.44,0.441,0.441,0.441,0.442,0.442,0.443,0.443,0.444,0.445,0.445,0.446,0.446,0.447,0.447,0.448,0.448,0.449,0.449,0.449,0.45,0.451,0.451,0.452,0.452,0.453,0.453,0.454,0.455,0.455,0.456,0.456,0.457,0.458,0.458,0.459,0.459,0.459,0.46,0.46,0.46,0.46,0.46,0.46,0.46,0.46,0.46,0.459,0.459,0.458,0.458,0.457,0.457,0.456,0.456,0.456,0.456,0.456,0.456,0.457,0.457,0.458,0.459,0.46,0.46,0.462,0.463,0.465,0.466,0.468,0.469,0.471,0.472,0.473,0.474,0.475,0.476,0.477,0.478,0.479,0.48,0.481,0.482,0.483,0.484,0.485,0.485,0.486,0.487,0.487,0.486,0.486,0.486,0.486,0.486,0.486,0.487,0.487,0.487,0.489,0.489,0.49,0.491,0.492,0.495,0.497,0.499,0.502,0.505,0,0.51,0.512,0.513,0.515,0.516,0.518,0.519,0.52,0.521,0.522,0.522,0.523,0.524,0.525,0.526,0.527,0.528,0.529,0.529,0.53,0.531,0.531,0.532,0.532,0.532,0.532,0.532,0.532,0.531,0.53,0.53,0.529,0.529,0.529,0.528,0.529,0.529,0.53,0.531,0.532,0.533,0.533,0.534,0.535,0.536,0.537,0.539,0.539,0.54,0.541,0.541,0.542,0.542,0.544,0.545,0.546,0.547,0.548,0.55,0.551,0.552,0.554,0.555,0.556,0.557,0.558,0.558,0.559,0.56,0.562,0.562,0.563,0.564,0.566,0.568,0.57,0.572,0.574,0.575,0.577,0.579,0.58,0.581,0.584,0.588,0.593,0.601,0.608,0.615,0.62,0.623,0.627,0.629,0.63,0.629,0.63,0.629,0.629,0.63,0.631,0.632,0.634,0.636,0.637,0.639,0.64,0.64,0.64,0.642,0.642,0.643,0.644,0.645,0.648,0.65,0.653,0.657,0.66,0.664,0.669,0.674,0.678,0.68,0.682,0.684,0.687,0,0,0,0,0,0,0,0,0,0,0,0,0,3.168,3.168,3.168,3.184,3.184,3.184,3.201,3.201,3.218,3.235,3.235,3.235,3.252,0,0,0,0,0,0,0,0,0,0,0,0,0,0,0,0,0,0,0,0,0,0,0,0,0.715,0,0,0.716,0.715,0.715,0.712,0.71,0.707,0.704,0.702,0.7,0.698,0.698,0.695,0.695,0.695,0.695,0.695,0.695,0.696,0.696,0.697,0.697,0.697,0.697,0.697,0.698,0.698,0.698,0.698,0.698,0.698,0.699,0.702,0.703,0.704,0.705,0.706,0.708,0.709,0.71,0.71,0.71,0.71,0.71,0.71,0.709,0.709,0.71,0.711,0.713,0.714,0.715,0.718,0.722,0.725,0.726,0.729,0.731,0.732,0.735,0.739,0.741,0.742,0.745,0.746,0.749,0.753,0.754,0.757,0.758,0.761,0.762,0.764,0.767,0.768,0.77,0.773,0.776,0.779,0.782,0.786,0.79,0.793,0.798,0.802,0,0,0.81,0.811,0.81,0.809,0.804,0.803,0.802,0.799,0.796,0,0,0.784,0.783,0.78,0.778,0.777,0.775,0.773,0.772,0.771,0.77,0.769,0.769,0.768,0.769,0.77,0.77,0.77,0.771,0.77,0.77,0.769,0.769,0.767,0.766,0.764,0.763,0.762,0.762,0.762,0.762,0.762,0.762,0.763,0.765,0.767,0.769,0.771,0.773,0.775,0.777,0.779,0.78,0.78,0.778,0.778,0.772,0.764,0.749,0,0,0,0,0,0,0,0,0,0,0,0,0,0,0,0,0,0
0,0,0,0,0,0,0,0,0,0,0,0,0,0,0,0,0,0,0,0,0,0,0,0,0,0,0,0,0,0.808,0.808,0.808,0.808,0.808,0.808,0.808,0.808,0.809,0.81,0.81,0.81,0.811,0.812,0.813,0.814,0.816,0.818,0.822,0.826,0.832,0.836,0.841,0.845,0.85,0.855,0.857,0.86,0.862,0.863,0.864,0.866,0.868,0.869,0.87,0.872,0.873,0.875,0.877,0.879,0.88,0.882,0.883,0.884,0.884,0.886,0.886,0.887,0.887,0.887,0.886,0.886,0.886,0.884,0.883,0.882,0.883,0.884,0.886,0.889,0.895,0.901,0.906,0.913,0.92,0.926,0.93,0.935,0.94,0.944,0.947,0.95,0.954,0.959,0.962,0.966,0.969,0.972,0.975,0.977,0.979,0.98,0.982,0.982,0.983,0.985,0.986,0.99,0.994,0.999,1.006,1.012,1.017,1.021,1.026,1.031,1.033,1.036,0,0,0,0,0,0,0,0,0,0,0,0,0,0,0,0,0,0,0,0,0,0,0,0,0,0,0,0.428,0.428,0.429,0.429,0.429,0.429,0.429,0.429,0.429,0.43,0.43,0.43,0.43,0.431,0.431,0.431,0.432,0.432,0.432,0.433,0.433,0.434,0.435,0.435,0.436,0.436,0.437,0.438,0.438,0.439,0.439,0.44,0.44,0.44,0.441,0.441,0.441,0.442,0.442,0.443,0.443,0.444,0.445,0.445,0.446,0.446,0.447,0.447,0.448,0.449,0.449,0.449,0.45,0.45,0.451,0.452,0.452,0.453,0.453,0.454,0.454,0.455,0.455,0.456,0.456,0.457,0.458,0.458,0.459,0.459,0.459,0.46,0.46,0.46,0.461,0.461,0.461,0.461,0.461,0.461,0.46,0.46,0.459,0.459,0.458,0.458,0.457,0.457,0.456,0.456,0.456,0.456,0.457,0.457,0.458,0.458,0.459,0.46,0.462,0.463,0.464,0.466,0.467,0.469,0.471,0.472,0.473,0.474,0.475,0.476,0.477,0.478,0.478,0.479,0.48,0.482,0.483,0.484,0.484,0.485,0.485,0.486,0.486,0.486,0.486,0.486,0.486,0.486,0.486,0.486,0.486,0.486,0.487,0.487,0.488,0.489,0.49,0.492,0.494,0.497,0.499,0.502,0.505,0.507,0.51,0.512,0.514,0.515,0.516,0.518,0.519,0.52,0.521,0.522,0.523,0.523,0.524,0.525,0.526,0.527,0.528,0.529,0.529,0.53,0.531,0.531,0.532,0.532,0.532,0.532,0.532,0.531,0.531,0.53,0.53,0.529,0.528,0.528,0.528,0.528,0.528,0.529,0.53,0.531,0.532,0.533,0.534,0.536,0.537,0.538,0.539,0.54,0.54,0.541,0.541,0.542,0.543,0.544,0.545,0.546,0.547,0.549,0.55,0.551,0.553,0.554,0.556,0.557,0.558,0.558,0.559,0.56,0.561,0.562,0.563,0.564,0.565,0.566,0.569,0.571,0.572,0.574,0.575,0.577,0.579,0.58,0.581,0.584,0.588,0.594,0.601,0.609,0.615,0.62,0.623,0.627,0.629,0.63,0.63,0.63,0.63,0.63,0.632,0.633,0.634,0.637,0.64,0.641,0.642,0.644,0.644,0.644,0.645,0.646,0.646,0.646,0.648,0.649,0.652,0.655,0.658,0.662,0.666,0.671,0.676,0.681,0.683,0.687,0.689,0.691,0.694,0,0,0,0.696,0,0,0,0,0,0,0,0,3.184,3.184,3.184,3.201,3.201,3.218,3.235,3.235,3.235,3.252,3.269,3.269,3.269,0,0,0,0,0,0,0,0,0,0,0,0,0,0,0,0,0,0,0,0,0,0,0,0.715,0.716,0.716,0.718,0.717,0.717,0.715,0.714,0.71,0.708,0.706,0.702,0.701,0.698,0.698,0.696,0.696,0.696,0.696,0.696,0.696,0.697,0.698,0.698,0.698,0.698,0.698,0.698,0.698,0.698,0.699,0.699,0.699,0.699,0.701,0.703,0.705,0.706,0.707,0.709,0.71,0.711,0.712,0.712,0.713,0.713,0.713,0.712,0.711,0.711,0.712,0.715,0.715,0.716,0.717,0.72,0.723,0.726,0.727,0.73,0.732,0.732,0.736,0.739,0.741,0.743,0.745,0.747,0.75,0.753,0.756,0.758,0.76,0.762,0.764,0.767,0.769,0.77,0.772,0.775,0.779,0.781,0.785,0.789,0.793,0.797,0.801,0.804,0,0,0.81,0,0.811,0.809,0.807,0,0,0,0,0,0,0,0.786,0.783,0.782,0.779,0.777,0.775,0.773,0.772,0.77,0.769,0.769,0.769,0.77,0.77,0.771,0.771,0.771,0.771,0.771,0.77,0.769,0.768,0.766,0.765,0.764,0.763,0.762,0.762,0.762,0.762,0.762,0.764,0.766,0.768,0.77,0.772,0.775,0.777,0.779,0.78,0.78,0.781,0.779,0.78,0.774,0.767,0,0,0,0,0,0,0,0,0,0,0,0,0,0,0,0,0,0,0
0,0,0,0,0,0,0,0,0,0,0,0,0,0,0,0,0,0,0,0,0,0,0,0,0,0,0,0,0,0,0.805,0.807,0.807,0.807,0.807,0.807,0.808,0.808,0.809,0.81,0.811,0.811,0.812,0.813,0.814,0.816,0.818,0.823,0.826,0.832,0.836,0.841,0.845,0.85,0.855,0.857,0.86,0.862,0.863,0.866,0.867,0.868,0.87,0.872,0.873,0.874,0.877,0.878,0.88,0.882,0.883,0.884,0.887,0.887,0.887,0.888,0.889,0.889,0.889,0.889,0.889,0.888,0.887,0.886,0.884,0.884,0.886,0.887,0.888,0.893,0.898,0.905,0.912,0.919,0.924,0.93,0.935,0.941,0.945,0.947,0.951,0.956,0.959,0.963,0.966,0.971,0.974,0.977,0.979,0.98,0.98,0.982,0.983,0.985,0.985,0.988,0.991,0.994,1.001,1.007,1.012,1.017,1.023,1.028,1.031,1.033,1.035,1.035,0,0,0,0,0,0,0,0,0,0,0,0,0,0,0,0,0,0,0,0,0,0,0,0,0,0,0,0.429,0.429,0.429,0.429,0.429,0.429,0.429,0.43,0.43,0.43,0.431,0.431,0.431,0.431,0.432,0.432,0.432,0.433,0.433,0.434,0.434,0.435,0.436,0.436,0.437,0.438,0.438,0.439,0.439,0.44,0.44,0.441,0.441,0.441,0.441,0.442,0.442,0.443,0.443,0.444,0.444,0.445,0.446,0.446,0.447,0.447,0.448,0.449,0.449,0.45,0.45,0.451,0.451,0.452,0.452,0.453,0.453,0.454,0.454,0.455,0.455,0.456,0.457,0.457,0.457,0.458,0.459,0.459,0.459,0.46,0.46,0.46,0.461,0.461,0.461,0.461,0.461,0.461,0.461,0.46,0.46,0.46,0.459,0.459,0.458,0.457,0.457,0.457,0.457,0.457,0.457,0.457,0.458,0.458,0.459,0.46,0.461,0.463,0.464,0.466,0.467,0.469,0.47,0.472,0.472,0.473,0.475,0.475,0.476,0.477,0.478,0.479,0.48,0.481,0.482,0.483,0.484,0.485,0.485,0.486,0.486,0.486,0.486,0.486,0.485,0.485,0.485,0.485,0.485,0.485,0.486,0.486,0.487,0.488,0.489,0.491,0.493,0.495,0.498,0.5,0.503,0.505,0.507,0.51,0.512,0.513,0.515,0.516,0.518,0.519,0.52,0.521,0.522,0.523,0.524,0.525,0.526,0.527,0.528,0.528,0.529,0.53,0.53,0.531,0.531,0.532,0.532,0.532,0.532,0.532,0.531,0.53,0.529,0.529,0.528,0.528,0.528,0.527,0.527,0.528,0.528,0.529,0.53,0.532,0.533,0.535,0.536,0.537,0.538,0.539,0.54,0.541,0.541,0.541,0.542,0.543,0.544,0.545,0.546,0.548,0.549,0.55,0.552,0.553,0.555,0.556,0.558,0.558,0.559,0.56,0.561,0.562,0.563,0.564,0.565,0.566,0.567,0.569,0.571,0.572,0.574,0.576,0.577,0.579,0.58,0.581,0.584,0.588,0.594,0.601,0.608,0.615,0.619,0.623,0.626,0.629,0.63,0.63,0.63,0.63,0.632,0.633,0.635,0.637,0.64,0.642,0.645,0.646,0.647,0.648,0.648,0.648,0.649,0.65,0.65,0.65,0.652,0.655,0.658,0.66,0.664,0.669,0.673,0.679,0.684,0.686,0.691,0.694,0.697,0.7,0.702,0,0,0,0.711,0,0,0,0,0,0,3.201,3.201,3.218,3.218,3.218,3.218,3.235,3.235,3.252,3.252,3.252,3.269,3.286,0,0,0,0,0,0,0,0,0,0,0,0,0,0,0,0,0,0,0,0,0,0,0,0.717,0.718,0.718,0.719,0.72,0.72,0.719,0.717,0.715,0.711,0.709,0.706,0.704,0.701,0.7,0.698,0.697,0.697,0.697,0.697,0.698,0.698,0.698,0.698,0.698,0.698,0.699,0.699,0.699,0.699,0.699,0.7,0.7,0.7,0.7,0.702,0.703,0.705,0.706,0.709,0.711,0.713,0.714,0.715,0.715,0.715,0.715,0.715,0.715,0.714,0.713,0.715,0.716,0.717,0.718,0.72,0.721,0.725,0.726,0.728,0.731,0.732,0.734,0.737,0.74,0.742,0.743,0.746,0.748,0.752,0.755,0.757,0.759,0.761,0.764,0.765,0.768,0.771,0.772,0.774,0.777,0.78,0.784,0.787,0.791,0.795,0.799,0.803,0.807,0.808,0.809,0.811,0.811,0.811,0.809,0.808,0.805,0,0,0.801,0.797,0,0,0.789,0,0.784,0.782,0.78,0.778,0.775,0.774,0.772,0.771,0.771,0.771,0.77,0.771,0.772,0.772,0.772,0.772,0.771,0.771,0.769,0.768,0.766,0.766,0.764,0.763,0.763,0.762,0.762,0.763,0.764,0.765,0.767,0.769,0.771,0.774,0.777,0.779,0.781,0.781,0.782,0.782,0.781,0.781,0,0,0,0,0,0,0,0,0,0,0,0,0,0,0,0,0,0,0,0,0
0,0,0,0,0,0,0,0,0,0,0,0,0,0,0,0,0,0,0,0,0,0,0,0,0,0,0,0,0,0,0,0.804,0.804,0.804,0.805,0.805,0.807,0.808,0.808,0.809,0.81,0.811,0.812,0.813,0.814,0.816,0.818,0.823,0.826,0.83,0.836,0.841,0.845,0.85,0.855,0.857,0.86,0.862,0.863,0.866,0.867,0.869,0.87,0.873,0.874,0.875,0.878,0.879,0.882,0.883,0.884,0.887,0.888,0.888,0.891,0.891,0.892,0.892,0.892,0.892,0.892,0.891,0.889,0.888,0.886,0.886,0.886,0.887,0.888,0.892,0.897,0.904,0.91,0.916,0.923,0.928,0.935,0.941,0.945,0.948,0.951,0.956,0.96,0.965,0.968,0.971,0.974,0.977,0.979,0.98,0.982,0.982,0.983,0.985,0.986,0.99,0.994,0.999,1.004,1.011,1.016,1.021,1.024,1.028,1.029,1.031,1.033,1.035,0,0,0,0,0,0,0,0,0,0,0,0,0,0,0,0,0,0,0,0,0,0,0,0,0,0,0,0.429,0.429,0.429,0.429,0.429,0.429,0.43,0.43,0.43,0.431,0.431,0.431,0.431,0.432,0.432,0.432,0.432,0.433,0.433,0.434,0.435,0.435,0.436,0.437,0.437,0.438,0.439,0.439,0.44,0.44,0.441,0.441,0.441,0.441,0.442,0.442,0.442,0.443,0.443,0.444,0.445,0.445,0.446,0.447,0.447,0.448,0.449,0.449,0.45,0.45,0.451,0.451,0.452,0.452,0.453,0.453,0.454,0.454,0.455,0.455,0.456,0.457,0.457,0.457,0.458,0.458,0.459,0.459,0.46,0.46,0.46,0.461,0.461,0.461,0.461,0.461,0.461,0.461,0.461,0.461,0.46,0.46,0.459,0.459,0.458,0.458,0.457,0.457,0.457,0.457,0.457,0.458,0.459,0.459,0.46,0.461,0.462,0.464,0.465,0.467,0.468,0.47,0.471,0.472,0.473,0.474,0.475,0.476,0.476,0.478,0.478,0.479,0.48,0.481,0.482,0.484,0.484,0.485,0.485,0.485,0.486,0.486,0.486,0.486,0.485,0.485,0.485,0.485,0.485,0.485,0.486,0.487,0.487,0.489,0.491,0.492,0.494,0.497,0.499,0.501,0.504,0.506,0.508,0.51,0.513,0.514,0.516,0.517,0.519,0.52,0.52,0.522,0.523,0.523,0.524,0.525,0.526,0.527,0.528,0.529,0.529,0.53,0.53,0.531,0.531,0.532,0.532,0.532,0.532,0.531,0.531,0.53,0.529,0.529,0.528,0.528,0.528,0.527,0.527,0.527,0.528,0.528,0.53,0.531,0.533,0.534,0.536,0.537,0.538,0.54,0.541,0.541,0.541,0.542,0.542,0.543,0.544,0.545,0.547,0.548,0.55,0.551,0.552,0.554,0.555,0.557,0.558,0.559,0.56,0.561,0.562,0.563,0.564,0.565,0.566,0.567,0.568,0.57,0.572,0.573,0.574,0.576,0.577,0.579,0.58,0.582,0.584,0.588,0.594,0.601,0.608,0.613,0.618,0.623,0.626,0.628,0.63,0.63,0.63,0.631,0.632,0.634,0.637,0.639,0.642,0.645,0.648,0.649,0.65,0.651,0.652,0.652,0.652,0.652,0.652,0.653,0.654,0.657,0.659,0.662,0.666,0.671,0.676,0.681,0.685,0.688,0.692,0.697,0.7,0.705,0,0,0,0,0,0,0,0,0,0,0,3.218,3.218,3.218,3.218,3.218,3.235,3.235,3.252,3.252,3.252,3.252,3.269,3.269,0,0,0,0,0,0,0,0,0,0,0,0,0,0,0,0,0,0,0,0,0,0,0,0.72,0.72,0.72,0.721,0.721,0.721,0.72,0.718,0.716,0.713,0.71,0.707,0.705,0.702,0.701,0.698,0.698,0.698,0.698,0.698,0.698,0.698,0.699,0.699,0.7,0.7,0.7,0.7,0.7,0.7,0.701,0.701,0.701,0.7,0.701,0.702,0.704,0.706,0.708,0.71,0.713,0.715,0.715,0.716,0.717,0.716,0.717,0.716,0.715,0.715,0.715,0.716,0.717,0.719,0.72,0.72,0.722,0.725,0.727,0.729,0.731,0.733,0.735,0.738,0.74,0.742,0.744,0.746,0.749,0.752,0.754,0.757,0.759,0.761,0.764,0.765,0.768,0.771,0.772,0.774,0.777,0.781,0.785,0.789,0.793,0.797,0.8,0.804,0.807,0.809,0.809,0.81,0.811,0.81,0.809,0.809,0.807,0.807,0.804,0.802,0.799,0.796,0.794,0.792,0.79,0.787,0.785,0.783,0.78,0.778,0.777,0.775,0.774,0.773,0.773,0.772,0.773,0.773,0.773,0.774,0.773,0.772,0.771,0.77,0.769,0.767,0.766,0.765,0.764,0.763,0.762,0.762,0.763,0.765,0.766,0.768,0.77,0.773,0.775,0.779,0.78,0.782,0.783,0.783,0.783,0.784,0.783,0,0,0,0,0,0,0,0,0,0,0,0,0,0,0,0,0,0,0,0,0
0,0,0,0,0,0,0,0,0,0,0,0,0,0,0,0,0,0,0,0,0,0,0,0,0,0,0,0,0,0,0,0,0.802,0.803,0.804,0.803,0.804,0.805,0.807,0.808,0.809,0.81,0.812,0.813,0.815,0.816,0.819,0.823,0.827,0.832,0.836,0.841,0.847,0.85,0.855,0.857,0.86,0.861,0.863,0.866,0.868,0.869,0.872,0.873,0.875,0.877,0.879,0.88,0.883,0.884,0.887,0.888,0.889,0.891,0.892,0.893,0.895,0.896,0.896,0.896,0.896,0.895,0.893,0.891,0.889,0.888,0.887,0.888,0.888,0.892,0.896,0.901,0.906,0.915,0.92,0.927,0.934,0.94,0.945,0.95,0.953,0.957,0.962,0.965,0.968,0.972,0.975,0.979,0.98,0.98,0.983,0.985,0.986,0.988,0.99,0.993,0.998,1.003,1.007,1.014,1.017,1.023,1.026,1.029,1.031,1.033,1.033,1.031,0,0,0,0,0,0,0,0,0,0,0,0,0,0,0,0,0,0,0,0,0,0,0,0,0,0,0,0.431,0.43,0.43,0.43,0.43,0.43,0.43,0.43,0.431,0.431,0.431,0.431,0.432,0.432,0.432,0.432,0.433,0.433,0.433,0.434,0.435,0.436,0.436,0.437,0.438,0.438,0.439,0.44,0.44,0.441,0.441,0.441,0.441,0.442,0.442,0.442,0.443,0.443,0.444,0.444,0.445,0.446,0.446,0.447,0.448,0.448,0.449,0.45,0.45,0.451,0.452,0.452,0.453,0.453,0.454,0.454,0.455,0.455,0.455,0.456,0.457,0.457,0.457,0.458,0.458,0.459,0.459,0.46,0.46,0.46,0.461,0.461,0.461,0.461,0.462,0.461,0.461,0.461,0.461,0.461,0.46,0.46,0.459,0.459,0.458,0.458,0.457,0.457,0.457,0.457,0.458,0.458,0.459,0.46,0.461,0.462,0.463,0.465,0.466,0.468,0.469,0.47,0.472,0.473,0.473,0.475,0.475,0.476,0.477,0.478,0.479,0.48,0.481,0.482,0.483,0.484,0.485,0.485,0.486,0.486,0.486,0.486,0.486,0.486,0.486,0.486,0.486,0.485,0.485,0.486,0.487,0.488,0.49,0.491,0.493,0.495,0.497,0.499,0.501,0.503,0.505,0.507,0.51,0.511,0.513,0.515,0.516,0.517,0.519,0.52,0.521,0.522,0.523,0.524,0.525,0.526,0.527,0.528,0.529,0.529,0.53,0.531,0.531,0.531,0.532,0.532,0.532,0.532,0.531,0.531,0.53,0.53,0.529,0.528,0.528,0.528,0.527,0.527,0.526,0.527,0.528,0.528,0.529,0.531,0.533,0.534,0.536,0.538,0.538,0.54,0.541,0.541,0.542,0.542,0.543,0.544,0.545,0.546,0.547,0.549,0.55,0.552,0.553,0.555,0.556,0.558,0.559,0.56,0.561,0.562,0.563,0.564,0.565,0.566,0.567,0.567,0.569,0.57,0.572,0.573,0.575,0.576,0.577,0.579,0.581,0.583,0.585,0.589,0.594,0.601,0.608,0.613,0.618,0.622,0.626,0.628,0.629,0.63,0.631,0.632,0.634,0.636,0.638,0.641,0.644,0.648,0.65,0.652,0.653,0.654,0.655,0.656,0.657,0,0.657,0.657,0.658,0.661,0.663,0.665,0.669,0.673,0.678,0,0.687,0.691,0.694,0.699,0.703,0.707,0.71,0.713,0,0,0,0,0,0,0,0,3.235,3.235,3.235,3.235,3.235,3.235,3.235,3.235,3.252,3.252,3.252,3.252,3.252,3.252,3.252,0,0,0,0,0,0,0,0,0,0,0,0,0,0,0,0,0,0,0,0,0,0,0.722,0.721,0.722,0.723,0.722,0.722,0.721,0.719,0.717,0.714,0.71,0.708,0.706,0.703,0.702,0.7,0.698,0.698,0.698,0.699,0.699,0.7,0.7,0.701,0.701,0.702,0.702,0.702,0.702,0.702,0.702,0.702,0.702,0.702,0.702,0.702,0.704,0.706,0.709,0.711,0.713,0.716,0.716,0.718,0.719,0.719,0.719,0.718,0.717,0.717,0.717,0.718,0.72,0.721,0.722,0.723,0.725,0.727,0.729,0.731,0.732,0.735,0.737,0.74,0.742,0.745,0.746,0.748,0.749,0.754,0.757,0.759,0.761,0.762,0.765,0.767,0.77,0.773,0.774,0.777,0.779,0.783,0.787,0.792,0.796,0.798,0.802,0.805,0.808,0.809,0.81,0.811,0.811,0.811,0.81,0.809,0.808,0.807,0.805,0.803,0.801,0.799,0.797,0.796,0.793,0.791,0.788,0.786,0.783,0.781,0.78,0.778,0.776,0.776,0.775,0.774,0.774,0.774,0.775,0.774,0.774,0.773,0.771,0.77,0.769,0.768,0.766,0.765,0.764,0.763,0.762,0.763,0.763,0.765,0.767,0.769,0.771,0.774,0.776,0.779,0.782,0.783,0.784,0.785,0.786,0.786,0,0,0,0,0,0,0,0,0,0,0,0,0,0,0,0,0,0,0,0,0,0
0,0,0,0,0,0,0,0,0,0,0,0,0,0,0,0,0,0,0,0,0,0,0,0,0,0,0,0,0,0,0,0,0.801,0.801,0.801,0.801,0.802,0.802,0.804,0.805,0.808,0.81,0.811,0.812,0.815,0.817,0.819,0.824,0.827,0.832,0.836,0.841,0.845,0.85,0.855,0.857,0.86,0.861,0.863,0.866,0.868,0.869,0.872,0.874,0.877,0.879,0.88,0.883,0.884,0.887,0.888,0.891,0.892,0.893,0.895,0.896,0.897,0.898,0.898,0.9,0.9,0.897,0.896,0.895,0.893,0.891,0.889,0.889,0.889,0.891,0.895,0.9,0.906,0.913,0.919,0.927,0.934,0.943,0.948,0.953,0.956,0.96,0.965,0.968,0.971,0.974,0.977,0.979,0.982,0.982,0.983,0.986,0.988,0.991,0.993,0.998,1.003,1.007,1.012,1.019,1.021,1.024,1.028,1.029,1.031,1.033,1.033,1.031,0,0,0,0,0,0,0,0,0,0,0,0,0,0,0,0,0,0,0,0,0,0,0,0,0,0,0.432,0.431,0.431,0.431,0.431,0.43,0.43,0.43,0.431,0.431,0.431,0.431,0.431,0.432,0.432,0.432,0.432,0.432,0.433,0.433,0.434,0.435,0.436,0.436,0.437,0.438,0.438,0.439,0.44,0.44,0.441,0.441,0.441,0.442,0.442,0.442,0.443,0.443,0.444,0.444,0.445,0.445,0.446,0.446,0.447,0.448,0.449,0.449,0.45,0.451,0.451,0.452,0.453,0.453,0.454,0.454,0.455,0.455,0.456,0.456,0.457,0.457,0.458,0.458,0.458,0.458,0.459,0.459,0.46,0.46,0.46,0.461,0.461,0.461,0.461,0.461,0.461,0.461,0.461,0.461,0.46,0.46,0.459,0.459,0.459,0.458,0.458,0.457,0.457,0.457,0.457,0.458,0.459,0.46,0.46,0.461,0.463,0.464,0.466,0.467,0.469,0.47,0.471,0.472,0.473,0.474,0.475,0.476,0.476,0.477,0.478,0.479,0.481,0.481,0.482,0.484,0.485,0.485,0.486,0.486,0.486,0.486,0.487,0.487,0.487,0.487,0.487,0.487,0.487,0.487,0.487,0.489,0.49,0.492,0.494,0.496,0.497,0.499,0.502,0.503,0.505,0.506,0.508,0.51,0.512,0.514,0.515,0.516,0.518,0.52,0.521,0.522,0.523,0.524,0.525,0.526,0.527,0.528,0.529,0.53,0.53,0.531,0.531,0.531,0.532,0.532,0.532,0.532,0.532,0.531,0.531,0.53,0.529,0.529,0.528,0.528,0.527,0.527,0.526,0.526,0.527,0.527,0.528,0.529,0.53,0.533,0.534,0.536,0.538,0.539,0.54,0.541,0.542,0.542,0.542,0.543,0.544,0.545,0.547,0.548,0.55,0.551,0.552,0.554,0.555,0.557,0.558,0.56,0.561,0.562,0.562,0.563,0.565,0.566,0.567,0.568,0.569,0.57,0.571,0.573,0.574,0.575,0.577,0.578,0.58,0.582,0.584,0.586,0.591,0.596,0.601,0.608,0.613,0.618,0.621,0.625,0.628,0.63,0.631,0.632,0.633,0.635,0.638,0.64,0.643,0.646,0.648,0.651,0.654,0.655,0.657,0.658,0.659,0.659,0.66,0.659,0.659,0.662,0.664,0.665,0.668,0.672,0.676,0.681,0.685,0.689,0.693,0.697,0.701,0.705,0.708,0.71,0.713,0,0.719,0,0,0,0,0,0,3.252,3.252,3.252,3.252,3.252,3.252,3.252,3.252,3.252,3.269,3.252,3.252,3.252,3.252,3.252,3.252,0,0,0,0,0,0,0,0,0,0,0,0,0,0,0,0,0,0,0,0,0,0,0.722,0.723,0.723,0.723,0.723,0.722,0.72,0.718,0.715,0.712,0.709,0.706,0.704,0.702,0.701,0.699,0.7,0.7,0.7,0.701,0.701,0.702,0.702,0.702,0.702,0.702,0.702,0.702,0.702,0.703,0.702,0.702,0.702,0.702,0.702,0.703,0.706,0.709,0.711,0.714,0.716,0.717,0.719,0.72,0.72,0.72,0.72,0.72,0.72,0.72,0.72,0.722,0.724,0.725,0.726,0.727,0.729,0.731,0.732,0.734,0.737,0.739,0.741,0.744,0.746,0.748,0.749,0.751,0.756,0.759,0.761,0.762,0.764,0.766,0.769,0.772,0.774,0.776,0.779,0.781,0.785,0.79,0.794,0.798,0.801,0.804,0.807,0.809,0.811,0.812,0.812,0.813,0.813,0.812,0.811,0.81,0.81,0.809,0.808,0.805,0.803,0.801,0.799,0.797,0.795,0.792,0.79,0.787,0.785,0.783,0.781,0.78,0.778,0.777,0.776,0.776,0.776,0.776,0.775,0.775,0.774,0.772,0.771,0.769,0.768,0.766,0.765,0.764,0.763,0.763,0.762,0.763,0.765,0.768,0.769,0.772,0.775,0.777,0.78,0.783,0.785,0.786,0.786,0.787,0.788,0,0,0,0,0,0,0,0,0,0,0,0,0,0,0,0,0,0,0,0,0,0
0,0,0,0,0,0,0,0,0,0,0,0,0,0,0,0,0,0,0,0,0,0,0,0,0,0,0,0,0.802,0.801,0.801,0.801,0.8,0.8,0.801,0.8,0.801,0.802,0.803,0.805,0.807,0.809,0.812,0.813,0.815,0.817,0.821,0.824,0.828,0.832,0.836,0.841,0.845,0.849,0.854,0.856,0.858,0.861,0.863,0.866,0.868,0.87,0.873,0.875,0.878,0.88,0.883,0.884,0.887,0.888,0.891,0.892,0.895,0.896,0.897,0.898,0.9,0.901,0.902,0.902,0.902,0.902,0.9,0.898,0.897,0.896,0.893,0.892,0.891,0.892,0.896,0.9,0.905,0.913,0.919,0.927,0.935,0.944,0.95,0.956,0.96,0.963,0.966,0.971,0.972,0.975,0.979,0.98,0.982,0.983,0.985,0.988,0.991,0.993,0.998,1.001,1.006,1.012,1.017,1.023,1.026,1.028,1.029,1.031,1.033,1.031,1.031,1.028,0,0,0,0,0,0,0,0,0,0,0,0,0,0,0,0,0,0,0,0,0,0,0,0,0,0,0.433,0.432,0.432,0.432,0.431,0.431,0.431,0.431,0.431,0.431,0.431,0.432,0.432,0.432,0.432,0.432,0.432,0.433,0.433,0.434,0.434,0.435,0.435,0.436,0.437,0.437,0.438,0.439,0.44,0.44,0.441,0.441,0.442,0.442,0.442,0.443,0.443,0.443,0.444,0.444,0.445,0.445,0.446,0.447,0.447,0.448,0.449,0.45,0.45,0.451,0.452,0.453,0.453,0.454,0.454,0.455,0.456,0.456,0.457,0.457,0.457,0.458,0.458,0.458,0.458,0.458,0.459,0.459,0.46,0.46,0.46,0.46,0.461,0.461,0.461,0.461,0.461,0.461,0.461,0.461,0.46,0.46,0.46,0.459,0.459,0.458,0.458,0.458,0.457,0.457,0.458,0.458,0.459,0.46,0.461,0.462,0.463,0.465,0.466,0.468,0.469,0.47,0.472,0.473,0.473,0.474,0.475,0.476,0.477,0.478,0.479,0.48,0.481,0.482,0.483,0.484,0.485,0.486,0.486,0.487,0.487,0.487,0.487,0.487,0.487,0.488,0.488,0.488,0.489,0.489,0.49,0.492,0.494,0.495,0.497,0.498,0.5,0.503,0.504,0.505,0.506,0.507,0.51,0.511,0.513,0.515,0.516,0.517,0.519,0.521,0.522,0.523,0.524,0.525,0.526,0.527,0.528,0.529,0.53,0.53,0.531,0.531,0.532,0.532,0.532,0.532,0.532,0.532,0.532,0.532,0.531,0.53,0.529,0.529,0.528,0.528,0.527,0.527,0.526,0.526,0.527,0.528,0.528,0.529,0.531,0.533,0.535,0.537,0.538,0.54,0.541,0.541,0.542,0.543,0.543,0.544,0.545,0.546,0.547,0.549,0.551,0.552,0.553,0.555,0.556,0.558,0.559,0.56,0.561,0.562,0.563,0.564,0.565,0.567,0.568,0.569,0.57,0.571,0.572,0.573,0.574,0.575,0.577,0.578,0.58,0.583,0.585,0.588,0.593,0.597,0.603,0.609,0.614,0.618,0.621,0.625,0.628,0.63,0.631,0.633,0.634,0.637,0.639,0.642,0.644,0.646,0.649,0.652,0.654,0.657,0.658,0.659,0.661,0.662,0.662,0.663,0.664,0.666,0.667,0.669,0.672,0.675,0.68,0.684,0.687,0.691,0.695,0.698,0.702,0.706,0.709,0.71,0.714,0.715,0.718,0.72,0,0,0,0,3.252,3.269,3.269,3.252,3.252,3.252,3.252,3.252,3.269,3.269,3.269,3.252,3.252,3.269,3.269,3.269,3.269,0,0,0,0,0,0,0,0,0,0,0,0,0,0,0,0,0,0,0,0,0,0,0.724,0.725,0.724,0.725,0.724,0.723,0.721,0.719,0.715,0.713,0.71,0.707,0.705,0.703,0.702,0.701,0.701,0.702,0.702,0.702,0.702,0.702,0.703,0.704,0.704,0.704,0.703,0.703,0.703,0.704,0.703,0.703,0.702,0.701,0.701,0.702,0.704,0.707,0.71,0.713,0.716,0.717,0.719,0.72,0.721,0.721,0.721,0.722,0.721,0.721,0.723,0.724,0.726,0.726,0.727,0.728,0.731,0.732,0.734,0.735,0.738,0.74,0.743,0.746,0.748,0.749,0.751,0.754,0.758,0.761,0.762,0.764,0.765,0.767,0.769,0.773,0.775,0.777,0.78,0.783,0.787,0.792,0.797,0.8,0.802,0.805,0.808,0.809,0.81,0.812,0.812,0.813,0.813,0.812,0.811,0.811,0.811,0.809,0.808,0.807,0.804,0.802,0.801,0.799,0.797,0.795,0.793,0.79,0.788,0.786,0.784,0.782,0.781,0.78,0.779,0.778,0.777,0.777,0.776,0.775,0.774,0.772,0.77,0.769,0.768,0.766,0.765,0.764,0.763,0.763,0.763,0.764,0.766,0.768,0.77,0.772,0.775,0.778,0.781,0.784,0.785,0.786,0.788,0.789,0.79,0,0,0,0,0,0,0,0,0,0,0,0,0,0,0,0,0,0,0,0,0,0
0,0,0,0,0,0,0,0,0,0,0,0,0,0,0,0,0,0,0,0,0,0,0,0,0,0,0,0.805,0.803,0.802,0.801,0.801,0.8,0.799,0.799,0.799,0.799,0.801,0.802,0.804,0.807,0.809,0.811,0.813,0.816,0.818,0.821,0.824,0.828,0.832,0.836,0.841,0.844,0.849,0.852,0.856,0.857,0.86,0.863,0.866,0.868,0.87,0.873,0.877,0.879,0.882,0.884,0.886,0.888,0.891,0.892,0.895,0.896,0.897,0.9,0.901,0.902,0.905,0.906,0.906,0.906,0.905,0.905,0.902,0.9,0.9,0.897,0.896,0.895,0.895,0.897,0.901,0.906,0.913,0.92,0.928,0.937,0.947,0.954,0.957,0.962,0.966,0.969,0.972,0.975,0.977,0.98,0.982,0.983,0.985,0.986,0.99,0.993,0.998,1.001,1.006,1.011,1.016,1.023,1.026,1.028,1.029,1.029,1.031,1.031,1.029,1.029,0,0,0,0,0,0,0,0,0,0,0,0,0,0,0,0,0,0,0,0,0,0,0,0,0,0.435,0.434,0.434,0.433,0.432,0.432,0.432,0.431,0.432,0.431,0.432,0.432,0.432,0.432,0.432,0.432,0.432,0.432,0.433,0.433,0.433,0.434,0.434,0.435,0.435,0.436,0.436,0.437,0.438,0.439,0.439,0.44,0.441,0.441,0.442,0.442,0.443,0.443,0.444,0.444,0.444,0.445,0.445,0.446,0.446,0.447,0.448,0.449,0.449,0.45,0.451,0.452,0.452,0.453,0.454,0.454,0.455,0.456,0.456,0.457,0.457,0.457,0.458,0.458,0.458,0.458,0.458,0.458,0.458,0.459,0.459,0.459,0.46,0.46,0.46,0.461,0.461,0.461,0.461,0.461,0.461,0.46,0.46,0.46,0.459,0.459,0.459,0.458,0.458,0.458,0.457,0.457,0.458,0.458,0.459,0.46,0.461,0.462,0.464,0.465,0.467,0.468,0.47,0.471,0.472,0.473,0.474,0.475,0.476,0.476,0.478,0.478,0.48,0.481,0.482,0.483,0.484,0.485,0.486,0.487,0.487,0.487,0.487,0.488,0.488,0.488,0.488,0.489,0.489,0.49,0.49,0.491,0.492,0.494,0.496,0.498,0.5,0.501,0.503,0.504,0.506,0.507,0.508,0.509,0.511,0.513,0.514,0.516,0.517,0.518,0.52,0.522,0.523,0.523,0.525,0.526,0.527,0.528,0.529,0.53,0.531,0.531,0.532,0.532,0.533,0.533,0.533,0.533,0.533,0.533,0.532,0.532,0.531,0.53,0.53,0.529,0.528,0.528,0.527,0.527,0.526,0.527,0.527,0.528,0.528,0.53,0.532,0.533,0.536,0.537,0.539,0.54,0.541,0.542,0.543,0.544,0.544,0.545,0.546,0.547,0.548,0.55,0.552,0.553,0.554,0.556,0.557,0.559,0.56,0.561,0.562,0.563,0.564,0.565,0.566,0.568,0.569,0.57,0.571,0.572,0.573,0.574,0.575,0.576,0.577,0.579,0.581,0.584,0.586,0.59,0.595,0.6,0.605,0.61,0.615,0.619,0.622,0.626,0.629,0.631,0.632,0.634,0.636,0.638,0.64,0.643,0.645,0.647,0.65,0.652,0.655,0.657,0.659,0.66,0.662,0.663,0.664,0.665,0.667,0.669,0.67,0.672,0.675,0.678,0.682,0.686,0.69,0.693,0.696,0.7,0.704,0.706,0.709,0.71,0.714,0.715,0.717,0.719,0.72,0,0,0,3.269,3.269,3.286,3.269,3.269,3.269,3.269,3.269,3.269,3.269,3.269,3.269,3.269,3.269,3.269,3.269,3.269,3.269,0,0,0,0,0,0,0,0,0,0,0,0,0,0,0,0,0,0,0,0,0,0.726,0.726,0.726,0.726,0.725,0.724,0.721,0.719,0.716,0.713,0.71,0.709,0.706,0.704,0.702,0.702,0.702,0.702,0.703,0.703,0.704,0.704,0.705,0.706,0.705,0.705,0.705,0.705,0.704,0.703,0.703,0.702,0.7,0.7,0.7,0.701,0.702,0.706,0.709,0.712,0.715,0.717,0.72,0.722,0.722,0.723,0.723,0.723,0.723,0.723,0.724,0.726,0.726,0.727,0.728,0.73,0.732,0.734,0.736,0.737,0.74,0.742,0.745,0.748,0.749,0.751,0.753,0.756,0.76,0.762,0.764,0.765,0.767,0.768,0.77,0.773,0.776,0.778,0.78,0.783,0.787,0.792,0.797,0.8,0.802,0.804,0.805,0.808,0.809,0.81,0.811,0.811,0.811,0.811,0.811,0.81,0.81,0.809,0.808,0.807,0.805,0.803,0.802,0.8,0.798,0.797,0.795,0.792,0.79,0.788,0.786,0.785,0.783,0.782,0.781,0.78,0.779,0.779,0.777,0.776,0.774,0.772,0.771,0.769,0.768,0.766,0.765,0.764,0.764,0.763,0.763,0.764,0.766,0.768,0.77,0.773,0.775,0.778,0.781,0.784,0.786,0.787,0.788,0.79,0,0,0,0,0,0,0,0,0,0,0,0,0,0,0,0,0,0,0,0,0,0,0
0,0,0,0,0,0,0,0,0,0,0,0,0,0,0,0,0,0,0,0,0,0,0,0,0,0,0,0.807,0.805,0.803,0.803,0.801,0.8,0.799,0.798,0.798,0.798,0.799,0.801,0.803,0.805,0.809,0.811,0.813,0.816,0.818,0.822,0.825,0.829,0.833,0.836,0.841,0.844,0.849,0.852,0.855,0.857,0.86,0.862,0.864,0.868,0.87,0.873,0.877,0.879,0.882,0.886,0.888,0.891,0.893,0.895,0.897,0.898,0.901,0.904,0.905,0.906,0.908,0.909,0.91,0.91,0.909,0.909,0.906,0.906,0.904,0.902,0.9,0.898,0.898,0.898,0.902,0.908,0.915,0.921,0.93,0.938,0.948,0.956,0.962,0.965,0.969,0.972,0.975,0.979,0.98,0.982,0.983,0.985,0.986,0.99,0.993,0.996,1.001,1.004,1.009,1.014,1.019,1.026,1.029,1.031,1.029,1.029,1.029,1.028,1.028,0,0,0,0,0,0,0,0,0,0,0,0,0,0,0,0,0,0,0,0,0,0,0,0,0,0.437,0.436,0.436,0.435,0.435,0.434,0.433,0.433,0.432,0.432,0.432,0.432,0.432,0.432,0.432,0.432,0.432,0.432,0.432,0.433,0.433,0.433,0.434,0.434,0.435,0.435,0.436,0.436,0.437,0.438,0.439,0.439,0.44,0.441,0.441,0.441,0.442,0.443,0.443,0.444,0.445,0.445,0.446,0.446,0.446,0.447,0.448,0.448,0.449,0.45,0.45,0.451,0.452,0.453,0.454,0.454,0.455,0.456,0.456,0.457,0.457,0.458,0.458,0.458,0.458,0.458,0.458,0.458,0.458,0.458,0.458,0.458,0.459,0.459,0.459,0.46,0.46,0.46,0.461,0.461,0.461,0.46,0.46,0.46,0.46,0.459,0.459,0.459,0.458,0.458,0.458,0.458,0.458,0.458,0.458,0.46,0.46,0.461,0.462,0.464,0.466,0.467,0.468,0.47,0.471,0.472,0.473,0.474,0.475,0.476,0.477,0.478,0.479,0.48,0.482,0.483,0.484,0.485,0.486,0.487,0.487,0.487,0.488,0.488,0.488,0.489,0.489,0.489,0.49,0.49,0.491,0.492,0.493,0.495,0.497,0.498,0.5,0.502,0.503,0.505,0.506,0.507,0.508,0.509,0.511,0.512,0.513,0.516,0.516,0.518,0.519,0.521,0.523,0.523,0.525,0.526,0.527,0.528,0.529,0.53,0.531,0.532,0.532,0.533,0.533,0.533,0.533,0.533,0.533,0.533,0.533,0.533,0.533,0.532,0.531,0.53,0.529,0.528,0.528,0.527,0.527,0.527,0.527,0.527,0.528,0.529,0.531,0.533,0.534,0.536,0.538,0.54,0.541,0.542,0.543,0.544,0.544,0.545,0.546,0.547,0.548,0.549,0.551,0.553,0.554,0.555,0.557,0.558,0.559,0.561,0.562,0.563,0.563,0.564,0.565,0.566,0.568,0.57,0.57,0.571,0.572,0.573,0.574,0.575,0.577,0.578,0.58,0.582,0.585,0.588,0.592,0.597,0.602,0.607,0.612,0.616,0.62,0.623,0.627,0.63,0.632,0.634,0.636,0.637,0.639,0.642,0.644,0.646,0.648,0.65,0.652,0.654,0.657,0.659,0.661,0.662,0.664,0.666,0.667,0.669,0.67,0.672,0.675,0.677,0.681,0.684,0.688,0.691,0.694,0.698,0.701,0.705,0.706,0.71,0.71,0.714,0.715,0.716,0.717,0.719,0,0,3.286,3.286,3.286,3.286,3.286,3.269,3.269,3.269,3.269,3.269,3.269,3.269,3.269,3.269,3.269,3.269,3.269,3.269,3.269,3.269,0,0,0,0,0,0,0,0,0,0,0,0,0,0,0,0,0,0,0,0,0,0.727,0.727,0.726,0.726,0.725,0.722,0.72,0.716,0.715,0.711,0.709,0.706,0.705,0.703,0.703,0.703,0.704,0.705,0.705,0.706,0.706,0.706,0.706,0.706,0.706,0.706,0.705,0.705,0.704,0.703,0.702,0.701,0.7,0.699,0.7,0.702,0.706,0.708,0.711,0.715,0.717,0.72,0.722,0.723,0.724,0.724,0.724,0.724,0.724,0.725,0.726,0.727,0.728,0.728,0.731,0.732,0.735,0.737,0.739,0.74,0.743,0.747,0.749,0.751,0.753,0.754,0.758,0.762,0.763,0.765,0.767,0.768,0.769,0.771,0.773,0.774,0.776,0.777,0.779,0.783,0.788,0.793,0.796,0.798,0.801,0.803,0.805,0.807,0.808,0.81,0.81,0.811,0.811,0.811,0.81,0.81,0.809,0.809,0.808,0.807,0.805,0.803,0.801,0.8,0.798,0.797,0.794,0.792,0.79,0.789,0.787,0.785,0.784,0.782,0.781,0.781,0.78,0.778,0.777,0.775,0.773,0.772,0.77,0.768,0.767,0.765,0.764,0.764,0.764,0.764,0.765,0.767,0.769,0.771,0.774,0.776,0.778,0.781,0.784,0.786,0.787,0.789,0.79,0,0,0,0,0,0,0,0,0,0,0,0,0,0,0,0,0,0,0,0,0,0,0
0,0,0,0,0,0,0,0,0,0,0,0,0,0,0,0,0,0,0,0,0,0,0,0,0,0,0,0.808,0.805,0.803,0.803,0.802,0.801,0.8,0.799,0.798,0.799,0.8,0.801,0.802,0.805,0.809,0.811,0.813,0.816,0.818,0.822,0.825,0.829,0.833,0.836,0.841,0.844,0.849,0.851,0.855,0.857,0.86,0.862,0.864,0.867,0.87,0.873,0.877,0.88,0.884,0.887,0.889,0.892,0.895,0.897,0.9,0.902,0.905,0.906,0.909,0.91,0.912,0.913,0.915,0.915,0.913,0.913,0.912,0.91,0.909,0.908,0.905,0.904,0.902,0.904,0.908,0.912,0.919,0.926,0.933,0.941,0.95,0.959,0.965,0.968,0.972,0.974,0.977,0.98,0.983,0.985,0.985,0.986,0.988,0.991,0.994,0.999,1.003,1.007,1.012,1.017,1.023,1.028,1.031,1.031,1.029,1.029,1.028,1.026,1.024,0,0,0,0,0,0,0,0,0,0,0,0,0,0,0,0,0,0,0,0,0,0,0,0,0,0.439,0.438,0.437,0.436,0.436,0.435,0.434,0.434,0.433,0.433,0.432,0.432,0.432,0.432,0.432,0.432,0.432,0.433,0.433,0.433,0.433,0.433,0.434,0.434,0.435,0.435,0.436,0.436,0.437,0.438,0.439,0.439,0.44,0.44,0.441,0.442,0.442,0.443,0.444,0.444,0.445,0.446,0.446,0.447,0.447,0.448,0.448,0.449,0.449,0.45,0.451,0.451,0.452,0.453,0.454,0.455,0.456,0.456,0.457,0.458,0.458,0.458,0.458,0.458,0.458,0.458,0.458,0.458,0.458,0.458,0.458,0.458,0.458,0.459,0.459,0.46,0.46,0.46,0.461,0.461,0.46,0.46,0.46,0.46,0.46,0.46,0.459,0.459,0.459,0.458,0.458,0.458,0.458,0.458,0.459,0.46,0.461,0.461,0.462,0.464,0.466,0.467,0.468,0.469,0.471,0.472,0.473,0.473,0.475,0.476,0.477,0.479,0.48,0.481,0.482,0.484,0.485,0.486,0.487,0.487,0.488,0.488,0.489,0.489,0.489,0.489,0.49,0.49,0.491,0.491,0.492,0.494,0.495,0.497,0.499,0.5,0.503,0.504,0.506,0.507,0.508,0.51,0.51,0.511,0.512,0.513,0.515,0.516,0.518,0.519,0.52,0.522,0.523,0.524,0.525,0.526,0.528,0.528,0.53,0.531,0.532,0.533,0.533,0.533,0.534,0.534,0.534,0.534,0.534,0.534,0.534,0.534,0.533,0.533,0.532,0.531,0.53,0.529,0.528,0.528,0.527,0.527,0.527,0.528,0.529,0.529,0.531,0.533,0.535,0.537,0.539,0.541,0.541,0.543,0.544,0.545,0.545,0.546,0.547,0.548,0.549,0.55,0.552,0.554,0.555,0.556,0.558,0.559,0.56,0.562,0.562,0.563,0.564,0.565,0.566,0.567,0.569,0.57,0.571,0.572,0.573,0.574,0.575,0.576,0.578,0.579,0.581,0.583,0.586,0.589,0.594,0.598,0.604,0.608,0.613,0.618,0.621,0.625,0.628,0.63,0.632,0.634,0.636,0.638,0.64,0.642,0.644,0.646,0.648,0.65,0.652,0.655,0.657,0.659,0.661,0.662,0.664,0.667,0.669,0.671,0.672,0.675,0.677,0.679,0.683,0.686,0.689,0.692,0.694,0.698,0.701,0.704,0.706,0.709,0.71,0.713,0.715,0.715,0.716,0.718,0,0,3.304,3.304,3.286,3.304,3.304,3.286,3.286,3.286,3.286,3.269,3.269,3.269,3.269,3.269,3.269,3.269,3.286,3.286,3.286,3.286,0,0,0,0,0,0,0,0,0,0,0,0,0,0,0,0,0,0,0,0,0,0,0.727,0.727,0.726,0.726,0.722,0.72,0.717,0.714,0.712,0.71,0.707,0.706,0.704,0.705,0.705,0.705,0.706,0.706,0.706,0.707,0.707,0.708,0.707,0.706,0.706,0.706,0.705,0.704,0.703,0.702,0.7,0.699,0.698,0.699,0.701,0.704,0.707,0.71,0.714,0.715,0.72,0.723,0.723,0.724,0.724,0.725,0.724,0.724,0.725,0.726,0.728,0.728,0.729,0.732,0.733,0.736,0.739,0.74,0.742,0.745,0.748,0.75,0.753,0.754,0.757,0.76,0.762,0.765,0.767,0.768,0.769,0.77,0.771,0.773,0.773,0.773,0.774,0.776,0.78,0.784,0.79,0.794,0.796,0.799,0.801,0.804,0.805,0.808,0.808,0.81,0.81,0.811,0.811,0.81,0.81,0.809,0.809,0.808,0.807,0.805,0.804,0.803,0.801,0.8,0.798,0.796,0.794,0.793,0.791,0.789,0.788,0.786,0.784,0.783,0.782,0.78,0.779,0.778,0.776,0.774,0.772,0.77,0.768,0.767,0.766,0.765,0.764,0.764,0.765,0.767,0.768,0.77,0.772,0.774,0.777,0.779,0.781,0.785,0.786,0.787,0.789,0.79,0,0,0,0,0,0,0,0,0,0,0,0,0,0,0,0,0,0,0,0,0,0,0
0,0,0,0,0,0,0,0,0,0,0,0,0,0,0,0,0,0,0,0,0,0,0,0,0,0,0,0.808,0.807,0.805,0.804,0.803,0.802,0.801,0.801,0.8,0.8,0.8,0.801,0.803,0.805,0.809,0.811,0.814,0.816,0.818,0.822,0.825,0.829,0.833,0.836,0.841,0.844,0.848,0.851,0.854,0.856,0.858,0.861,0.864,0.867,0.87,0.874,0.878,0.882,0.886,0.889,0.892,0.895,0.897,0.901,0.902,0.906,0.909,0.91,0.913,0.915,0.916,0.917,0.917,0.919,0.919,0.917,0.916,0.915,0.913,0.912,0.912,0.909,0.908,0.909,0.912,0.916,0.923,0.93,0.937,0.944,0.954,0.962,0.968,0.971,0.975,0.979,0.98,0.982,0.985,0.986,0.988,0.99,0.991,0.994,0.998,1.003,1.006,1.011,1.016,1.019,1.024,1.029,1.033,1.031,1.029,1.028,1.028,1.026,1.024,0,0,0,0,0,0,0,0,0,0,0,0,0,0,0,0,0,0,0,0,0,0,0,0,0,0.441,0.44,0.439,0.438,0,0.436,0.436,0.435,0.434,0.434,0.433,0.433,0.433,0.433,0.433,0.433,0.433,0.433,0.433,0.433,0.433,0.433,0.434,0.434,0.435,0.435,0.436,0.436,0.437,0.438,0.439,0.439,0.44,0.441,0.441,0.442,0.443,0.444,0.444,0.445,0.446,0.446,0.447,0.447,0.448,0.448,0.449,0.449,0.45,0.45,0.451,0.452,0.453,0.454,0.455,0.455,0.456,0.457,0.458,0.458,0.459,0.459,0.459,0.459,0.459,0.459,0.458,0.458,0.458,0.458,0.458,0.458,0.458,0.458,0.459,0.459,0.46,0.46,0.461,0.461,0.461,0.46,0.46,0.46,0.46,0.46,0.459,0.459,0.459,0.459,0.459,0.459,0.459,0.459,0.459,0.46,0.461,0.461,0.462,0.464,0.465,0.467,0.468,0.469,0.471,0.472,0.473,0.474,0.475,0.476,0.478,0.479,0.481,0.482,0.483,0.484,0.486,0.487,0.487,0.488,0.489,0.489,0.489,0.49,0.49,0.49,0.491,0.491,0.492,0.493,0.494,0.495,0.496,0.498,0.5,0.503,0.505,0.506,0.508,0.509,0.51,0.511,0.512,0.512,0.513,0.515,0.516,0.517,0.519,0.52,0.521,0.523,0.524,0.525,0.526,0.527,0.528,0.53,0.531,0.532,0.533,0.533,0.534,0.534,0.535,0.535,0.535,0.535,0.535,0.535,0.535,0.535,0.534,0.533,0.533,0.532,0.531,0.53,0.529,0.528,0.528,0.528,0.528,0.528,0.529,0.53,0.532,0.533,0.536,0.537,0.539,0.541,0.542,0.543,0.544,0.545,0.546,0.547,0.547,0.548,0.55,0.551,0.553,0.555,0.556,0.557,0.559,0.56,0.561,0.563,0.563,0.564,0.565,0.566,0.567,0.567,0.569,0.571,0.571,0.572,0.573,0.574,0.575,0.577,0.578,0.58,0.581,0.584,0.588,0.59,0.596,0.6,0.605,0.611,0.616,0.62,0.623,0.626,0.63,0.632,0.634,0.636,0.638,0.64,0.642,0.644,0.645,0.647,0.649,0.651,0.653,0.655,0.657,0.66,0.662,0.664,0.667,0.669,0.671,0.672,0.675,0.677,0.679,0.681,0.685,0.687,0.691,0.693,0.696,0.698,0.701,0.704,0.706,0.706,0.709,0.711,0.713,0.714,0.715,0.716,0,0,3.304,3.304,3.304,3.304,3.304,3.304,3.304,3.304,3.286,3.286,3.286,3.286,3.286,3.286,3.286,3.286,3.286,3.286,3.304,3.304,0,0,0,0,0,0,0,0,0,0,0,0,0,0,0,0,0,0,0,0,0,0.73,0.729,0.728,0.727,0.726,0.723,0.72,0.717,0.715,0.712,0.71,0.708,0.706,0.705,0.705,0.706,0.706,0.706,0.707,0.708,0.708,0.708,0.709,0.708,0.707,0.707,0.706,0.705,0.705,0.703,0.702,0.7,0.699,0.698,0.699,0.701,0.703,0.706,0.71,0.714,0.715,0.72,0.722,0.724,0.724,0.725,0.725,0.724,0.725,0.726,0.726,0.727,0.729,0.73,0.732,0.734,0.737,0.739,0.74,0.743,0.747,0.749,0.752,0.754,0.756,0.758,0.761,0.764,0.767,0.768,0.769,0.769,0.769,0.771,0.772,0.772,0.772,0.773,0.775,0.779,0.784,0.79,0.793,0.795,0.798,0.801,0.803,0.804,0.807,0.808,0.809,0.81,0.81,0.81,0.81,0.81,0.809,0.809,0.808,0.807,0.805,0.804,0.802,0.801,0.8,0.799,0.797,0.795,0.794,0.792,0.79,0.789,0.787,0.786,0.784,0.782,0.781,0.779,0.778,0.775,0.774,0.771,0.769,0.768,0.767,0.766,0.765,0.765,0.765,0.766,0.768,0.77,0.771,0.773,0.775,0.779,0.781,0.783,0.785,0.787,0.788,0.79,0.791,0,0,0,0,0,0,0,0,0,0,0,0,0,0,0,0,0,0,0,0,0,0,0
0,0,0,0,0,0,0,0,0,0,0,0,0,0,0,0,0,0,0,0,0,0,0,0,0,0,0,0,0.808,0.807,0.805,0.805,0.804,0.803,0.803,0.802,0.802,0.802,0.803,0.804,0.807,0.81,0.811,0.814,0.816,0.819,0.822,0.825,0.829,0.833,0.836,0.84,0.844,0.848,0.851,0.854,0.856,0.858,0.861,0.864,0.867,0.87,0.874,0.878,0.883,0.887,0.891,0.895,0.897,0.901,0.904,0.906,0.91,0.913,0.915,0.917,0.919,0.92,0.921,0.921,0.923,0.923,0.921,0.921,0.92,0.919,0.917,0.916,0.913,0.913,0.915,0.916,0.921,0.927,0.934,0.941,0.948,0.959,0.965,0.969,0.975,0.979,0.982,0.983,0.986,0.988,0.99,0.991,0.991,0.993,0.996,1.001,1.004,1.009,1.014,1.017,1.021,1.026,1.029,1.031,1.029,1.028,1.026,1.026,1.024,1.023,0,0,0,0,0,0,0,0,0,0,0,0,0,0,0,0,0,0,0,0,0,0,0,0,0,0.442,0.441,0.44,0.439,0.439,0,0.436,0.436,0.435,0.434,0.434,0.433,0.433,0.433,0.433,0.433,0.433,0.433,0.433,0.433,0.433,0.434,0.434,0.434,0.435,0.436,0.436,0.437,0.437,0.438,0.439,0.439,0.44,0.441,0.441,0.442,0.443,0.444,0.445,0.446,0.446,0.447,0.447,0.448,0.448,0.449,0.449,0.45,0.45,0.451,0.451,0.452,0.453,0.454,0.455,0.456,0.457,0.457,0.458,0.459,0.459,0.46,0.459,0.46,0.459,0.459,0.459,0.459,0.458,0.458,0.458,0.458,0.458,0.458,0.459,0.459,0.46,0.46,0.46,0.461,0.461,0.461,0.461,0.46,0.46,0.46,0.46,0.46,0.46,0.459,0.459,0.459,0.459,0.459,0.46,0.46,0.461,0.462,0.463,0.464,0.466,0.467,0.469,0.47,0.471,0.472,0.473,0.474,0.475,0.477,0.478,0.48,0.481,0.483,0.484,0.485,0.487,0.487,0.488,0.489,0.489,0.49,0.49,0.49,0.49,0.491,0.492,0.492,0.493,0.494,0.495,0.496,0.498,0.5,0.502,0.504,0.506,0.508,0.509,0.51,0.512,0.512,0.513,0.513,0.514,0.516,0.517,0.518,0.519,0.521,0.522,0.524,0.525,0.526,0.527,0.528,0.529,0.53,0.531,0.533,0.533,0.534,0.535,0.535,0.536,0.536,0.536,0.536,0.536,0.536,0.536,0.536,0.535,0.534,0.534,0.533,0.532,0.531,0.53,0.529,0.528,0.528,0.528,0.529,0.53,0.531,0.533,0.534,0.536,0.538,0.54,0.541,0.542,0.543,0.545,0.546,0.547,0.547,0.548,0.549,0.55,0.552,0.554,0.556,0.557,0.558,0.56,0.561,0.562,0.563,0.564,0.565,0.566,0.567,0.567,0.569,0.57,0.571,0.572,0.573,0.574,0.575,0.576,0.577,0.579,0.58,0.583,0.585,0.589,0.592,0.597,0.603,0.608,0.613,0.618,0.621,0.625,0.628,0.631,0.634,0.636,0.638,0.64,0.642,0.644,0.645,0.646,0.648,0.65,0.652,0.653,0.655,0.659,0.66,0.663,0.666,0.667,0.67,0.672,0.675,0.677,0.679,0.681,0.684,0.687,0.69,0.692,0.694,0.697,0.698,0.701,0.703,0.705,0.706,0.706,0.71,0.711,0.713,0.714,0.715,0,0,3.322,3.304,3.304,3.322,3.322,3.304,3.304,3.304,3.304,3.304,3.304,3.304,3.304,3.304,3.304,3.322,3.322,3.322,3.322,0,0,0,0,0,0,0,0,0,0,0,0,0,0,0,0,0,0,0,0,0,0.731,0.731,0.731,0.729,0.728,0.726,0.724,0.72,0.718,0.715,0.713,0.71,0.708,0.706,0.706,0.706,0.706,0.707,0.707,0.708,0.709,0.709,0.71,0.71,0.709,0.708,0.707,0.706,0.706,0.705,0.703,0.702,0.7,0.7,0.698,0.7,0.701,0.702,0.706,0.709,0.712,0.715,0.719,0.722,0.723,0.724,0.724,0.724,0.724,0.725,0.725,0.726,0.728,0.728,0.73,0.732,0.734,0.738,0.74,0.742,0.744,0.747,0.75,0.753,0.755,0.758,0.759,0.762,0.765,0.767,0.769,0.77,0.77,0.77,0.771,0.772,0.772,0.772,0.774,0.776,0.78,0.784,0.79,0.793,0.795,0.798,0.801,0.803,0.804,0.807,0.808,0.808,0.809,0.81,0.81,0.81,0.809,0.809,0.808,0.807,0.805,0.804,0.802,0.801,0.8,0.799,0.798,0.796,0.795,0.793,0.792,0.791,0.789,0.787,0.785,0.784,0.782,0.78,0.779,0.777,0.775,0.773,0.771,0.77,0.768,0.767,0.766,0.766,0.766,0.766,0.767,0.768,0.77,0.772,0.774,0.777,0.78,0.782,0.784,0.787,0.788,0.79,0,0,0,0,0,0,0,0,0,0,0,0,0,0,0,0,0,0,0,0,0,0,0,0,0
0,0,0,0,0,0,0,0,0,0,0,0,0,0,0,0,0,0,0,0,0,0,0,0,0,0,0,0,0.81,0.809,0.808,0.808,0.807,0.805,0.805,0.804,0.804,0.804,0.805,0.807,0.809,0.811,0.813,0.814,0.817,0.819,0.822,0.825,0.829,0.833,0.836,0.84,0.843,0.847,0.85,0.852,0.855,0.858,0.861,0.864,0.868,0.872,0.875,0.88,0.884,0.889,0.893,0.897,0.901,0.904,0.906,0.91,0.915,0.917,0.919,0.921,0.923,0.924,0.926,0.926,0.927,0.927,0.927,0.926,0.924,0.924,0.923,0.923,0.92,0.92,0.92,0.923,0.927,0.933,0.94,0.945,0.953,0.962,0.968,0.972,0.977,0.98,0.983,0.986,0.988,0.99,0.991,0.993,0.994,0.996,0.999,1.003,1.007,1.011,1.014,1.017,1.021,1.024,1.029,1.029,1.028,1.026,1.024,1.023,1.021,1.021,1.019,0,0,0,0,0,0,0,0,0,0,0,0,0,0,0,0,0,0,0,0,0,0,0,0,0,0.443,0.442,0.441,0.44,0.439,0.438,0.437,0.436,0.435,0.435,0.434,0.434,0.434,0.434,0.434,0.434,0.434,0.434,0.434,0.434,0.434,0.435,0.435,0.435,0.436,0.436,0.437,0.438,0.438,0.439,0.439,0.44,0.441,0.442,0.442,0.443,0.444,0.445,0.446,0.447,0.447,0.448,0.448,0.449,0.449,0.45,0.45,0.451,0.451,0.452,0.453,0.453,0.454,0.455,0.456,0.457,0.458,0.459,0.46,0.46,0.46,0.46,0.46,0.46,0.46,0.46,0.459,0.459,0.459,0.458,0.458,0.459,0.459,0.459,0.459,0.46,0.46,0.461,0.461,0.461,0.461,0.461,0.461,0.461,0.461,0.46,0.46,0.46,0.46,0.46,0.46,0.46,0.46,0.46,0.461,0.462,0.462,0.463,0.465,0.466,0.468,0.469,0.47,0.472,0.473,0.474,0.475,0.476,0.477,0.479,0.481,0.482,0.483,0.485,0.486,0.487,0.488,0.489,0.489,0.49,0.49,0.49,0.491,0.492,0.492,0.493,0.494,0.494,0.496,0.497,0.498,0.5,0.502,0.504,0.506,0.507,0.509,0.51,0.512,0.513,0.513,0.514,0.514,0.515,0.516,0.518,0.519,0.52,0.522,0.523,0.524,0.526,0.527,0.528,0.529,0.53,0.531,0.532,0.533,0.534,0.535,0.536,0.536,0.537,0.537,0.537,0.537,0.537,0.537,0.537,0.537,0.536,0.536,0.535,0.534,0.533,0.532,0.531,0.53,0.529,0.529,0.529,0.53,0.531,0.532,0.534,0.535,0.537,0.539,0.541,0.542,0.543,0.544,0.545,0.546,0.547,0.548,0.549,0.55,0.551,0.553,0.555,0.556,0.558,0.559,0.56,0.562,0.563,0.564,0.565,0.566,0.567,0.567,0.568,0.569,0.57,0.571,0.572,0.573,0.574,0.575,0.577,0.578,0.579,0.581,0.583,0.586,0.59,0.593,0.599,0.605,0.61,0.615,0.62,0.625,0.628,0.63,0.634,0.636,0.638,0.64,0.642,0.644,0.645,0.646,0.648,0.649,0.65,0.652,0.654,0.657,0.659,0.662,0.664,0.667,0.669,0.672,0.674,0.676,0.678,0.68,0.683,0.686,0.688,0.691,0.693,0.695,0.697,0.699,0.702,0.703,0.705,0.706,0.707,0.71,0.71,0.712,0.713,0.715,0,0,3.322,3.322,3.322,3.322,3.322,3.322,3.322,3.322,3.322,3.322,3.322,3.322,3.322,3.34,3.34,3.34,3.34,3.34,3.34,0,0,0,0,0,0,0,0,0,0,0,0,0,0,0,0,0,0,0,0,0,0.731,0.732,0.732,0.73,0.729,0.727,0.724,0.721,0.718,0.715,0.713,0.71,0.708,0.707,0.706,0.706,0.707,0.708,0.708,0.709,0.71,0.71,0.71,0.71,0.71,0.709,0.707,0.707,0.706,0.705,0.704,0.702,0.702,0.701,0.699,0.701,0.702,0.703,0.706,0.71,0.713,0.715,0.719,0.721,0.723,0.723,0.724,0.724,0.724,0.724,0.726,0.726,0.727,0.729,0.731,0.732,0.735,0.739,0.74,0.742,0.745,0.749,0.751,0.755,0.757,0.759,0.76,0.763,0.765,0.768,0.77,0.771,0.771,0.771,0.772,0.774,0.774,0.775,0.777,0.778,0.781,0.785,0.791,0.794,0.796,0.798,0.8,0.803,0.804,0.805,0.808,0.808,0.809,0.81,0.81,0.809,0.809,0.808,0.807,0.805,0.804,0.803,0.801,0.8,0.799,0.798,0.797,0.795,0.794,0.792,0.791,0.79,0.789,0.787,0.785,0.783,0.781,0.78,0.778,0.776,0.774,0.772,0.771,0.769,0.768,0.768,0.767,0.766,0.766,0.767,0.768,0.77,0.771,0.772,0.775,0.778,0.781,0.783,0.785,0.787,0.789,0.791,0.792,0,0,0,0,0,0,0,0,0,0,0,0,0,0,0,0,0,0,0,0,0,0,0,0
0,0,0,0,0,0,0,0,0,0,0,0,0,0,0,0,0,0,0,0,0,0,0,0,0,0,0,0,0,0.811,0.81,0.81,0.809,0.809,0.808,0.808,0.807,0.808,0.808,0.809,0.81,0.812,0.813,0.815,0.817,0.819,0.822,0.825,0.828,0.832,0.835,0.838,0.843,0.847,0.849,0.852,0.855,0.858,0.862,0.866,0.869,0.874,0.878,0.883,0.887,0.892,0.896,0.9,0.904,0.908,0.91,0.915,0.919,0.921,0.923,0.926,0.927,0.928,0.93,0.93,0.931,0.931,0.931,0.931,0.93,0.93,0.928,0.928,0.927,0.927,0.927,0.93,0.933,0.938,0.944,0.95,0.957,0.966,0.971,0.977,0.98,0.983,0.986,0.988,0.99,0.991,0.993,0.994,0.996,0.998,1.001,1.004,1.009,1.012,1.016,1.019,1.021,1.023,1.026,1.026,1.026,1.023,1.021,1.019,1.019,1.017,0,0,0,0,0,0,0,0,0,0,0,0,0,0,0,0,0,0,0,0,0,0,0,0,0,0.446,0.445,0.444,0.443,0.442,0.44,0.439,0.438,0.437,0.436,0.435,0.435,0.434,0.434,0.434,0.434,0.434,0.434,0.434,0.434,0.435,0.435,0.435,0.436,0.436,0.437,0.437,0.438,0.438,0.439,0.439,0.44,0.44,0.441,0.442,0.443,0.444,0.445,0.446,0.446,0.447,0.448,0.449,0.449,0.45,0.45,0.451,0.451,0.451,0.452,0.452,0.453,0.454,0.455,0.455,0.456,0.457,0.458,0.459,0.46,0.46,0.461,0.461,0.461,0.461,0.461,0.461,0.46,0.46,0.459,0.459,0.459,0.459,0.459,0.459,0.46,0.46,0.461,0.461,0.461,0.461,0.461,0.461,0.461,0.461,0.461,0.461,0.461,0.461,0.46,0.46,0.46,0.46,0.461,0.461,0.461,0.462,0.463,0.464,0.465,0.467,0.468,0.469,0.471,0.472,0.473,0.474,0.475,0.476,0.478,0.479,0.481,0.482,0.484,0.485,0.486,0.487,0.488,0.489,0.489,0.49,0.49,0.491,0.492,0.492,0.493,0.494,0.495,0.496,0.497,0.498,0.5,0.502,0.504,0.505,0.507,0.509,0.51,0.511,0.512,0.513,0.514,0.514,0.515,0.516,0.518,0.519,0.52,0.521,0.523,0.523,0.525,0.526,0.527,0.528,0.529,0.53,0.532,0.533,0.534,0.535,0.536,0.537,0.537,0.538,0.538,0.538,0.538,0.538,0.538,0.538,0.538,0.537,0.537,0.536,0.535,0.534,0.533,0.532,0.531,0.531,0.531,0.53,0.531,0.532,0.533,0.535,0.536,0.538,0.54,0.541,0.542,0.543,0.544,0.545,0.546,0.548,0.548,0.549,0.55,0.552,0.553,0.555,0.557,0.558,0.56,0.561,0.563,0.564,0.565,0.566,0.566,0.567,0.568,0.569,0.57,0.571,0.572,0.573,0.574,0.575,0.577,0.578,0.579,0.58,0.582,0.584,0.586,0.591,0.595,0.601,0.607,0.614,0.618,0.623,0.628,0.63,0.634,0.636,0.638,0.64,0.642,0.644,0.646,0.647,0.649,0.65,0.651,0.652,0.654,0.656,0.658,0.66,0.663,0.666,0.668,0.671,0.673,0.675,0.678,0.68,0.681,0.684,0.687,0.69,0.692,0.694,0.696,0.698,0.7,0.702,0.703,0.704,0.706,0.707,0.709,0.71,0.711,0.712,0,0,0,3.34,3.322,3.322,3.322,3.34,3.34,3.322,3.322,3.322,3.34,3.34,3.34,3.34,3.34,3.358,3.358,3.358,3.358,3.358,0,0,0,0,0,0,0,0,0,0,0,0,0,0,0,0,0,0,0,0,0,0,0.733,0.732,0.732,0.73,0.728,0.725,0.721,0.719,0.716,0.713,0.71,0.708,0.707,0.707,0.707,0.708,0.708,0.709,0.71,0.71,0.71,0.711,0.711,0.71,0.71,0.708,0.707,0.706,0.705,0.704,0.702,0.702,0.702,0.701,0.702,0.703,0.705,0.707,0.71,0.713,0.715,0.718,0.721,0.722,0.722,0.723,0.724,0.724,0.724,0.725,0.726,0.728,0.729,0.731,0.733,0.736,0.739,0.741,0.743,0.746,0.749,0.751,0.754,0.756,0.758,0.759,0.762,0.764,0.766,0.768,0.77,0.771,0.771,0.772,0.774,0.775,0.776,0.777,0.779,0.782,0.786,0.79,0.793,0.795,0.798,0.8,0.802,0.804,0.805,0.807,0.808,0.809,0.81,0.81,0.809,0.809,0.808,0.807,0.805,0.803,0.802,0.8,0.799,0.798,0.796,0.795,0.794,0.793,0.791,0.79,0.789,0.788,0.786,0.784,0.782,0.78,0.779,0.777,0.775,0.773,0.772,0.77,0.769,0.769,0.768,0.767,0.767,0.767,0.768,0.768,0.77,0.771,0.773,0.776,0.779,0.782,0.784,0.786,0.789,0.79,0.791,0,0,0,0,0,0,0,0,0,0,0,0,0,0,0,0,0,0,0,0,0,0,0,0,0
0,0,0,0,0,0,0,0,0,0,0,0,0,0,0,0,0,0,0,0,0,0,0,0,0,0,0,0,0,0,0.812,0.812,0.811,0.811,0.811,0.81,0.81,0.81,0.81,0.811,0.812,0.813,0.814,0.816,0.817,0.819,0.821,0.825,0.828,0.83,0.834,0.838,0.842,0.847,0.849,0.852,0.856,0.86,0.863,0.867,0.872,0.875,0.88,0.886,0.891,0.895,0.9,0.904,0.908,0.91,0.915,0.919,0.921,0.924,0.927,0.928,0.931,0.933,0.933,0.934,0.934,0.935,0.935,0.935,0.935,0.934,0.934,0.934,0.934,0.934,0.935,0.938,0.941,0.945,0.95,0.956,0.962,0.968,0.974,0.979,0.982,0.985,0.988,0.99,0.991,0.993,0.994,0.996,0.998,1.001,1.003,1.007,1.011,1.014,1.016,1.019,1.019,1.023,1.024,1.024,1.023,1.021,1.017,1.017,1.017,1.016,1.016,0,0,0,0,0,0,0,0,0,0,0,0,0,0,0,0,0,0,0,0,0,0,0,0,0.448,0.447,0.445,0.444,0.443,0.441,0.44,0.439,0.438,0.437,0.436,0.436,0.435,0.435,0.435,0.435,0.435,0.435,0.435,0.435,0.435,0.436,0.436,0.436,0.437,0.437,0.438,0.438,0.439,0.439,0.44,0.44,0.441,0.442,0.442,0.443,0.444,0.445,0.446,0.447,0.448,0.449,0.449,0.45,0.45,0.451,0.451,0.451,0.452,0.452,0.453,0.453,0.454,0.455,0.456,0.457,0.458,0.459,0.459,0.46,0.461,0.461,0.462,0.462,0.462,0.462,0.462,0.461,0.461,0.461,0.461,0.461,0.46,0.46,0.46,0.461,0.461,0.461,0.462,0.462,0.462,0.462,0.462,0.462,0.462,0.462,0.462,0.461,0.461,0.461,0.461,0.461,0.461,0.461,0.461,0.462,0.462,0.463,0.465,0.466,0.467,0.469,0.47,0.471,0.473,0.474,0.475,0.476,0.477,0.478,0.48,0.481,0.483,0.484,0.485,0.486,0.487,0.489,0.489,0.489,0.49,0.491,0.492,0.492,0.493,0.494,0.495,0.496,0.498,0.499,0.5,0.502,0.503,0.505,0.506,0.508,0.51,0.51,0.512,0.513,0.514,0.514,0.515,0.516,0.516,0.518,0.519,0.521,0.522,0.523,0.524,0.526,0.527,0.528,0.528,0.529,0.531,0.532,0.533,0.534,0.535,0.537,0.537,0.538,0.539,0.539,0.539,0.539,0.539,0.539,0.539,0.539,0.539,0.538,0.537,0.536,0.535,0.534,0.533,0.533,0.532,0.532,0.532,0.533,0.534,0.535,0.536,0.538,0.539,0.541,0.541,0.542,0.544,0.544,0.545,0.546,0.548,0.549,0.55,0.551,0.552,0.554,0.556,0.557,0.559,0.56,0.561,0.563,0.564,0.565,0.566,0.567,0.568,0.569,0.57,0.571,0.572,0.573,0.574,0.575,0.577,0.577,0.579,0.58,0.581,0.583,0.585,0.588,0.592,0.597,0.604,0.61,0.616,0.622,0.626,0.631,0.634,0.636,0.638,0.64,0.642,0.644,0.646,0.648,0.648,0.65,0.651,0.652,0.653,0.654,0.657,0.659,0.662,0.664,0.667,0.669,0.672,0.675,0.677,0.678,0.681,0.683,0.685,0.688,0.691,0.693,0.694,0.697,0.699,0.701,0.702,0.703,0.704,0.705,0.707,0.709,0.71,0.71,0.711,0,0,0,3.34,3.34,3.34,3.34,3.34,3.34,3.34,3.322,3.34,3.34,3.34,3.34,3.358,3.358,3.358,3.358,3.377,3.377,3.377,0,0,0,0,0,0,0,0,0,0,0,0,0,0,0,0,0,0,0,0,0,0,0.736,0.734,0.733,0.731,0.729,0.726,0.722,0.72,0.716,0.714,0.71,0.709,0.707,0.707,0.708,0.708,0.709,0.71,0.71,0.71,0.711,0.711,0.711,0.71,0.71,0.708,0.708,0.707,0.706,0.705,0.704,0.704,0.704,0.703,0.705,0.706,0.707,0.708,0.711,0.714,0.716,0.719,0.72,0.721,0.722,0.722,0.723,0.723,0.723,0.724,0.725,0.726,0.728,0.73,0.732,0.736,0.739,0.741,0.744,0.746,0.749,0.751,0.754,0.756,0.757,0.759,0.761,0.763,0.765,0.767,0.77,0.77,0.771,0.773,0.775,0.776,0.777,0.778,0.78,0.783,0.786,0.791,0.793,0.795,0.797,0.8,0.802,0.804,0.805,0.807,0.808,0.809,0.809,0.81,0.809,0.809,0.807,0.805,0.804,0.802,0.801,0.799,0.798,0.796,0.795,0.794,0.792,0.791,0.79,0.789,0.788,0.787,0.785,0.783,0.781,0.779,0.778,0.776,0.774,0.772,0.771,0.77,0.769,0.769,0.769,0.768,0.768,0.768,0.768,0.77,0.771,0.772,0.774,0.777,0.78,0.782,0.786,0.788,0.79,0.791,0.793,0,0,0,0,0,0,0,0,0,0,0,0,0,0,0,0,0,0,0,0,0,0,0,0,0
0,0,0,0,0,0,0,0,0,0,0,0,0,0,0,0,0,0,0,0,0,0,0,0,0,0,0,0,0,0,0,0.813,0.813,0.812,0.812,0.812,0.811,0.811,0.811,0.812,0.813,0.814,0.815,0.816,0.817,0.818,0.821,0.824,0.826,0.829,0.834,0.837,0.841,0.845,0.85,0.854,0.857,0.861,0.866,0.869,0.875,0.879,0.884,0.889,0.895,0.9,0.904,0.908,0.912,0.915,0.919,0.921,0.926,0.928,0.93,0.933,0.934,0.935,0.937,0.937,0.938,0.938,0.938,0.938,0.94,0.94,0.941,0.941,0.941,0.941,0.943,0.945,0.948,0.953,0.957,0.962,0.965,0.971,0.975,0.98,0.983,0.986,0.99,0.991,0.993,0.994,0.998,0.999,1.001,1.003,1.006,1.009,1.012,1.016,1.017,1.019,1.019,1.021,1.023,1.021,1.019,1.017,1.016,1.016,1.014,1.014,1.014,0,0,0,0,0,0,0,0,0,0,0,0,0,0,0,0,0,0,0,0,0,0,0,0,0.448,0.447,0.446,0.445,0.444,0.442,0.441,0.44,0.439,0.438,0.437,0.436,0.436,0.436,0.436,0.436,0.436,0.436,0.436,0.436,0.436,0.436,0.437,0.437,0.438,0.438,0.439,0.439,0.44,0.44,0.441,0.441,0.441,0.442,0.443,0.443,0.444,0.445,0.447,0.447,0.448,0.449,0.45,0.45,0.451,0.451,0.451,0.452,0.452,0.452,0.453,0.453,0.454,0.455,0.456,0.457,0.458,0.459,0.46,0.461,0.461,0.462,0.462,0.462,0.463,0.463,0.463,0.463,0.462,0.462,0.462,0.462,0.462,0.462,0.462,0.462,0.462,0.463,0.463,0.463,0.463,0.463,0.463,0.463,0.462,0.462,0.462,0.462,0.462,0.462,0.462,0.462,0.462,0.462,0.462,0.462,0.463,0.464,0.465,0.466,0.467,0.469,0.471,0.472,0.474,0.475,0.476,0.477,0.478,0.479,0.481,0.482,0.483,0.485,0.486,0.487,0.488,0.489,0.489,0.49,0.49,0.491,0.492,0.493,0.494,0.495,0.496,0.498,0.499,0.5,0.501,0.503,0.505,0.506,0.507,0.508,0.51,0.511,0.512,0.513,0.514,0.515,0.515,0.516,0.517,0.519,0.52,0.521,0.522,0.523,0.524,0.526,0.527,0.528,0.528,0.53,0.531,0.533,0.533,0.535,0.536,0.538,0.538,0.539,0.539,0.54,0.54,0.54,0.54,0.54,0.54,0.54,0.539,0.539,0.538,0.537,0.536,0.535,0.534,0.533,0.533,0.533,0.533,0.534,0.534,0.536,0.537,0.539,0.54,0.541,0.542,0.543,0.543,0.544,0.545,0.546,0.547,0.549,0.55,0.551,0.552,0.554,0.556,0.558,0.559,0.56,0.562,0.563,0.564,0.565,0.566,0.567,0.569,0.57,0.571,0.572,0.572,0.573,0.575,0.576,0.577,0.579,0.58,0.581,0.583,0.584,0.586,0.588,0.594,0.6,0.607,0.613,0.619,0.625,0.63,0.634,0.636,0.638,0.64,0.642,0.644,0.646,0.647,0.649,0.65,0.65,0.652,0.652,0.654,0.656,0.658,0.66,0.663,0.665,0.668,0.67,0.672,0.675,0.678,0.679,0.681,0.684,0.687,0.689,0.691,0.694,0.696,0.698,0.7,0.702,0.703,0.704,0.705,0.706,0.707,0.709,0.71,0.71,0.711,0,0,0,3.34,3.34,3.34,3.34,3.34,3.34,3.34,3.34,3.34,3.34,3.358,3.358,3.358,3.358,3.377,3.377,3.377,3.377,3.377,0,0,0,0,0,0,0,0,0,0,0,0,0,0,0,0,0,0,0,0,0,0,0.737,0.736,0.733,0.731,0.729,0.726,0.722,0.72,0.717,0.714,0.71,0.709,0.708,0.708,0.708,0.709,0.709,0.71,0.71,0.711,0.711,0.711,0.711,0.71,0.71,0.709,0.709,0.708,0.708,0.707,0.706,0.706,0.706,0.707,0.709,0.709,0.71,0.711,0.713,0.715,0.717,0.719,0.72,0.721,0.721,0.722,0.722,0.722,0.723,0.724,0.725,0.726,0.729,0.732,0.734,0.738,0.74,0.744,0.746,0.748,0.75,0.753,0.755,0.756,0.757,0.759,0.761,0.762,0.764,0.767,0.769,0.77,0.771,0.773,0.775,0.776,0.778,0.78,0.781,0.784,0.787,0.79,0.793,0.795,0.797,0.799,0.801,0.804,0.805,0.807,0.808,0.809,0.81,0.81,0.81,0.809,0.807,0.805,0.804,0.802,0.8,0.798,0.797,0.795,0.794,0.793,0.791,0.79,0.789,0.788,0.787,0.786,0.784,0.782,0.781,0.779,0.778,0.776,0.774,0.772,0.77,0.77,0.77,0.769,0.769,0.768,0.768,0.768,0.769,0.77,0.771,0.773,0.775,0.778,0.781,0.784,0.787,0.789,0.791,0.792,0.794,0,0,0,0,0,0,0,0,0,0,0,0,0,0,0,0,0,0,0,0,0,0,0,0,0
0,0,0,0,0,0,0,0,0,0,0,0,0,0,0,0,0,0,0,0,0,0,0,0,0,0,0,0,0,0,0,0.816,0.815,0.814,0.814,0.814,0.814,0.813,0.813,0.814,0.814,0.815,0.815,0.817,0.817,0.819,0.821,0.823,0.826,0.829,0.833,0.837,0.841,0.845,0.85,0.855,0.86,0.864,0.869,0.874,0.879,0.884,0.889,0.895,0.898,0.904,0.908,0.912,0.915,0.919,0.923,0.926,0.928,0.931,0.933,0.935,0.937,0.938,0.94,0.941,0.941,0.943,0.943,0.944,0.944,0.945,0.947,0.947,0.947,0.948,0.95,0.951,0.954,0.959,0.962,0.966,0.971,0.975,0.979,0.983,0.986,0.99,0.991,0.993,0.994,0.998,1.001,1.003,1.006,1.007,1.009,1.012,1.014,1.017,1.019,1.019,1.019,1.019,1.021,1.019,1.019,1.016,1.014,1.012,1.012,1.012,1.012,0,0,0,0,0,0,0,0,0,0,0,0,0,0,0,0,0,0,0,0,0,0,0,0,0.449,0.448,0.446,0.445,0.444,0.443,0.441,0.44,0.439,0.438,0.438,0.437,0.437,0.436,0.436,0.436,0.436,0.436,0.436,0.436,0.437,0.437,0.437,0.438,0.438,0.439,0.439,0.44,0.44,0.441,0.441,0.441,0.442,0.442,0.443,0.444,0.445,0.446,0.447,0.448,0.448,0.449,0.45,0.45,0.451,0.451,0.452,0.452,0.452,0.453,0.453,0.454,0.455,0.455,0.456,0.457,0.458,0.459,0.46,0.461,0.462,0.462,0.463,0.463,0.464,0.464,0.464,0.464,0.464,0.464,0.464,0.464,0.464,0.464,0.464,0.464,0.464,0.464,0.464,0.464,0.464,0.464,0.464,0.464,0.463,0.463,0.463,0.463,0.463,0.462,0.462,0.462,0.462,0.462,0.463,0.463,0.463,0.464,0.465,0.467,0.468,0.469,0.471,0.473,0.474,0.476,0.477,0.478,0.479,0.48,0.481,0.483,0.484,0.485,0.486,0.487,0.488,0.489,0.489,0.49,0.49,0.492,0.493,0.494,0.495,0.496,0.498,0.499,0.5,0.501,0.503,0.504,0.506,0.507,0.508,0.509,0.51,0.512,0.513,0.513,0.514,0.515,0.515,0.516,0.517,0.519,0.52,0.521,0.522,0.523,0.524,0.526,0.527,0.528,0.529,0.53,0.532,0.533,0.534,0.535,0.537,0.538,0.539,0.54,0.54,0.541,0.541,0.541,0.541,0.541,0.541,0.541,0.54,0.54,0.539,0.538,0.537,0.536,0.535,0.534,0.534,0.534,0.534,0.534,0.536,0.536,0.538,0.539,0.54,0.541,0.541,0.543,0.543,0.544,0.545,0.546,0.547,0.549,0.55,0.551,0.553,0.554,0.556,0.558,0.559,0.56,0.562,0.563,0.565,0.566,0.567,0.568,0.569,0.57,0.571,0.572,0.573,0.574,0.575,0.577,0.578,0.58,0.581,0.582,0.583,0.585,0.586,0.59,0.596,0.602,0.609,0,0.622,0.627,0.632,0.636,0.638,0.64,0.642,0.644,0.646,0.647,0.648,0.65,0.651,0.652,0.652,0.653,0.654,0.657,0.659,0.662,0.664,0.667,0.669,0.672,0.674,0.677,0.678,0.681,0.683,0.685,0.687,0.691,0.692,0.695,0.697,0.699,0.702,0.703,0.705,0.705,0.706,0.707,0.709,0.71,0.71,0.711,0.712,0,0,3.358,3.358,3.34,3.358,3.358,3.358,3.358,3.358,3.34,3.34,3.358,3.358,3.358,3.377,3.377,3.377,3.377,3.377,3.377,3.377,0,0,0,0,0,0,0,0,0,0,0,0,0,0,0,0,0,0,0,0,0,0,0.737,0.736,0.734,0.731,0.729,0.726,0.722,0.72,0.717,0.713,0.71,0.709,0.708,0.708,0.708,0.709,0.71,0.71,0.71,0.71,0.711,0.711,0.711,0.711,0.71,0.71,0.71,0.71,0.71,0.71,0.709,0.71,0.71,0.71,0.712,0.712,0.713,0.713,0.715,0.716,0.717,0.719,0.72,0.72,0.72,0.721,0.721,0.722,0.723,0.724,0.726,0.727,0.731,0.733,0.738,0.74,0.744,0.747,0.749,0.75,0.752,0.754,0.756,0.757,0.757,0.758,0.76,0.762,0.764,0.766,0.769,0.77,0.772,0.774,0.775,0.776,0.778,0.78,0.782,0.784,0.787,0.789,0.792,0.794,0.796,0.799,0.801,0.803,0.805,0.807,0.808,0.809,0.81,0.811,0.81,0.81,0.809,0.807,0.805,0.803,0.801,0.799,0.797,0.795,0.793,0.792,0.791,0.79,0.789,0.788,0.787,0.785,0.784,0.782,0.78,0.778,0.777,0.775,0.773,0.772,0.771,0.77,0.77,0.77,0.77,0.77,0.769,0.769,0.77,0.771,0.772,0.775,0.777,0.78,0.783,0.786,0.788,0.791,0.793,0.795,0,0,0,0,0,0,0,0,0,0,0,0,0,0,0,0,0,0,0,0,0,0,0,0,0,0
0,0,0,0,0,0,0,0,0,0,0,0,0,0,0,0,0,0,0,0,0,0,0,0,0,0,0,0,0,0,0.818,0.817,0.817,0.816,0.815,0.815,0.815,0.815,0.815,0.815,0.816,0.816,0.816,0.817,0.818,0.819,0.821,0.823,0.826,0.829,0.833,0.837,0.841,0.845,0.851,0.856,0.862,0.867,0.872,0.878,0.883,0.889,0.895,0.898,0.904,0.908,0.912,0.916,0.919,0.923,0.926,0.928,0.931,0.934,0.935,0.938,0.94,0.941,0.943,0.944,0.944,0.945,0.947,0.947,0.948,0.95,0.951,0.951,0.953,0.954,0.957,0.959,0.962,0.965,0.969,0.972,0.975,0.98,0.983,0.986,0.99,0.991,0.993,0.994,0.998,1.001,1.003,1.006,1.007,1.011,1.012,1.014,1.017,1.019,1.021,1.021,1.019,1.021,1.021,1.019,1.017,1.016,1.014,1.012,1.012,1.011,1.011,0,0,0,0,0,0,0,0,0,0,0,0,0,0,0,0,0,0,0,0,0,0,0,0,0.45,0.449,0.447,0.446,0.445,0.444,0.442,0.441,0.44,0.439,0.438,0.438,0.437,0.437,0.437,0.437,0.437,0.437,0.437,0.437,0.437,0.438,0.438,0.439,0.439,0.44,0.44,0.44,0.441,0.441,0.441,0.442,0.442,0.443,0.444,0.444,0.445,0.446,0.447,0.448,0.448,0.449,0.45,0.451,0.451,0.451,0.452,0.452,0.453,0.453,0.454,0.454,0.455,0.456,0.457,0.458,0.459,0.459,0.46,0.462,0.462,0.463,0.464,0.464,0.465,0.465,0.465,0.466,0.465,0.465,0.465,0.466,0.466,0.466,0.466,0.465,0.465,0.466,0.466,0.465,0.465,0.465,0.465,0.465,0.464,0.464,0.464,0.463,0.463,0.463,0.463,0.463,0.463,0.463,0.463,0.463,0.464,0.465,0.466,0.467,0.468,0.469,0.472,0.473,0.475,0.476,0.477,0.479,0.48,0.481,0.482,0.483,0.484,0.485,0.486,0.487,0.488,0.489,0.489,0.49,0.491,0.492,0.493,0.495,0.496,0.498,0.499,0.5,0.502,0.503,0.504,0.505,0.507,0.508,0.509,0.51,0.511,0.512,0.513,0.514,0.515,0.516,0.516,0.516,0.518,0.519,0.521,0.522,0.523,0.523,0.524,0.526,0.527,0.528,0.529,0.53,0.532,0.533,0.534,0.536,0.538,0.539,0.539,0.54,0.541,0.541,0.541,0.541,0.541,0.541,0.541,0.541,0.541,0.54,0.54,0.539,0.538,0.537,0.536,0.535,0.534,0.534,0.535,0.536,0.537,0.538,0.539,0.54,0.54,0.541,0.542,0.542,0.543,0.544,0.545,0.546,0.547,0.548,0.55,0.551,0.553,0.554,0.556,0.558,0.559,0.561,0.562,0.564,0.565,0.566,0.567,0.569,0.57,0.571,0.572,0.573,0.574,0.575,0.577,0.578,0.579,0.581,0.582,0.583,0.584,0.585,0.588,0.592,0.598,0.605,0.612,0.619,0.625,0.63,0.634,0.638,0.64,0.642,0.643,0.645,0.647,0.648,0.65,0.652,0.652,0.653,0.654,0.655,0.657,0.659,0.661,0.664,0.666,0.668,0.671,0.673,0.675,0.678,0.679,0.681,0.684,0.685,0.688,0.691,0.694,0.696,0.698,0.701,0.703,0.705,0.706,0.707,0.707,0.709,0.71,0.71,0.711,0.712,0.713,0,0,3.358,3.358,3.358,3.358,3.358,3.358,3.358,3.358,3.358,3.358,3.358,3.358,3.377,3.377,3.377,3.377,3.377,3.377,3.377,3.377,3.377,0,0,0,0,0,0,0,0,0,0,0,0,0,0,0,0,0,0,0,0,0,0.738,0.738,0.734,0.732,0.728,0.726,0.723,0.72,0.717,0.714,0.71,0.709,0.708,0.708,0.708,0.709,0.71,0.71,0.71,0.71,0.711,0.711,0.711,0.711,0.711,0.71,0.711,0.711,0.711,0.711,0.711,0.712,0.712,0.713,0.714,0.715,0.715,0.715,0.716,0.717,0.718,0.719,0.72,0.72,0.72,0.72,0.721,0.722,0.723,0.725,0.726,0.729,0.732,0.736,0.74,0.743,0.746,0.749,0.75,0.752,0.754,0.755,0.757,0.757,0.758,0.759,0.76,0.762,0.764,0.766,0.768,0.77,0.772,0.773,0.775,0.777,0.779,0.78,0.782,0.784,0.787,0.789,0.791,0.793,0.795,0.798,0.8,0.802,0.804,0.807,0.808,0.81,0.811,0.812,0.812,0.812,0.811,0.809,0.807,0.805,0.802,0.8,0.798,0.795,0.793,0.792,0.79,0.79,0.788,0.788,0.787,0.785,0.784,0.782,0.78,0.778,0.777,0.775,0.773,0.772,0.771,0.771,0.771,0.77,0.77,0.77,0.77,0.769,0.77,0.772,0.773,0.775,0.778,0.781,0.784,0.787,0.791,0.793,0.796,0.797,0,0.8,0,0,0,0,0,0,0,0,0,0,0,0,0,0,0,0,0,0,0,0,0,0,0,0
0,0,0,0,0,0,0,0,0,0,0,0,0,0,0,0,0,0,0,0,0,0,0,0,0,0,0,0,0,0,0.819,0.818,0.818,0.817,0.816,0.816,0.816,0.816,0.816,0.817,0.817,0.817,0.817,0.818,0.819,0.821,0.822,0.823,0.826,0.829,0.832,0.836,0.84,0.845,0.851,0.857,0.863,0.869,0.875,0.882,0.888,0.893,0.898,0.904,0.908,0.912,0.916,0.92,0.923,0.926,0.928,0.931,0.934,0.937,0.938,0.94,0.941,0.943,0.945,0.947,0.948,0.948,0.95,0.951,0.954,0.954,0.956,0.957,0.959,0.96,0.963,0.965,0.968,0.971,0.974,0.977,0.98,0.983,0.986,0.99,0.991,0.994,0.998,0.998,1.001,1.004,1.006,1.009,1.011,1.014,1.016,1.017,1.019,1.021,1.023,1.023,1.021,1.021,1.021,1.019,1.017,1.016,1.014,1.012,1.011,1.011,1.011,0,0,0,0,0,0,0,0,0,0,0,0,0,0,0,0,0,0,0,0,0,0,0,0,0.45,0.449,0.448,0.447,0.446,0.445,0.443,0.441,0.441,0.44,0.439,0.439,0.438,0.438,0.438,0.438,0.438,0.438,0.438,0.438,0.438,0.439,0.439,0.44,0.44,0.44,0.44,0.441,0.441,0.441,0.442,0.442,0.442,0.443,0.444,0.445,0.445,0.446,0.447,0.448,0.449,0.45,0.45,0.451,0.451,0.452,0.452,0.453,0.453,0.453,0.454,0.454,0.455,0.456,0.457,0.458,0.459,0.46,0.461,0.462,0.463,0.463,0.464,0.465,0.465,0.466,0.466,0.466,0.466,0.467,0.467,0.467,0.467,0.467,0.467,0.466,0.466,0.466,0.466,0.466,0.466,0.466,0.466,0.465,0.465,0.465,0.465,0.465,0.464,0.464,0.464,0.463,0.463,0.463,0.464,0.464,0.464,0.465,0.466,0.467,0.469,0.47,0.472,0.473,0.475,0.477,0.478,0.479,0.481,0.481,0.482,0.484,0.485,0.485,0.486,0.487,0.488,0.489,0.489,0.49,0.491,0.493,0.494,0.496,0.497,0.498,0.5,0.501,0.503,0.503,0.505,0.506,0.507,0.508,0.509,0.51,0.511,0.513,0.513,0.514,0.515,0.516,0.516,0.517,0.518,0.519,0.521,0.522,0.523,0.524,0.525,0.526,0.528,0.528,0.529,0.53,0.532,0.533,0.535,0.536,0.538,0.539,0.54,0.541,0.541,0.541,0.541,0.541,0.541,0.541,0.541,0.541,0.541,0.541,0.54,0.539,0.538,0.538,0.537,0.536,0.536,0.536,0.536,0.537,0.538,0.539,0.539,0.54,0.541,0.541,0.542,0.543,0.543,0.544,0.545,0.546,0.547,0.548,0.55,0.551,0.553,0.554,0.556,0.558,0.559,0.561,0.563,0.564,0.565,0.566,0.567,0.569,0.57,0.572,0.573,0.574,0.575,0.577,0.578,0.579,0.58,0.582,0.583,0.584,0.585,0.586,0.589,0.594,0.6,0.608,0.615,0.621,0.627,0.632,0.636,0.639,0.641,0.643,0.644,0.646,0.648,0.65,0.652,0.653,0.654,0.654,0.656,0.657,0.659,0.661,0.662,0.666,0.668,0.669,0.672,0.675,0.676,0.678,0.681,0.682,0.684,0.686,0.689,0.691,0.694,0.697,0.699,0.702,0.705,0.706,0.708,0.709,0.71,0.711,0.712,0.712,0.713,0.714,0.715,0,0,3.358,3.358,3.377,3.377,3.377,3.377,3.377,3.358,3.358,3.358,3.377,3.377,3.377,3.377,3.377,3.377,3.377,3.377,3.377,3.377,3.377,0,0,0,0,0,0,0,0,0,0,0,0,0,0,0,0,0,0,0,0,0,0.74,0.738,0.734,0.731,0.729,0.726,0.723,0.72,0.717,0.714,0.71,0.709,0.708,0.708,0.709,0.709,0.71,0.71,0.71,0.71,0.711,0.712,0.711,0.711,0.711,0.71,0.711,0.713,0.713,0.713,0.714,0.714,0.715,0.715,0.715,0.715,0.716,0.716,0.717,0.717,0.717,0.718,0.719,0.72,0.72,0.72,0.721,0.723,0.724,0.726,0.728,0.732,0.736,0.739,0.743,0.747,0.749,0.751,0.753,0.754,0.756,0.757,0.757,0.757,0.758,0.759,0.761,0.762,0.764,0.766,0.768,0.769,0.771,0.774,0.776,0.777,0.779,0.781,0.782,0.784,0.786,0.788,0.789,0.791,0.793,0.796,0.798,0.801,0.804,0.807,0.809,0.811,0.812,0.814,0.814,0.814,0.813,0.812,0.81,0.808,0.805,0.802,0.799,0.797,0.795,0.793,0.791,0.79,0.789,0.788,0.787,0.785,0.784,0.783,0.78,0.779,0.777,0.776,0.774,0.773,0.772,0.771,0.772,0.771,0.771,0.77,0.77,0.77,0.771,0.772,0.773,0.775,0.778,0.781,0.785,0.788,0.792,0.794,0.797,0.798,0,0,0,0,0,0,0,0,0,0,0,0,0,0,0,0,0,0,0,0,0,0,0,0,0,0
0,0,0,0,0,0,0,0,0,0,0,0,0,0,0,0,0,0,0,0,0,0,0,0,0,0,0,0,0.821,0.819,0.819,0.818,0.818,0.817,0.817,0.816,0.816,0.816,0.817,0.817,0.817,0.818,0.818,0.818,0.819,0.821,0.822,0.823,0.826,0.827,0.832,0.835,0.838,0.844,0.851,0.858,0.866,0.872,0.877,0.884,0.891,0.897,0.902,0.908,0.912,0.916,0.92,0.921,0.924,0.927,0.93,0.933,0.935,0.938,0.94,0.941,0.944,0.945,0.948,0.95,0.951,0.953,0.954,0.957,0.959,0.96,0.962,0.962,0.963,0.966,0.968,0.971,0.974,0.977,0.98,0.983,0.985,0.988,0.99,0.993,0.996,0.999,1.001,1.003,1.004,1.007,1.009,1.012,1.014,1.017,1.017,1.021,1.023,1.024,1.024,1.023,1.023,1.021,1.021,1.021,1.017,1.017,1.014,1.012,1.012,1.012,1.011,1.011,0,0,0,0,0,0,0,0,0,0,0,0,0,0,0,0,0,0,0,0,0,0,0,0,0.449,0.448,0,0.446,0.444,0.443,0.441,0.441,0.44,0.44,0.439,0.439,0.439,0.439,0.439,0.439,0.439,0.439,0.439,0.439,0.44,0.44,0.44,0.441,0.441,0.441,0.441,0.441,0.442,0.442,0.442,0.443,0.444,0.444,0.445,0.446,0.447,0.447,0.448,0.449,0.45,0.45,0.451,0.452,0.452,0.452,0.453,0.453,0.454,0.454,0.455,0.456,0.457,0.458,0.459,0.459,0.461,0.461,0.462,0.463,0.464,0.465,0.465,0.466,0.466,0.467,0.467,0.467,0.467,0.467,0.468,0.468,0.468,0.468,0.468,0.468,0.467,0.467,0.467,0.467,0.467,0.467,0.466,0.466,0.466,0.465,0.465,0.465,0.464,0.464,0.464,0.464,0.464,0.464,0.464,0.465,0.465,0.466,0.468,0.469,0.471,0.472,0.474,0.476,0.478,0.479,0.48,0.481,0.482,0.483,0.484,0.485,0.485,0.487,0.487,0.487,0.489,0.489,0.49,0.491,0.493,0.495,0.496,0.498,0.499,0.501,0.502,0.503,0.504,0.505,0.507,0.507,0.509,0.51,0.511,0.512,0.513,0.513,0.514,0.515,0.516,0.517,0.517,0.519,0.52,0.521,0.522,0.523,0.524,0.525,0.526,0.528,0.528,0.529,0.53,0.532,0.533,0.535,0.536,0.538,0.539,0.54,0.541,0.541,0.541,0.541,0.541,0.542,0.542,0.542,0.542,0.542,0.541,0.54,0.54,0.539,0.538,0.538,0.537,0.537,0.537,0.537,0.538,0.538,0.539,0.54,0.54,0.541,0.541,0.542,0.543,0.543,0.544,0.545,0.546,0.547,0.548,0.55,0.552,0.553,0.555,0.556,0.558,0.56,0.561,0.563,0.565,0.566,0.567,0.568,0.57,0.571,0.572,0.573,0.575,0.577,0.578,0.579,0.58,0.581,0.583,0.584,0.585,0.586,0.587,0.59,0.595,0.603,0.61,0.617,0.623,0.628,0.633,0.636,0.64,0.642,0.643,0.645,0.647,0.648,0.65,0.652,0.654,0.654,0.656,0.657,0.658,0.661,0.662,0.664,0.667,0.669,0.672,0.673,0.675,0.677,0.679,0.681,0.682,0.684,0.687,0.69,0.693,0.696,0.698,0.701,0.704,0.706,0.708,0.71,0.71,0.711,0.712,0.714,0.715,0.715,0.716,0.717,0,0,3.377,3.377,3.377,3.377,3.377,3.377,3.377,3.377,3.358,3.377,3.377,3.377,3.377,3.377,3.377,3.377,3.377,3.377,3.377,3.358,3.358,0,0,0,0,0,0,0,0,0,0,0,0,0,0,0,0,0,0,0,0,0,0.739,0.736,0.733,0.731,0.728,0.726,0.722,0.72,0.717,0.714,0.71,0.709,0.708,0.709,0.709,0.71,0.71,0.71,0.71,0.71,0.711,0.712,0.711,0.711,0.711,0.711,0.712,0.714,0.715,0.715,0.715,0.715,0.716,0.715,0.716,0.715,0.716,0.716,0.717,0.717,0.718,0.718,0.719,0.72,0.72,0.721,0.723,0.725,0.726,0.728,0.731,0.734,0.739,0.743,0.746,0.75,0.752,0.755,0.755,0.757,0.757,0.758,0.759,0.758,0.759,0.76,0.761,0.763,0.764,0.767,0.768,0.77,0.772,0.774,0.777,0.779,0.78,0.782,0.783,0.785,0.786,0.788,0.79,0.791,0.793,0.796,0.799,0.801,0.803,0.807,0.809,0.811,0.813,0.815,0.815,0.816,0.815,0.814,0.812,0.81,0.808,0.804,0.801,0.799,0.796,0.794,0.792,0.791,0.789,0.789,0.788,0.786,0.784,0.783,0.781,0.779,0.778,0.776,0.775,0.774,0.774,0.773,0.774,0.773,0.772,0.771,0.77,0.77,0.771,0.772,0.773,0.776,0.779,0.782,0.785,0.789,0.793,0.795,0.798,0.799,0,0,0,0,0,0,0,0,0,0,0,0,0,0,0,0,0,0,0,0,0,0,0,0,0,0
0,0,0,0,0,0,0,0,0,0,0,0,0,0,0,0,0,0,0,0,0,0,0,0,0,0,0,0,0.821,0.819,0.819,0.818,0.818,0.817,0.817,0.817,0.817,0.817,0.818,0.818,0.818,0.818,0.818,0.819,0.819,0.821,0.822,0.823,0.826,0.827,0.83,0.834,0.838,0.843,0.85,0.858,0.864,0.872,0.878,0.886,0.893,0.9,0.906,0.91,0.915,0.919,0.923,0.924,0.927,0.93,0.933,0.934,0.937,0.94,0.941,0.944,0.945,0.948,0.951,0.954,0.956,0.957,0.959,0.962,0.963,0.965,0.966,0.968,0.969,0.972,0.974,0.977,0.979,0.982,0.985,0.988,0.991,0.993,0.996,0.998,1.001,1.003,1.004,1.006,1.007,1.011,1.014,1.017,1.019,1.021,1.021,1.023,1.024,1.026,1.026,1.026,1.024,1.023,1.023,1.023,1.019,1.017,1.016,1.014,1.014,1.012,1.012,1.011,1.011,0,0,0,0,0,0,0,0,0,0,0,0,0,0,0,0,0,0,0,0,0,0,0,0,0.447,0,0.445,0.444,0.443,0.441,0.441,0.441,0.44,0.44,0.44,0.439,0.439,0.439,0.439,0.439,0.439,0.44,0.44,0.44,0.44,0.441,0.441,0.441,0.441,0.441,0.442,0.442,0.442,0.443,0.443,0.444,0.445,0.445,0.446,0.447,0.448,0.448,0.449,0.45,0.451,0.451,0.452,0.452,0.453,0.453,0.454,0.454,0.455,0.455,0.457,0.457,0.458,0.459,0.46,0.461,0.462,0.463,0.464,0.465,0.466,0.466,0.467,0.467,0.467,0.468,0.468,0.468,0.468,0.468,0.468,0.468,0.468,0.468,0.468,0.468,0.468,0.468,0.467,0.467,0.467,0.467,0.467,0.466,0.466,0.466,0.465,0.465,0.465,0.465,0.464,0.464,0.464,0.464,0.465,0.466,0.466,0.467,0.469,0.471,0.472,0.474,0.476,0.478,0.479,0.481,0.482,0.482,0.484,0.484,0.485,0.486,0.486,0.487,0.488,0.489,0.489,0.49,0.492,0.493,0.495,0.497,0.498,0.5,0.501,0.503,0.504,0.505,0.506,0.507,0.508,0.509,0.51,0.511,0.512,0.513,0.514,0.515,0.516,0.517,0.517,0.518,0.519,0.52,0.522,0.523,0.523,0.524,0.525,0.526,0.528,0.528,0.529,0.531,0.532,0.533,0.535,0.536,0.538,0.539,0.54,0.541,0.541,0.541,0.541,0.542,0.542,0.542,0.542,0.542,0.542,0.541,0.541,0.54,0.539,0.539,0.538,0.538,0.538,0.538,0.538,0.539,0.539,0.54,0.54,0.541,0.541,0.542,0.542,0.543,0.543,0.544,0.545,0.546,0.547,0.548,0.55,0.551,0.553,0.554,0.556,0.558,0.56,0.562,0.563,0.565,0.566,0.567,0.569,0.57,0.572,0.573,0.574,0.576,0.578,0.579,0.58,0.582,0.583,0.584,0.585,0.586,0.586,0.588,0.591,0.597,0.605,0,0.619,0.625,0.629,0.634,0.637,0.64,0.641,0.644,0.646,0.648,0.649,0.651,0.652,0.654,0.655,0.657,0.658,0.659,0.662,0.664,0.667,0.669,0.671,0.672,0.675,0.676,0.678,0.681,0.682,0.684,0.685,0.688,0.691,0.694,0.698,0.7,0.702,0.706,0.708,0.71,0.711,0.712,0.713,0.715,0.715,0.716,0.717,0.719,0,0,0,3.377,3.377,3.377,3.377,3.377,3.377,3.377,3.377,3.377,3.377,3.377,3.377,3.377,3.377,3.377,3.377,3.358,3.358,3.358,3.34,3.34,0,0,0,0,0,0,0,0,0,0,0,0,0,0,0,0,0,0,0,0,0,0,0.735,0.732,0.73,0.727,0.725,0.722,0.72,0.717,0.713,0.71,0.71,0.709,0.709,0.709,0.71,0.71,0.71,0.71,0.711,0.711,0.711,0.711,0.711,0.711,0.712,0.713,0.714,0.715,0.715,0.716,0.717,0.718,0.717,0.717,0.716,0.716,0.717,0.718,0.718,0.718,0.719,0.72,0.721,0.722,0.724,0.726,0.726,0.729,0.731,0.733,0.737,0.741,0.746,0.749,0.753,0.755,0.756,0.758,0.758,0.759,0.759,0.759,0.759,0.76,0.761,0.762,0.764,0.766,0.767,0.769,0.77,0.773,0.776,0.778,0.78,0.782,0.783,0.785,0.787,0.788,0.788,0.79,0.791,0.793,0.795,0.798,0.801,0.802,0.807,0.809,0.812,0.814,0.815,0.816,0.816,0.816,0.815,0.814,0.812,0.809,0.805,0.803,0.801,0.797,0.795,0.794,0.792,0.79,0.789,0.788,0.786,0.784,0.783,0.782,0.78,0.779,0.778,0.777,0.776,0.775,0.775,0.775,0.774,0.773,0.773,0.771,0.77,0.771,0.772,0.774,0.776,0.779,0.783,0.786,0.789,0.794,0.796,0.798,0,0,0,0,0,0,0,0,0,0,0,0,0,0,0,0,0,0,0,0,0,0,0,0,0,0,0
0,0,0,0,0,0,0,0,0,0,0,0,0,0,0,0,0,0,0,0,0,0,0,0,0,0,0,0,0,0.819,0.818,0.818,0.818,0.818,0.817,0.817,0.817,0.817,0.818,0.818,0.818,0.818,0.819,0.819,0.821,0.821,0.822,0.823,0.825,0.826,0.829,0.833,0.837,0.842,0.85,0.857,0.864,0.872,0.878,0.886,0.895,0.901,0.908,0.913,0.917,0.92,0.924,0.927,0.93,0.933,0.934,0.937,0.938,0.941,0.944,0.945,0.948,0.951,0.954,0.957,0.959,0.96,0.963,0.965,0.968,0.969,0.971,0.972,0.974,0.977,0.98,0.982,0.985,0.988,0.993,0.994,0.998,0.999,1.001,1.003,1.006,1.007,1.009,1.011,1.012,1.016,1.017,1.021,1.023,1.023,1.024,1.026,1.026,1.028,1.028,1.028,1.026,1.026,1.024,1.024,1.023,1.021,1.019,1.017,1.016,1.016,1.016,1.014,0,0,0,0,0,0,0,0,0,0,0,0,0,0,0,0,0,0,0,0,0,0,0,0,0.447,0.446,0.445,0.444,0.444,0.442,0.441,0.441,0.441,0.44,0.44,0.44,0.44,0.44,0.44,0.44,0.44,0.44,0.44,0.44,0.441,0.441,0.441,0.441,0.441,0.441,0.442,0.442,0.442,0.443,0.443,0.444,0.444,0.445,0.446,0.446,0.447,0.448,0.449,0.45,0.45,0.451,0.451,0.452,0.452,0.453,0.453,0.454,0.455,0.455,0.456,0.457,0.458,0.459,0.46,0.461,0.462,0.463,0.464,0.465,0.465,0.466,0.467,0.467,0.467,0.468,0.468,0.468,0.468,0.468,0.469,0.469,0.469,0.469,0.469,0.469,0.469,0.469,0.468,0.468,0.468,0.468,0.468,0.467,0.467,0.467,0.466,0.466,0.466,0.465,0.465,0.464,0.464,0.464,0.464,0.465,0.465,0.466,0.467,0.469,0.471,0.472,0.475,0.476,0.479,0.48,0.481,0.482,0.483,0.484,0.485,0.485,0.486,0.487,0.487,0.488,0.489,0.49,0.491,0.492,0.494,0.496,0.498,0.499,0.5,0.502,0.503,0.504,0.505,0.506,0.507,0.508,0.51,0.51,0.512,0.513,0.513,0.514,0.515,0.516,0.517,0.518,0.519,0.519,0.521,0.522,0.523,0.524,0.525,0.525,0.527,0.528,0.528,0.529,0.531,0.532,0.533,0.535,0.536,0.538,0.539,0.54,0.541,0.541,0.541,0.542,0.542,0.542,0.542,0.543,0.542,0.542,0.541,0.541,0.54,0.539,0.539,0.538,0.538,0.538,0.538,0.539,0.539,0.54,0.54,0.541,0.541,0.541,0.542,0.542,0.543,0.543,0.544,0.545,0.546,0.547,0.548,0.55,0.551,0.553,0.555,0.556,0.558,0.56,0.562,0.564,0.565,0.567,0.569,0.57,0.571,0.573,0.574,0.576,0.577,0.579,0.58,0.581,0.583,0.584,0.585,0.586,0.586,0.587,0.589,0.593,0.6,0.607,0,0.62,0.626,0.63,0.634,0.637,0.639,0.642,0.643,0.645,0.647,0.649,0.65,0.652,0.654,0.656,0.658,0.659,0.661,0.663,0.665,0.667,0.669,0.672,0.674,0.676,0.678,0.679,0.681,0.683,0.684,0.687,0.69,0.693,0.695,0.698,0.701,0.704,0.706,0.71,0.711,0.712,0.713,0.715,0.715,0.716,0.718,0.719,0.72,0,0,0,3.377,3.377,3.377,3.377,3.377,3.377,3.377,3.377,3.377,3.377,3.377,3.377,3.377,3.377,3.377,3.358,3.358,3.34,3.34,3.34,3.322,0,0,0,0,0,0,0,0,0,0,0,0,0,0,0,0,0,0,0,0,0,0,0.734,0.732,0.729,0.726,0.725,0.721,0.72,0.717,0.713,0.71,0.71,0.709,0.71,0.71,0.71,0.71,0.71,0.71,0.711,0.711,0.712,0.712,0.712,0.712,0.712,0.713,0.715,0.715,0.715,0.715,0.717,0.718,0.717,0.717,0.716,0.716,0.717,0.718,0.718,0.719,0.72,0.721,0.723,0.725,0.726,0.727,0.729,0.731,0.734,0.737,0.74,0.744,0.749,0.752,0.756,0.757,0.758,0.758,0.76,0.761,0.761,0.761,0.761,0.762,0.762,0.764,0.767,0.768,0.769,0.771,0.772,0.775,0.778,0.78,0.782,0.783,0.785,0.787,0.788,0.789,0.789,0.79,0.791,0.793,0.795,0.798,0.801,0.803,0.807,0.809,0.812,0.814,0.816,0.817,0.817,0.817,0.816,0.815,0.813,0.811,0.808,0.804,0.802,0.799,0.797,0.795,0.793,0.791,0.79,0.789,0.787,0.785,0.783,0.782,0.781,0.78,0.779,0.778,0.778,0.777,0.776,0.776,0.776,0.774,0.773,0.771,0.77,0.771,0.772,0.774,0.777,0.78,0.784,0.787,0.791,0.795,0.797,0.799,0,0,0,0,0,0,0,0,0,0,0,0,0,0,0,0,0,0,0,0,0,1.945,1.945,0,0,0,0
0,0,0,0,0,0,0,0,0,0,0,0,0,0,0,0,0,0,0,0,0,0,0,0,0,0,0,0,0,0.818,0.817,0.817,0.817,0.817,0.816,0.816,0.816,0.817,0.818,0.819,0.819,0.819,0.819,0.819,0.821,0.821,0.822,0.823,0.825,0.826,0.828,0.832,0.836,0,0,0.856,0.863,0.869,0.877,0.886,0.893,0.901,0.908,0.913,0.917,0.921,0.926,0.928,0.931,0.934,0.935,0.938,0.94,0.944,0.947,0.948,0.951,0.954,0.957,0.96,0.963,0.965,0.968,0.969,0.972,0.974,0.977,0.979,0.98,0.983,0.986,0.99,0.993,0.996,0.999,1.003,1.004,1.006,1.007,1.009,1.011,1.014,1.016,1.016,1.017,1.021,1.023,1.024,1.026,1.026,1.028,1.028,1.028,1.029,1.029,1.029,1.029,1.028,1.028,1.026,1.026,1.024,1.023,1.021,1.019,1.019,1.019,1.017,0,0,0,0,0,0,0,0,0,0,0,0,0,0,0,0,0,0,0,0,0,0,0,0,0.446,0.445,0.444,0.443,0.443,0.442,0.441,0.441,0.441,0.441,0.441,0.44,0.44,0.44,0.44,0.44,0.44,0.44,0.441,0.441,0.441,0.441,0.441,0.441,0.441,0.442,0.442,0.442,0.443,0.443,0.444,0.444,0.445,0.445,0.446,0.447,0.448,0.448,0.449,0.45,0.451,0.451,0.451,0.452,0.453,0.453,0.454,0.455,0.455,0.456,0.457,0.458,0.459,0.46,0.461,0.462,0.463,0.463,0.465,0.465,0.466,0.466,0.467,0.467,0.468,0.468,0.469,0.469,0.469,0.469,0.469,0.469,0.469,0.469,0.469,0.469,0.469,0.469,0.469,0.469,0.469,0.469,0.469,0.468,0.468,0.468,0.467,0.467,0.466,0.466,0.465,0.465,0.464,0.464,0.464,0.465,0.465,0.466,0.467,0.469,0.471,0.473,0.475,0.477,0.479,0.481,0.482,0.482,0.484,0.484,0.485,0.486,0.487,0.487,0.488,0.488,0.489,0.49,0.492,0.493,0.495,0.497,0.498,0.5,0.501,0.503,0.504,0.504,0.506,0.507,0.508,0.509,0.51,0.511,0.512,0.513,0.514,0.514,0.516,0.516,0.517,0.518,0.519,0.519,0.521,0.523,0.523,0.524,0.525,0.526,0.527,0.528,0.529,0.53,0.531,0.532,0.533,0.535,0.536,0.538,0.539,0.54,0.541,0.541,0.541,0.542,0.542,0.542,0.543,0.543,0.543,0.542,0.542,0.541,0.541,0.54,0.539,0.539,0.538,0.538,0.538,0.539,0.54,0.54,0.541,0.541,0.541,0.542,0.542,0.543,0.543,0.544,0.544,0.545,0.546,0.547,0.548,0.55,0.551,0.553,0.554,0.556,0.559,0.561,0.562,0.565,0.566,0.568,0.57,0.571,0.573,0.574,0.575,0.577,0.579,0.58,0.581,0.583,0.584,0.585,0.586,0.586,0.587,0.589,0.59,0.595,0.601,0.608,0,0.621,0.626,0.63,0.634,0.636,0.638,0.64,0.642,0.644,0.646,0.648,0.65,0.652,0.654,0.657,0.659,0.66,0.662,0.664,0.666,0.669,0.671,0.673,0.675,0.677,0.678,0.681,0.682,0.684,0.686,0.687,0.691,0.694,0.697,0.699,0.702,0.705,0.707,0.71,0.712,0.713,0.714,0.715,0.717,0.718,0.719,0.719,0.72,0,0,0,3.377,3.377,3.377,3.377,3.377,3.377,3.377,3.377,3.377,3.377,3.377,3.377,3.377,3.377,3.377,3.358,3.34,3.34,3.34,3.322,3.304,0,0,0,0,0,0,0,0,0,0,0,0,0,0,0,0,0,0,0,0,0,0,0.734,0.732,0.729,0.726,0.724,0.721,0.72,0.717,0.714,0.711,0.71,0.71,0.71,0.71,0.71,0.71,0.711,0.711,0.711,0.712,0.712,0.712,0.712,0.712,0.712,0.714,0.715,0.715,0.716,0.716,0.717,0.718,0.717,0.717,0.716,0.716,0.716,0.718,0.719,0.719,0.72,0.723,0.725,0.726,0.728,0.73,0.732,0.733,0.737,0.739,0.742,0.747,0.751,0.755,0.757,0.758,0.759,0.76,0.761,0.762,0.762,0.762,0.762,0.763,0.765,0.767,0.769,0.771,0.772,0.773,0.774,0.777,0.779,0.782,0.783,0.784,0.786,0.788,0.79,0.791,0.791,0.791,0.792,0.794,0.797,0.799,0.801,0.803,0.807,0.81,0.812,0.813,0.816,0.817,0.818,0.817,0.817,0.816,0.814,0.812,0.81,0.808,0.804,0.8,0.798,0.797,0.794,0.792,0.791,0.79,0.787,0.785,0.785,0.783,0.782,0.781,0.78,0.779,0.779,0.779,0.778,0.777,0.777,0.775,0.775,0.772,0.771,0.771,0.773,0.774,0.777,0.781,0.786,0.788,0.792,0.797,0.799,0.801,0,0,0,0,0,0,0,0,0,0,0,0,0,0,0,0,0,0,0,0,0,1.945,1.951,0,0,0,0
0,0,0,0,0,0,0,0,0,0,0,0,0,0,0,0,0,0,0,0,0,0,0,0,0,0,0,0,0,0,0.815,0.815,0.815,0.815,0.815,0.815,0.816,0.816,0.817,0.819,0.819,0.819,0.819,0.821,0.821,0.821,0.822,0.823,0.825,0.826,0.828,0.832,0.835,0,0,0.854,0.861,0.868,0.875,0.883,0.892,0.901,0.908,0.913,0.919,0.923,0.927,0.93,0.933,0.935,0.938,0.94,0.943,0.945,0.948,0.951,0.954,0.957,0.96,0.963,0.966,0.969,0.971,0.974,0.977,0.98,0.982,0.985,0.986,0.991,0.994,0.998,1.001,1.004,1.007,1.011,1.011,1.014,1.014,1.016,1.017,1.019,1.021,1.023,1.023,1.026,1.028,1.029,1.029,1.029,1.029,1.029,1.029,1.031,1.031,1.031,1.031,1.031,1.029,1.029,1.028,1.026,1.026,1.024,1.023,0,0,1.021,1.019,0,0,0,0,0,0,0,0,0,0,0,0,0,0,0,0,0,0,0,0,0,0,0,0,0,0,0.442,0.442,0.441,0.441,0.441,0.441,0.441,0.441,0.441,0.441,0.441,0.441,0.441,0.441,0.441,0.441,0.441,0.441,0.441,0.441,0.441,0.442,0.442,0.442,0.443,0.443,0.444,0.444,0.445,0.445,0.446,0.447,0.448,0.448,0.449,0.45,0.45,0.451,0.451,0.452,0.452,0.453,0.454,0.454,0.455,0.456,0.457,0.458,0.459,0.46,0.461,0.462,0.462,0.463,0.464,0.465,0.466,0.466,0.467,0.467,0.468,0.468,0.469,0.469,0.469,0.469,0.47,0.47,0.47,0.47,0.47,0.47,0.47,0.47,0.47,0.47,0.47,0.47,0.469,0.469,0.469,0.469,0.468,0.468,0.467,0.467,0.466,0.466,0.465,0.465,0.465,0.465,0.465,0.466,0.466,0.468,0.47,0.472,0.473,0.476,0.478,0.48,0.481,0.482,0.483,0.484,0.485,0.485,0.486,0.487,0.487,0.488,0.489,0.49,0.491,0.492,0.494,0.496,0.497,0.499,0.5,0.502,0.503,0.504,0.505,0.506,0.507,0.508,0.509,0.51,0.511,0.513,0.513,0.514,0.515,0.516,0.517,0.518,0.518,0.519,0.52,0.522,0.523,0.524,0.525,0.526,0.526,0.528,0.528,0.529,0.53,0.531,0.533,0.533,0.535,0.536,0.538,0.539,0.54,0.541,0.541,0.541,0.542,0.542,0.542,0.543,0.543,0.543,0.543,0.542,0.541,0.541,0.54,0.54,0.539,0.539,0.539,0.539,0.54,0.54,0.541,0.541,0.541,0.541,0.542,0.542,0.543,0.543,0.544,0.545,0.545,0.546,0.547,0.548,0.55,0.551,0.553,0.554,0.557,0.559,0.561,0.563,0.565,0.567,0.569,0.571,0.573,0.574,0.575,0.577,0.579,0.58,0.581,0.582,0.584,0.585,0.586,0.587,0.588,0.589,0.59,0.593,0.597,0.603,0.61,0,0.621,0.626,0.63,0.634,0.636,0.638,0.64,0.642,0.644,0.646,0.648,0.65,0.653,0.655,0.657,0.66,0.662,0.664,0.666,0.668,0.67,0.672,0.674,0.676,0.677,0.679,0.681,0.682,0.684,0.687,0.688,0.691,0.694,0.697,0.7,0.702,0.706,0.708,0.71,0.712,0.714,0.715,0.715,0.717,0.718,0.72,0.72,0.721,0,0,3.358,3.358,3.377,3.377,3.358,3.358,3.377,3.358,3.358,3.358,3.358,3.358,3.358,3.358,3.358,3.358,3.34,3.322,3.322,3.322,3.304,3.286,3.269,0,0,0,0,0,0,0,0,0,0,0,0,0,0,0,0,0,0,0,0,0,0.733,0.73,0.728,0.726,0.724,0.721,0.72,0.717,0.714,0.711,0.71,0.71,0.71,0.71,0.711,0.711,0.712,0.712,0.713,0.713,0.713,0.713,0.713,0.712,0.713,0.714,0.715,0.715,0.716,0.716,0.717,0.717,0.716,0.716,0.716,0.716,0.717,0.717,0.719,0.72,0.72,0.724,0.726,0.728,0.73,0.732,0.733,0.736,0.739,0.741,0.745,0.749,0.753,0.756,0.758,0.759,0.76,0.761,0.762,0.762,0.762,0.763,0.763,0.765,0.767,0.771,0.773,0.775,0.775,0.775,0.776,0.778,0.781,0.783,0.784,0.786,0.787,0.789,0.792,0.793,0.793,0.793,0.794,0.795,0.798,0.801,0.803,0.805,0.809,0.811,0,0,0,0,0.818,0.819,0.818,0.817,0.816,0.814,0.811,0.81,0.807,0.802,0.8,0.798,0.796,0.793,0.792,0.791,0.788,0.786,0.785,0.784,0.783,0.782,0.782,0.781,0.781,0.78,0.78,0.779,0.778,0.776,0.776,0.772,0.77,0.771,0.772,0.775,0.778,0.782,0.786,0.788,0.793,0.798,0.801,0,0,0,0,0,0,0,0,0,0,0,0,0,0,0,0,0,0,0,1.957,1.957,1.951,1.951,1.951,1.951,1.951,1.951,0
0,0,0,0,0,0,0,0,0,0,0,0,0,0,0,0,0,0,0,0,0,0,0,0,0,0,0,0,0,0,0.812,0.812,0.812,0.812,0.813,0.813,0.814,0.815,0.816,0.818,0.819,0.819,0.819,0.821,0.821,0.822,0.822,0.823,0.825,0.825,0.828,0.83,0.834,0.838,0.844,0.851,0.857,0.864,0.872,0.88,0.889,0.898,0.906,0.912,0.917,0.923,0.928,0.931,0.934,0.937,0.94,0.943,0.945,0.948,0.951,0.954,0.957,0.96,0.963,0.968,0.971,0.974,0.975,0.979,0.982,0.985,0.988,0.991,0.993,0.998,1.001,1.004,1.007,1.011,1.014,1.017,1.017,1.019,1.021,1.023,1.023,1.024,1.026,1.026,1.028,1.029,1.029,1.031,1.031,1.031,1.031,1.031,1.031,1.031,1.031,1.033,1.033,1.031,1.031,1.031,1.029,1.029,1.029,1.028,1.026,0,0,0,0,0,0,0,0,0,0,0,0,0,0,0,0,0,0,0,0,0,0,0,0,0,0,0,0,0,0.441,0.441,0.441,0.441,0.441,0.44,0.441,0.441,0.441,0.441,0.441,0.441,0.441,0.441,0.441,0.441,0.441,0.441,0.441,0.441,0.441,0.442,0.442,0.442,0.443,0.443,0.444,0.444,0.445,0.445,0.446,0.447,0.448,0.448,0.449,0.449,0.45,0.451,0.451,0.452,0.452,0.453,0.453,0.454,0.455,0.456,0.457,0.457,0.458,0.459,0.46,0.461,0.462,0.463,0.464,0.465,0.465,0.466,0.467,0.467,0.468,0.468,0.469,0.469,0.469,0.47,0.47,0.47,0.47,0.471,0.471,0.471,0.471,0.471,0.471,0.471,0.471,0.47,0.47,0.47,0.47,0.469,0.469,0.469,0.468,0.468,0.467,0.467,0.466,0.466,0.465,0.465,0.466,0.466,0.467,0.467,0.469,0.471,0.472,0.474,0.476,0.478,0.48,0.482,0.483,0.484,0.484,0.485,0.486,0.487,0.487,0.487,0.489,0.489,0.49,0.492,0.493,0.495,0.496,0.498,0.5,0.5,0.502,0.503,0.504,0.505,0.506,0.507,0.508,0.51,0.511,0.512,0.513,0.513,0.514,0.515,0.516,0.517,0.518,0.519,0.519,0.52,0.522,0.523,0.524,0.525,0.526,0.527,0.528,0.528,0.53,0.531,0.532,0.533,0.534,0.535,0.536,0.538,0.539,0.54,0.541,0.541,0.542,0.542,0.542,0.543,0.543,0.544,0.544,0.543,0.542,0.542,0.541,0.541,0.54,0.54,0.539,0.539,0.539,0.54,0.541,0.541,0.541,0.541,0.542,0.542,0.543,0.543,0.544,0.544,0.545,0.546,0.546,0.547,0.548,0.55,0.551,0.553,0.554,0.557,0.559,0.561,0.563,0.566,0.568,0.57,0.572,0.574,0.575,0.577,0.579,0.58,0.581,0.583,0.584,0.585,0.586,0.587,0.588,0.589,0.59,0.591,0.594,0.598,0,0,0.616,0.621,0.625,0.629,0.632,0.634,0.636,0.638,0.64,0.643,0.645,0.648,0.65,0.653,0.656,0.659,0.661,0.663,0.665,0.667,0.669,0.672,0.673,0.675,0.677,0.678,0.681,0.682,0.684,0.685,0.687,0.69,0.692,0.695,0.698,0.7,0.703,0.706,0.708,0.71,0.712,0.714,0.715,0.716,0.718,0.719,0.72,0.72,0.722,0,0,3.34,3.358,3.358,3.358,3.358,3.358,3.358,3.358,3.358,3.358,3.34,3.34,3.358,3.358,3.358,3.34,3.34,3.304,3.304,3.304,3.286,3.269,3.235,0,0,0,0,0,0,0,0,0,0,0,0,0,0,0,0,0,0,0,0,0,0.733,0.73,0.728,0.726,0.723,0.721,0.72,0.717,0.714,0.712,0.711,0.711,0.71,0.711,0.711,0.712,0.713,0.713,0.714,0.714,0.714,0.714,0.714,0.713,0.714,0.715,0.715,0.715,0.715,0.716,0.716,0.717,0.716,0.716,0.715,0.715,0.716,0.718,0.719,0.72,0.721,0.725,0.728,0.73,0.732,0.733,0.736,0.739,0.741,0.744,0.747,0.75,0.754,0.757,0.759,0.759,0.76,0.761,0.762,0.763,0.763,0.764,0.765,0.767,0.77,0.774,0.776,0.778,0.778,0.778,0.779,0.78,0.783,0.785,0.787,0.788,0.789,0.791,0.794,0.795,0.795,0.796,0.797,0.799,0.801,0.803,0.805,0.808,0.811,0.813,0.814,0.816,0.817,0.817,0.818,0.821,0.819,0.818,0.817,0.815,0.813,0.811,0.809,0.804,0.801,0.799,0.797,0.794,0.792,0.791,0.789,0.787,0.786,0.785,0.784,0.783,0.783,0.782,0.783,0.782,0.782,0.781,0.779,0.777,0.776,0.773,0.77,0.771,0.772,0.775,0.778,0.783,0.787,0.789,0.794,0.799,0.801,0,0,0,0,0,0,0,0,0,0,0,0,0,0,0,0,1.97,1.963,1.963,1.963,1.957,1.957,1.951,1.951,1.951,1.951,1.951,1.951
0,0,0,0,0,0,0,0,0,0,0,0,0,0,0,0,0,0,0,0,0,0,0,0,0,0,0,0,0.81,0.81,0.81,0.81,0.809,0.81,0.81,0.811,0.812,0.813,0.815,0.817,0.818,0.818,0.819,0.821,0.821,0.822,0.822,0.823,0.825,0.825,0.827,0.83,0.833,0.837,0.843,0.85,0.856,0.862,0.869,0.878,0.887,0.895,0.904,0.91,0.917,0.923,0.93,0.934,0.937,0.94,0.944,0.945,0.95,0.953,0.956,0.959,0.962,0.965,0.968,0.971,0.975,0.977,0.98,0.983,0.986,0.99,0.993,0.998,0.999,1.004,1.007,1.011,1.014,1.017,1.021,1.024,1.024,1.026,1.026,1.028,1.029,1.029,1.029,1.031,1.031,1.033,1.033,1.035,1.035,1.035,1.035,1.033,1.033,1.033,1.033,1.033,1.033,1.033,1.031,1.031,1.031,1.031,1.033,1.031,1.031,1.029,1.029,0,0,0,0,0,0,0,0,0,0,0,0,0,0,0,0,0,0,0,0,0,0,0,0,0,0,0.441,0.441,0.441,0.441,0.441,0.441,0.441,0.441,0.441,0.441,0.441,0.441,0.441,0.441,0.441,0.441,0.441,0.441,0.441,0.441,0.441,0.441,0.442,0.442,0.442,0.443,0.443,0.444,0.445,0.445,0.446,0.447,0.448,0.448,0.449,0.45,0.45,0.451,0.451,0.452,0.452,0.453,0.453,0.454,0.455,0.455,0.456,0.457,0.458,0.459,0.46,0.461,0.462,0.463,0.463,0.464,0.465,0.466,0.466,0.467,0.467,0.468,0.469,0.469,0.469,0.47,0.47,0.471,0.471,0.471,0.471,0.471,0.471,0.471,0.471,0.471,0.471,0.471,0.471,0.471,0.47,0.47,0.47,0.469,0.469,0.469,0.468,0.468,0.467,0.467,0.467,0.466,0.466,0.466,0.467,0.468,0.468,0.47,0.472,0.473,0.475,0.477,0.479,0.481,0.482,0.483,0.484,0.485,0.485,0.486,0.487,0.487,0.488,0.489,0.49,0.491,0.492,0.494,0.495,0.497,0.498,0.5,0.501,0.502,0.503,0.504,0.505,0.506,0.507,0.509,0.51,0.511,0.512,0.513,0.514,0.515,0.515,0.516,0.517,0.518,0.519,0.52,0.521,0.522,0.523,0.525,0.526,0.527,0.527,0.528,0.529,0.53,0.531,0.532,0.533,0.534,0.535,0.537,0.538,0.539,0.541,0.541,0.541,0.542,0.542,0.543,0.543,0.544,0.544,0.544,0.544,0.543,0.542,0.542,0.541,0.541,0.541,0.54,0.54,0.54,0.54,0.541,0.541,0.541,0.541,0.542,0.542,0.543,0.544,0.544,0.545,0.545,0.546,0.547,0.548,0.549,0.55,0.551,0.553,0.554,0.557,0.559,0.562,0.564,0.566,0.569,0.571,0.573,0.575,0.577,0.579,0.58,0.581,0.583,0.584,0.585,0.586,0.587,0.588,0.589,0.59,0.591,0.593,0.596,0.601,0,0,0.616,0.62,0.624,0.628,0.631,0.633,0.635,0.638,0.64,0.642,0.645,0.648,0.651,0.654,0.657,0.66,0.662,0.665,0.667,0.669,0.671,0.672,0.675,0.676,0.678,0.68,0.681,0.683,0.684,0.686,0.688,0.691,0.693,0.696,0.698,0.701,0.703,0.706,0.708,0.71,0.711,0.713,0.714,0.715,0.716,0.718,0.719,0.72,0,0,0,3.34,3.34,3.34,3.34,3.34,3.34,3.34,3.34,3.34,3.34,3.34,3.34,3.34,3.34,3.34,3.322,3.322,3.304,3.286,3.286,3.269,3.252,3.218,0,0,0,0,0,0,0,0,0,0,0,0,0,0,0,0,0,0,0,0,0,0.733,0.73,0.728,0.726,0.724,0.722,0.72,0.717,0.715,0.713,0.711,0.711,0.712,0.712,0.713,0.713,0.714,0.715,0.715,0.715,0.715,0.714,0.714,0.714,0.715,0.715,0.715,0.715,0.715,0.715,0.716,0.716,0.716,0.715,0.715,0.715,0.716,0.718,0.72,0.72,0.722,0.726,0.729,0.732,0.734,0.736,0.738,0.74,0.743,0.746,0.749,0.752,0.755,0.758,0.759,0.759,0.76,0.761,0.762,0.764,0.765,0.766,0.767,0.77,0.774,0.777,0.779,0.78,0.781,0.78,0.781,0.782,0.784,0.787,0.789,0.79,0.792,0.794,0.796,0.798,0.798,0.799,0.801,0.802,0.804,0.808,0.809,0.811,0.814,0.815,0.816,0.817,0.818,0.818,0.818,0.821,0.818,0.818,0.817,0.815,0.813,0.811,0.809,0.805,0.802,0.8,0.797,0.795,0.793,0.792,0.789,0.787,0.786,0.785,0.784,0.784,0.784,0.784,0.784,0.783,0.783,0.781,0.78,0.778,0.777,0.773,0.771,0.771,0.773,0.775,0.779,0.783,0.787,0.789,0.795,0.8,0.802,0,0,0,0,0,0,0,0,0,0,0,0,0,0,0,0,1.97,1.97,1.97,1.97,1.963,1.963,1.957,1.957,1.957,1.951,1.951,1.957
0,0,0,0,0,0,0,0,0,0,0,0,0,0,0,0,0,0,0,0,0,0,0,0,0,0,0,0,0.809,0.809,0.808,0.808,0.808,0.809,0.809,0.808,0.809,0.811,0.813,0.815,0.816,0.817,0.818,0.819,0.821,0.822,0.822,0.823,0.824,0.825,0.827,0.829,0.833,0.836,0.842,0.847,0.852,0.858,0.866,0.874,0.884,0.893,0.902,0.909,0.917,0.924,0.931,0.935,0.94,0.943,0.945,0.95,0.953,0.956,0.959,0.963,0.966,0.968,0.971,0.975,0.979,0.982,0.985,0.988,0.991,0.994,0.999,1.003,1.006,1.009,1.012,1.017,1.021,1.024,1.028,1.029,1.029,1.031,1.031,1.033,1.033,1.033,1.035,1.035,1.035,1.036,1.036,1.036,1.036,1.035,1.035,1.033,1.033,1.033,1.033,1.033,1.033,1.033,1.033,1.033,1.033,1.033,1.035,1.035,1.033,1.033,1.033,1.033,0,0,0,0,0,0,0,0,0,0,0,0,0,0,0,0,0,0,0,0,0,0,0,0,0,0,0.44,0.44,0.44,0.44,0.44,0.44,0.44,0.44,0.44,0.441,0.441,0.441,0.441,0.441,0.441,0.441,0.441,0.441,0.441,0.441,0.442,0.442,0.442,0.443,0.443,0.444,0.444,0.445,0.446,0.447,0.447,0.448,0.449,0.45,0.45,0.451,0.451,0.452,0.452,0.453,0.453,0.454,0.455,0.455,0.456,0.457,0.458,0.459,0.46,0.461,0.461,0.462,0.463,0.464,0.465,0.465,0.466,0.467,0.467,0.468,0.468,0.469,0.469,0.47,0.471,0.471,0.471,0.471,0.472,0.471,0.471,0.471,0.471,0.471,0.471,0.471,0.471,0.471,0.471,0.471,0.47,0.47,0.47,0.469,0.469,0.469,0.468,0.468,0.468,0.467,0.467,0.467,0.468,0.468,0.469,0.47,0.471,0.473,0.474,0.476,0.478,0.48,0.482,0.483,0.484,0.484,0.485,0.486,0.486,0.487,0.487,0.488,0.489,0.49,0.491,0.492,0.494,0.496,0.497,0.498,0.5,0.501,0.502,0.503,0.504,0.505,0.506,0.507,0.509,0.51,0.511,0.512,0.513,0.514,0.515,0.516,0.517,0.518,0.519,0.519,0.52,0.521,0.523,0.524,0.525,0.526,0.527,0.528,0.529,0.53,0.531,0.532,0.533,0.534,0.535,0.536,0.538,0.539,0.54,0.541,0.541,0.542,0.542,0.543,0.543,0.544,0.544,0.544,0.544,0.544,0.543,0.543,0.542,0.542,0.541,0.541,0.54,0.54,0.54,0.54,0.541,0.541,0.541,0.542,0.542,0.543,0.544,0.544,0.545,0.546,0.546,0.547,0.547,0.548,0.549,0.55,0.551,0.553,0.555,0.557,0.56,0.562,0.564,0.567,0.57,0.572,0.574,0.577,0.578,0.58,0.581,0.583,0.584,0.585,0.586,0.586,0.588,0.589,0.59,0.591,0.593,0.594,0.598,0.601,0.606,0.611,0.616,0.62,0.623,0.626,0.629,0.632,0.634,0.637,0.639,0.642,0.645,0.648,0.651,0.654,0.658,0.661,0.664,0.666,0.668,0.67,0.672,0.674,0.675,0.677,0.679,0.681,0.682,0.684,0.686,0.687,0.689,0.691,0.694,0.697,0.699,0.702,0.703,0.706,0.708,0.71,0.71,0.712,0.713,0.715,0.715,0.717,0.718,0.719,0,0,0,3.304,3.304,3.322,3.304,3.322,3.322,3.322,3.322,3.322,3.304,3.322,3.322,3.322,3.322,3.322,3.322,3.286,3.286,3.269,3.269,3.252,3.235,3.184,3.152,0,0,0,0,0,0,0,0,0,0,0,0,0,0,0,0,0,0,0,0,0.733,0.731,0.728,0.726,0.724,0.721,0.72,0.717,0.715,0.713,0.713,0.712,0.712,0.713,0.714,0.714,0.715,0.715,0.715,0.715,0.715,0.715,0.715,0.715,0.715,0.715,0.715,0.715,0.715,0.715,0.716,0.716,0.716,0.715,0.715,0.715,0.717,0.719,0.72,0.721,0.723,0.727,0.731,0.734,0.736,0.739,0.74,0.744,0.747,0.748,0.75,0.753,0.756,0.758,0.759,0.76,0.76,0.761,0.763,0.765,0.766,0.767,0.77,0.773,0.776,0.78,0.782,0.783,0.783,0.782,0.783,0.784,0.786,0.788,0.791,0.792,0.794,0.796,0.799,0.8,0.801,0.803,0.804,0.807,0.809,0.811,0.812,0.814,0.816,0.818,0.818,0.818,0.818,0.818,0.818,0.819,0.817,0.816,0.816,0.815,0.813,0.812,0.809,0.805,0.803,0.801,0.798,0.796,0.794,0.792,0.79,0.788,0.787,0.786,0.785,0.785,0.784,0.785,0.784,0.784,0.783,0.782,0.781,0.779,0.777,0.775,0.772,0.772,0.774,0.776,0.78,0.784,0.788,0.79,0.795,0.801,0,0,0,0,0,0,0,0,0,0,0,0,0,0,0,0,1.976,1.976,1.97,1.97,1.97,1.97,1.963,1.963,1.963,1.957,1.957,1.957,1.957
0,0,0,0,0,0,0,0,0,0,0,0,0,0,0,0,0,0,0,0,0,0,0,0,0,0,0,0,0.808,0.808,0.807,0.807,0.805,0.807,0.807,0.805,0.807,0.808,0.81,0.812,0.814,0.815,0.816,0.818,0.818,0.821,0.822,0.823,0.824,0.826,0.827,0.829,0.833,0.835,0.841,0.844,0.85,0.855,0.863,0.872,0.882,0.889,0.901,0.908,0.917,0.926,0.933,0.938,0.943,0.947,0.95,0.954,0.957,0.962,0.965,0.966,0.971,0.972,0.975,0.979,0.982,0.985,0.988,0.993,0.996,0.999,1.004,1.007,1.011,1.014,1.017,1.023,1.024,1.029,1.031,1.035,1.035,1.036,1.036,1.036,1.036,1.038,1.038,1.038,1.036,1.038,1.036,1.036,1.036,1.036,1.035,1.035,1.035,1.033,1.033,1.033,1.033,1.033,1.033,1.033,1.035,1.035,1.035,1.035,1.036,1.036,1.036,0,0,0,0,0,0,0,0,0,0,0,0,0,0,0,0,0,0,0,0,0,0,0,0,0,0,0.439,0.44,0.44,0.44,0.44,0.44,0.44,0.44,0.44,0.441,0.441,0.441,0.441,0.441,0.441,0.441,0.441,0.441,0.441,0.442,0.442,0.442,0.442,0.443,0.443,0.443,0.444,0.445,0.446,0.446,0.447,0.448,0.449,0.45,0.45,0.451,0.451,0.452,0.452,0.453,0.453,0.454,0.454,0.455,0.456,0.457,0.458,0.459,0.459,0.46,0.461,0.462,0.463,0.463,0.464,0.465,0.466,0.466,0.467,0.468,0.468,0.469,0.469,0.47,0.471,0.471,0.471,0.472,0.472,0.472,0.472,0.472,0.472,0.472,0.472,0.472,0.472,0.471,0.471,0.471,0.471,0.471,0.47,0.47,0.47,0.469,0.469,0.469,0.469,0.468,0.468,0.468,0.468,0.468,0.469,0.47,0.471,0.472,0.474,0.476,0.477,0.479,0.481,0.482,0.483,0.484,0.485,0.485,0.486,0.487,0.487,0.488,0.489,0.489,0.49,0.492,0.493,0.494,0.496,0.497,0.498,0.5,0.501,0.502,0.503,0.505,0.505,0.507,0.508,0.509,0.51,0.512,0.513,0.513,0.514,0.515,0.516,0.517,0.518,0.519,0.52,0.52,0.522,0.523,0.524,0.525,0.526,0.527,0.528,0.529,0.53,0.531,0.533,0.533,0.534,0.536,0.537,0.538,0.54,0.541,0.541,0.542,0.543,0.543,0.543,0.544,0.544,0.545,0.545,0.545,0.545,0.544,0.543,0.542,0.542,0.541,0.541,0.54,0.54,0.54,0.541,0.541,0.541,0.541,0.542,0.542,0.543,0.544,0.545,0.545,0.546,0.547,0.547,0.548,0.549,0.55,0.551,0.552,0.553,0.555,0.557,0.56,0.562,0.565,0.567,0.571,0.573,0.575,0.578,0.58,0.581,0.583,0.584,0.585,0.586,0.587,0.588,0.589,0.59,0.591,0.592,0.593,0.596,0.599,0.603,0.607,0.612,0.616,0.62,0.624,0.626,0.629,0.631,0.634,0.636,0.638,0.641,0.645,0.648,0.651,0.654,0.658,0.662,0.664,0.667,0.669,0.671,0.673,0.675,0.676,0.678,0.68,0.681,0.684,0.684,0.687,0.688,0.691,0.693,0.695,0.698,0.699,0.702,0.703,0.706,0.707,0.709,0.71,0.711,0.712,0.714,0.715,0.715,0.716,0.718,0,0,0,3.269,3.269,3.286,3.286,3.304,3.304,3.304,3.304,3.304,3.286,3.304,3.304,3.304,3.304,3.304,3.304,3.286,3.252,3.252,3.235,3.235,3.201,3.168,0,0,0,0,0,0,0,0,0,0,0,0,0,0,0,0,0,0,0,0,0,0.733,0,0.727,0.726,0.724,0.722,0.72,0.718,0.715,0.714,0.713,0.713,0.713,0.714,0.715,0.715,0.715,0.716,0.716,0.716,0.716,0.715,0.715,0.715,0.715,0.715,0.715,0.715,0.716,0.715,0.716,0.716,0.716,0.715,0.715,0.716,0.717,0.719,0.72,0.722,0.725,0.73,0.733,0.736,0.74,0.741,0.745,0.747,0.749,0.751,0.753,0.755,0.758,0.76,0.76,0.76,0.76,0.762,0.763,0.765,0.766,0.768,0.771,0.774,0.778,0.782,0.784,0.784,0.785,0.785,0.784,0.786,0.788,0.791,0.793,0.795,0.796,0.799,0.801,0.803,0.804,0.805,0.808,0.811,0.812,0.815,0.816,0.816,0.821,0.821,0.821,0.819,0.818,0.817,0.817,0.817,0.816,0.816,0.815,0.813,0.812,0.811,0.81,0.807,0.804,0.801,0.799,0.797,0.794,0.793,0.79,0.789,0.788,0.787,0.786,0.785,0.785,0.785,0.785,0.785,0.784,0.783,0.782,0.78,0.778,0.776,0.774,0.774,0.775,0.778,0.782,0.785,0.789,0.791,0.796,0.802,0,0,0,0,0,0,0,0,0,0,0,0,0,0,0,0,1.982,1.976,1.976,1.976,1.976,1.97,1.97,1.963,1.963,1.963,1.963,1.963,1.963
0,0,0,0,0,0,0,0,0,0,0,0,0,0,0,0,0,0,0,0,0,0,0,0,0,0,0,0,0.808,0.807,0.805,0.805,0.804,0.804,0.804,0.803,0.803,0.805,0.807,0.809,0.81,0.812,0.813,0.815,0.816,0.818,0.821,0.822,0.823,0.825,0.827,0.829,0.833,0.835,0.84,0.843,0.847,0.854,0.861,0.87,0.88,0.889,0.9,0.908,0.917,0.927,0.935,0.943,0.947,0.951,0.954,0.959,0.962,0.966,0.969,0.972,0.975,0.977,0.98,0.983,0.986,0.99,0.993,0.996,0.999,1.003,1.007,1.011,1.016,1.019,1.023,1.026,1.029,1.033,1.035,1.038,1.038,1.038,1.04,1.04,1.04,1.04,1.04,1.04,1.038,1.038,1.038,1.038,1.036,1.036,1.035,1.035,1.035,1.033,1.033,1.033,1.033,1.033,1.035,1.035,1.035,1.036,1.036,1.036,1.036,1.036,1.038,0,0,0,0,0,0,0,0,0,0,0,0,0,0,0,0,0,0,0,0,0,0,0,0,0,0,0.44,0.44,0.44,0.44,0.44,0.44,0.44,0.44,0.44,0.441,0.441,0.441,0.441,0.441,0.441,0.441,0.441,0.441,0.441,0.442,0.442,0.442,0.442,0.443,0.443,0.444,0.445,0.445,0.446,0.447,0.448,0.449,0.449,0.45,0.451,0.451,0.452,0.452,0.453,0.453,0.454,0.454,0.455,0.456,0.457,0.458,0.459,0.459,0.46,0.461,0.461,0.462,0.463,0.464,0.465,0.465,0.466,0.467,0.467,0.468,0.469,0.469,0.47,0.471,0.471,0.472,0.472,0.472,0.472,0.473,0.472,0.472,0.472,0.472,0.472,0.472,0.472,0.472,0.471,0.471,0.471,0.471,0.471,0.471,0.47,0.47,0.469,0.469,0.469,0.469,0.469,0.469,0.469,0.47,0.471,0.471,0.472,0.473,0.475,0.476,0.478,0.48,0.481,0.483,0.484,0.485,0.485,0.486,0.487,0.487,0.488,0.488,0.489,0.49,0.491,0.492,0.493,0.494,0.496,0.497,0.498,0.499,0.5,0.502,0.503,0.504,0.505,0.507,0.508,0.51,0.511,0.512,0.513,0.514,0.514,0.515,0.516,0.517,0.518,0.519,0.52,0.521,0.522,0.523,0.524,0.526,0.527,0.528,0.528,0.529,0.53,0.532,0.533,0.534,0.535,0.536,0.538,0.539,0.541,0.541,0.542,0.543,0.543,0.544,0.544,0.545,0.545,0.545,0.546,0.546,0.545,0.544,0.544,0.543,0.542,0.541,0.541,0.54,0.539,0.54,0.54,0.54,0.541,0.541,0.542,0.543,0.543,0.544,0.545,0.546,0.547,0.548,0.548,0.549,0.55,0.55,0.551,0.553,0.554,0.555,0.557,0.56,0.562,0.565,0.568,0.571,0.574,0.577,0.579,0.581,0.583,0.584,0.585,0.586,0.587,0.588,0.589,0.59,0.59,0.591,0.593,0.594,0.596,0.6,0.603,0.607,0.612,0.616,0.62,0.624,0.626,0.628,0.631,0.633,0.636,0.638,0.641,0.644,0.648,0.651,0.655,0.659,0.662,0.665,0.668,0.67,0.672,0.675,0.676,0.678,0.679,0.681,0.683,0.684,0.686,0.687,0.69,0.691,0.694,0.696,0.698,0.7,0.702,0.704,0.706,0.707,0.709,0.71,0.711,0.711,0.713,0.714,0.715,0.716,0.717,0,0,3.235,3.252,3.252,3.269,3.269,3.286,3.286,3.286,3.286,3.286,3.286,3.286,3.286,3.286,3.304,3.304,3.286,3.269,3.252,3.235,3.235,3.218,3.184,3.168,0,0,0,0,0,0,0,0,0,0,0,0,0,0,0,0,0,0,0,0,0,0.733,0,0.727,0.726,0.725,0.722,0.72,0.718,0.715,0.714,0.714,0.714,0.714,0.715,0.715,0.715,0.716,0.717,0.717,0.717,0.717,0.716,0.716,0.716,0.716,0.717,0.716,0.716,0.716,0.716,0.716,0.717,0.716,0.716,0.716,0.716,0.718,0.72,0.722,0.723,0.726,0.731,0.736,0.739,0.741,0.744,0.747,0.749,0.751,0.753,0.755,0.757,0.758,0.76,0.761,0.76,0.761,0.761,0.763,0.765,0.767,0.769,0.772,0.775,0.779,0.783,0.785,0.787,0.786,0.787,0.786,0.787,0.79,0.792,0.794,0.796,0.798,0.8,0.802,0.804,0.807,0.808,0.81,0.812,0.815,0.816,0.817,0.819,0.822,0.822,0.822,0.821,0.818,0.817,0.817,0.817,0.816,0.815,0.815,0.813,0.812,0.811,0.809,0.807,0.804,0.802,0.8,0.797,0.795,0.793,0.791,0.789,0.788,0.787,0.787,0.786,0.786,0.786,0.786,0.786,0.785,0.784,0.783,0.781,0.78,0.778,0.775,0.775,0.776,0.779,0.783,0.786,0.789,0.792,0.798,0.803,0,0,0,0,0,0,0,0,0,0,0,0,0,0,0,0,1.982,1.982,1.982,1.976,1.976,1.976,1.97,1.97,1.97,1.97,1.97,1.963,1.963
0,0,0,0,0,0,0,0,0,0,0,0,0,0,0,0,0,0,0,0,0,0,0,0,0,0,0,0,0,0.805,0.804,0.804,0.803,0.802,0.802,0.801,0.801,0.802,0.803,0.805,0.807,0.809,0.811,0.812,0.814,0.816,0.818,0.819,0.822,0.824,0.826,0.828,0.832,0.835,0.838,0.841,0.845,0.851,0.858,0.868,0.878,0.888,0.898,0.906,0.917,0.928,0.938,0.945,0.951,0.956,0.96,0.963,0.968,0.971,0.974,0.977,0.979,0.982,0.985,0.988,0.99,0.994,0.998,1.001,1.003,1.006,1.011,1.016,1.019,1.023,1.026,1.029,1.031,1.035,1.038,1.038,1.04,1.04,1.042,1.042,1.04,1.042,1.042,1.04,1.04,1.038,1.038,1.036,1.036,1.036,1.035,1.035,1.033,1.033,1.033,1.033,1.033,1.033,1.033,1.035,1.035,1.036,1.036,1.036,1.036,1.036,1.038,1.038,0,0,0,0,0,0,0,0,0,0,0,0,0,0,0,0,0,0,0,0,0,0,0,0,0,0,0.441,0.441,0.441,0.441,0.441,0.441,0.441,0.441,0.441,0.441,0.441,0.441,0.441,0.441,0.441,0.442,0.442,0.442,0.442,0.442,0.442,0.443,0.443,0.444,0.444,0.445,0.446,0.447,0.448,0.448,0.449,0.45,0.451,0.451,0.452,0.452,0.452,0.453,0.454,0.454,0.455,0.456,0.457,0.458,0.458,0.459,0.46,0.461,0.461,0.462,0.463,0.463,0.464,0.465,0.466,0.466,0.467,0.468,0.469,0.469,0.47,0.471,0.471,0.472,0.472,0.473,0.473,0.473,0.473,0.473,0.473,0.473,0.473,0.472,0.472,0.472,0.472,0.471,0.471,0.471,0.471,0.471,0.471,0.471,0.47,0.47,0.47,0.47,0.47,0.47,0.47,0.471,0.471,0.472,0.472,0.473,0.475,0.476,0.478,0.479,0.48,0.482,0.483,0.484,0.485,0.485,0.486,0.487,0.487,0.488,0.489,0.489,0.49,0.491,0.492,0.493,0.495,0.496,0.497,0.498,0.499,0.5,0.502,0.503,0.505,0.506,0.507,0.508,0.51,0.511,0.512,0.513,0.514,0.515,0.515,0.516,0.517,0.518,0.519,0.52,0.521,0.522,0.523,0.524,0.526,0.527,0.528,0.529,0.53,0.531,0.532,0.533,0.535,0.536,0.538,0.539,0.54,0.541,0.542,0.543,0.544,0.544,0.544,0.545,0.545,0.546,0.546,0.546,0.546,0.545,0.545,0.544,0.543,0.542,0.541,0.541,0.54,0.539,0.539,0.54,0.54,0.541,0.541,0.542,0.543,0.544,0.545,0.546,0.547,0.548,0.548,0.549,0.55,0.55,0.551,0.552,0.553,0.554,0.556,0.558,0.56,0.562,0.565,0.569,0.572,0.574,0.577,0.58,0.582,0.584,0.585,0.586,0.587,0.588,0.589,0.589,0.59,0.591,0.593,0.594,0.596,0.597,0.6,0.603,0.607,0.611,0.615,0.62,0.623,0.626,0.628,0.631,0.634,0.636,0.638,0.641,0.645,0.648,0.652,0.656,0.659,0.663,0.666,0.669,0.672,0.673,0.675,0.678,0.679,0.681,0.682,0.684,0.686,0.687,0.688,0.691,0.692,0.694,0.696,0.698,0.7,0.702,0.704,0.706,0.707,0.709,0.71,0.71,0.711,0.712,0.713,0.714,0.715,0,0,0,0,3.235,3.235,3.252,3.252,3.269,3.269,3.286,3.286,3.286,3.269,3.286,3.286,3.286,3.304,3.286,3.269,3.269,3.252,3.235,3.235,3.201,3.184,0,0,0,0,0,0,0,0,0,0,0,0,0,0,0,0,0,0,0,0,0,0.734,0.732,0,0.727,0.726,0.724,0.721,0.72,0.718,0.715,0.714,0.714,0.715,0.715,0.715,0.715,0.716,0.717,0.718,0.719,0.718,0.718,0.717,0.717,0.717,0.717,0.717,0.718,0.717,0.717,0.717,0.718,0.717,0.717,0.716,0.716,0.717,0.719,0.72,0.723,0.725,0.727,0.732,0.737,0.74,0.744,0.747,0.749,0.751,0.753,0.755,0.757,0.758,0.759,0.76,0.761,0.76,0.76,0.762,0.763,0.765,0.767,0.77,0.773,0.776,0.781,0.785,0.786,0.788,0.788,0.788,0.787,0.788,0.79,0.793,0.795,0.797,0.799,0.801,0.804,0.807,0.808,0.81,0.812,0.814,0.816,0.817,0.819,0.822,0.822,0.824,0.823,0.822,0.821,0.819,0.818,0.818,0.817,0.816,0.815,0.814,0.812,0.811,0.81,0.808,0.805,0.802,0.8,0.798,0.796,0.794,0.791,0.79,0.789,0.788,0.788,0.787,0.787,0.787,0.786,0.787,0.786,0.785,0.784,0.782,0.781,0.779,0.777,0.777,0.777,0.78,0.783,0.787,0.79,0.792,0.799,0.804,0,0,0,0,0,0,0,0,0,0,0,0,0,0,0,1.982,1.982,1.989,1.989,1.982,1.982,1.982,1.976,1.976,1.97,1.97,1.97,1.97,1.97
0,0,0,0,0,0,0,0,0,0,0,0,0,0,0,0,0,0,0,0,0,0,0,0,0,0,0,0,0,0.804,0.803,0.802,0.802,0.801,0.801,0.8,0.8,0.8,0.801,0.803,0.804,0.807,0.808,0.81,0.812,0.814,0.816,0.818,0.819,0.822,0.824,0.827,0.83,0.833,0.837,0.84,0.843,0.85,0.857,0.867,0.877,0.886,0.897,0.906,0.919,0.931,0.941,0.95,0.954,0.962,0.965,0.969,0.972,0.977,0.98,0.982,0.985,0.986,0.988,0.991,0.994,0.998,1.001,1.004,1.007,1.009,1.014,1.017,1.023,1.024,1.028,1.029,1.033,1.035,1.038,1.04,1.04,1.04,1.04,1.042,1.04,1.042,1.04,1.04,1.04,1.038,1.036,1.036,1.036,1.035,1.035,1.033,1.033,1.033,1.033,1.033,1.033,1.033,1.035,1.035,1.036,1.036,1.036,1.036,1.038,1.038,1.038,0,0,0,0,0,0,0,0,0,0,0,0,0,0,0,0,0,0,0,0,0,0,0,0,0,0,0.442,0.442,0.442,0.442,0.441,0.441,0.441,0.441,0.441,0.441,0.441,0.441,0.441,0.442,0.442,0.442,0.442,0.442,0.442,0.443,0.443,0.443,0.443,0.444,0.444,0.445,0.446,0.446,0.447,0.448,0.449,0.45,0.45,0.451,0.451,0.452,0.452,0.453,0.454,0.454,0.455,0.456,0.457,0.457,0.458,0.459,0.46,0.461,0.461,0.462,0.462,0.463,0.464,0.465,0.465,0.466,0.467,0.468,0.468,0.469,0.47,0.471,0.471,0.472,0.472,0.473,0.473,0.474,0.474,0.474,0.473,0.473,0.473,0.473,0.473,0.472,0.472,0.472,0.472,0.472,0.471,0.471,0.471,0.471,0.471,0.471,0.471,0.471,0.471,0.471,0.471,0.471,0.472,0.472,0.473,0.473,0.475,0.476,0.477,0.478,0.479,0.481,0.482,0.483,0.484,0.485,0.486,0.487,0.487,0.488,0.488,0.489,0.49,0.49,0.491,0.492,0.493,0.494,0.496,0.497,0.498,0.499,0.5,0.502,0.503,0.505,0.506,0.507,0.508,0.51,0.511,0.512,0.513,0.513,0.514,0.516,0.516,0.517,0.519,0.519,0.52,0.522,0.523,0.524,0.525,0.526,0.527,0.528,0.529,0.53,0.531,0.533,0.534,0.535,0.537,0.538,0.54,0.541,0.542,0.543,0.544,0.544,0.545,0.545,0.546,0.546,0.546,0.547,0.547,0.546,0.546,0.545,0.544,0.543,0.542,0.541,0.541,0.54,0.539,0.539,0.539,0.54,0.541,0.541,0.542,0.543,0.544,0.545,0.546,0.547,0.548,0.549,0.55,0.55,0.551,0.552,0.552,0.553,0.555,0.556,0.558,0.56,0.563,0.565,0.569,0.572,0.574,0.578,0.58,0.583,0.584,0.586,0.587,0.588,0.589,0.589,0.59,0.591,0.592,0.593,0.594,0.597,0.598,0.601,0.604,0.607,0.612,0.616,0.62,0.623,0.626,0.63,0.632,0.634,0.637,0.639,0.642,0.645,0.648,0.652,0.656,0.659,0.663,0.667,0.669,0.672,0.675,0.677,0.678,0.68,0.682,0.684,0.685,0.687,0.688,0.69,0.691,0.693,0.695,0.698,0.699,0.701,0.702,0.705,0.706,0.707,0.709,0.71,0.71,0.71,0.712,0.713,0.714,0,0,0,0,3.201,3.218,3.235,3.235,3.252,3.269,3.269,3.269,3.269,3.286,3.286,3.286,3.286,3.286,3.286,3.286,3.286,3.269,3.252,3.235,3.235,3.218,3.184,0,0,0,0,0,0,0,0,0,0,0,0,0,0,0,0,0,0,0,0,0,0.732,0.731,0,0.726,0.725,0.723,0.721,0.72,0.718,0.715,0.715,0.715,0.715,0.715,0.715,0.716,0.716,0.717,0.718,0.719,0.719,0.719,0.718,0.717,0.718,0.718,0.718,0.718,0.718,0.719,0.719,0.719,0.718,0.718,0.717,0.718,0.719,0.72,0.722,0.724,0.726,0.729,0.734,0.739,0.742,0.746,0.749,0.751,0.754,0.755,0.757,0.758,0.759,0.76,0.76,0.761,0.761,0.761,0.762,0.763,0.766,0.768,0.77,0.773,0.777,0.781,0.785,0.788,0.789,0.789,0.789,0.789,0.789,0.792,0.794,0.797,0.799,0.8,0.803,0.807,0.808,0.809,0.811,0.814,0.815,0.817,0.818,0.821,0.823,0.824,0.825,0.824,0.824,0.822,0.822,0.822,0.822,0.819,0.817,0.817,0.815,0.814,0.813,0.811,0.809,0.805,0.803,0.801,0.799,0.796,0.795,0.793,0.791,0.79,0.789,0.789,0.788,0.788,0.788,0.787,0.788,0.787,0.786,0.785,0.784,0.782,0.781,0.779,0.779,0.78,0.783,0.786,0.788,0.791,0.792,0.798,0,0,0,0,0,0,0,0,0,0,0,0,0,0,0,1.976,1.982,1.982,1.989,1.989,1.989,1.989,1.982,1.982,1.982,1.982,1.982,1.982,1.982,1.976
0,0,0,0,0,0,0,0,0,0,0,0,0,0,0,0,0,0,0,0,0,0,0,0,0,0,0,0,0,0.803,0.803,0.802,0.801,0.801,0.801,0.8,0.8,0.801,0.801,0.802,0.803,0.804,0.805,0.808,0.81,0.812,0.814,0.817,0.818,0.821,0.824,0.826,0.829,0.832,0.836,0.838,0.843,0.849,0.857,0.867,0.875,0.886,0.898,0.908,0.92,0.934,0.944,0.954,0.96,0.965,0.971,0.975,0.979,0.983,0.985,0.986,0.988,0.99,0.991,0.994,0.998,0.999,1.003,1.006,1.009,1.011,1.014,1.019,1.023,1.024,1.028,1.029,1.031,1.035,1.036,1.038,1.04,1.038,1.04,1.04,1.04,1.04,1.04,1.04,1.038,1.036,1.036,1.035,1.033,1.033,1.033,1.031,1.033,1.033,1.033,1.033,1.033,1.033,1.035,1.035,1.036,1.036,1.036,1.036,1.038,1.038,1.038,1.038,0,0,0,0,0,0,0,0,0,0,0,0,0,0,0,0,0,0,0,0,0,0,0,0,0,0,0.443,0.443,0.443,0.443,0.442,0.442,0.442,0.442,0.442,0.442,0.442,0.442,0.442,0.442,0.443,0.443,0.443,0.443,0.443,0.443,0.444,0.444,0.444,0.445,0.445,0.446,0.447,0.448,0.448,0.449,0.45,0.45,0.451,0.452,0.452,0.453,0.453,0.454,0.454,0.455,0.456,0.457,0.458,0.459,0.46,0.461,0.461,0.462,0.462,0.463,0.464,0.464,0.465,0.466,0.467,0.467,0.468,0.469,0.47,0.471,0.471,0.472,0.473,0.473,0.473,0.474,0.474,0.475,0.474,0.474,0.474,0.473,0.473,0.473,0.473,0.472,0.472,0.472,0.472,0.472,0.471,0.471,0.471,0.471,0.471,0.471,0.471,0.472,0.472,0.472,0.472,0.473,0.473,0.474,0.475,0.475,0.476,0.478,0.479,0.48,0.481,0.482,0.483,0.485,0.485,0.487,0.487,0.488,0.489,0.489,0.489,0.49,0.49,0.491,0.492,0.492,0.494,0.495,0.496,0.498,0.499,0.501,0.502,0.504,0.505,0.506,0.507,0.508,0.509,0.51,0.511,0.512,0.513,0.515,0.516,0.516,0.518,0.519,0.52,0.521,0.523,0.523,0.524,0.525,0.526,0.527,0.528,0.529,0.53,0.532,0.533,0.534,0.536,0.538,0.539,0.541,0.542,0.543,0.544,0.545,0.545,0.546,0.546,0.546,0.547,0.547,0.547,0.547,0.547,0.546,0.545,0.545,0.543,0.542,0.541,0.541,0.54,0.539,0.539,0.539,0.54,0.541,0.541,0.542,0.543,0.544,0.546,0.547,0.548,0.549,0.55,0.551,0.551,0.552,0.553,0.553,0.554,0.555,0.556,0.558,0.56,0.563,0.565,0.569,0.571,0.575,0.578,0.58,0.583,0.584,0.586,0.588,0.589,0.589,0.59,0.591,0.591,0.593,0.594,0.596,0.597,0.599,0.601,0.605,0.608,0.613,0.618,0.621,0.625,0.628,0.631,0.633,0.636,0.638,0.64,0.643,0.646,0.649,0.652,0.656,0.659,0.663,0.667,0.669,0.672,0.675,0.677,0.679,0.681,0.683,0.684,0.686,0.688,0.69,0.691,0.692,0.694,0.696,0.698,0.7,0.702,0.703,0.706,0.709,0.71,0.713,0.714,0.714,0.715,0.717,0.718,0.719,0,0,0,0,3.184,3.218,3.218,3.235,3.235,3.252,3.269,3.269,3.286,3.286,3.286,3.286,3.286,3.304,3.304,3.304,3.286,3.252,3.269,3.252,3.235,3.201,3.168,0,0,0,0,0,0,0,0,0,0,0,0,0,0,0,0,0,0,0,0,0,0.731,0.729,0,0.726,0.724,0.722,0.72,0.719,0.718,0.715,0.715,0.715,0.715,0.715,0.715,0.716,0.717,0.718,0.718,0.719,0.719,0.719,0.718,0.718,0.719,0.719,0.719,0.72,0.719,0.72,0.719,0.719,0.72,0.72,0.719,0.72,0.72,0.721,0.723,0.726,0.727,0.731,0.736,0.74,0.745,0.749,0.75,0.753,0.755,0.757,0.758,0.76,0.76,0.761,0.761,0.762,0.761,0.762,0.762,0.764,0.766,0.769,0.771,0.775,0.778,0.783,0.787,0.788,0.789,0.79,0.789,0.79,0.79,0.793,0.796,0.798,0.8,0.802,0.804,0.807,0.809,0.81,0.812,0.814,0.816,0.817,0.819,0.821,0.823,0.825,0.825,0.825,0.825,0.825,0.825,0.825,0.825,0.823,0.822,0.821,0.818,0.816,0.815,0.813,0.81,0.808,0.804,0.802,0.799,0.797,0.796,0.794,0.792,0.791,0.791,0.79,0.789,0.789,0.789,0.788,0.789,0.788,0.788,0.786,0.785,0.784,0.783,0.782,0.782,0.783,0.785,0.787,0.789,0.791,0.793,0.798,0,0,0,0,0,0,0,0,0,0,0,0,0,0,1.97,1.976,1.976,1.982,1.982,1.989,1.982,1.982,1.989,1.982,1.982,1.982,1.982,1.982,1.982,1.982
0,0,0,0,0,0,0,0,0,0,0,0,0,0,0,0,0,0,0,0,0,0,0,0,0,0,0,0,0,0,0.804,0.803,0.802,0.802,0.801,0.8,0.8,0.8,0.8,0.801,0.801,0.802,0.803,0.807,0.808,0.811,0.813,0.815,0.817,0.819,0.823,0.825,0.828,0.83,0.835,0.837,0.842,0.848,0.856,0.866,0.875,0.887,0.9,0.91,0.924,0.94,0.951,0.96,0.968,0.971,0.977,0.98,0.985,0.988,0.99,0.991,0.993,0.993,0.996,0.998,0.999,1.003,1.004,1.007,1.009,1.012,1.016,1.019,1.023,1.024,1.026,1.029,1.029,1.033,1.035,1.036,1.036,1.038,1.038,1.038,1.038,1.038,1.038,1.038,1.036,1.035,1.033,1.033,1.033,1.031,1.031,1.031,1.031,1.031,1.031,1.033,1.033,1.033,1.035,1.035,1.036,1.036,1.036,1.038,1.038,1.038,1.038,0,0,0,0,0,0,0,0,0,0,0,0,0,0,0,0,0,0,0,0,0,0,0,0,0,0.446,0,0.445,0.445,0.444,0.444,0.444,0.443,0.443,0.443,0.443,0.443,0.443,0.443,0.443,0.443,0.443,0.444,0.444,0.444,0.444,0.444,0.444,0.445,0.445,0.445,0.446,0.447,0.447,0.448,0.449,0.449,0.45,0.451,0.451,0.452,0.452,0.453,0.453,0.454,0.455,0.456,0.457,0.458,0.459,0.46,0.461,0.461,0.462,0.463,0.463,0.464,0.464,0.465,0.466,0.467,0.467,0.468,0.469,0.47,0.471,0.471,0.472,0.473,0.473,0.474,0.474,0.475,0.475,0.475,0.475,0.475,0.475,0.474,0.474,0.473,0.473,0.473,0.472,0.472,0.472,0.472,0.472,0.472,0.472,0.472,0.472,0.472,0.472,0.472,0.473,0.473,0.473,0.474,0.474,0.475,0.475,0.476,0.477,0.478,0.479,0.48,0.481,0.482,0.484,0.485,0.486,0.487,0.488,0.489,0.489,0.489,0.49,0.49,0.491,0.491,0.492,0.492,0.493,0.495,0.496,0.498,0.499,0.501,0.503,0.504,0.504,0.505,0.507,0.508,0.509,0.51,0.511,0.511,0.513,0.514,0.515,0.517,0.518,0.519,0.521,0.522,0.523,0.524,0.525,0.526,0.527,0.528,0.529,0.53,0.531,0.533,0.534,0.535,0.537,0.539,0.541,0.542,0.543,0.544,0.545,0.546,0.546,0.546,0.547,0.547,0.547,0.547,0.547,0.547,0.547,0.546,0.545,0.545,0.544,0.542,0.541,0.541,0.54,0.539,0.54,0.54,0.54,0.541,0.542,0.542,0.544,0.545,0.546,0.548,0.549,0.55,0.551,0.552,0.552,0.553,0.553,0.554,0.554,0.555,0.557,0.558,0.56,0.563,0.565,0.568,0.571,0.575,0.578,0.581,0.583,0.585,0.586,0.588,0.589,0.59,0.59,0.591,0.593,0.593,0.595,0.596,0.598,0.6,0.602,0.605,0.609,0.613,0.619,0.623,0.626,0.629,0.632,0.635,0.637,0.639,0.641,0.644,0.646,0.65,0.653,0.657,0.66,0.663,0.667,0.669,0.672,0.675,0.678,0.68,0.681,0.684,0.685,0.687,0.688,0.691,0.691,0.694,0.695,0.697,0.698,0.702,0.705,0.707,0.711,0.714,0.717,0.72,0.722,0.722,0.723,0.725,0.726,0.726,0,0,0,0,3.184,3.201,3.218,3.235,3.252,3.269,3.286,3.286,3.286,3.304,3.304,3.304,3.304,3.322,3.322,3.304,3.304,3.286,3.269,3.252,3.252,3.218,0,0,0,0,0,0,0,0,0,0,0,0,0,0,0,0,0,0,0,0,0,0.729,0.73,0.727,0.726,0.725,0.723,0.721,0.72,0.719,0.717,0.715,0.715,0.715,0.715,0.715,0.716,0.716,0.717,0.718,0.719,0.72,0.719,0.719,0.719,0.718,0.719,0.72,0.72,0.72,0.72,0.72,0.72,0.72,0.72,0.72,0.72,0.72,0.721,0.722,0.725,0.726,0.728,0.732,0.737,0.742,0.747,0.75,0.753,0.755,0.757,0.758,0.759,0.761,0.762,0.762,0.762,0.762,0.762,0.762,0.763,0.765,0.767,0.77,0.773,0.776,0.78,0.784,0.788,0.789,0.79,0.79,0.791,0.792,0.792,0.794,0.797,0.8,0.802,0.804,0.807,0.808,0.809,0.81,0.812,0.814,0.816,0.817,0.818,0.821,0.823,0.824,0.825,0.825,0.827,0.827,0.827,0.827,0.827,0.826,0.825,0.823,0.819,0.818,0.816,0.814,0.811,0.808,0.805,0.802,0.8,0.798,0.796,0.795,0.793,0.792,0.791,0.791,0.79,0.79,0.79,0.789,0.79,0.789,0.789,0.788,0.787,0.786,0.786,0.785,0.786,0.787,0.788,0.79,0.791,0.793,0.795,0.799,0,0,0,0,0,0,0,0,0,0,0,0,1.951,1.957,1.963,1.97,1.976,1.976,1.982,1.982,1.982,1.982,1.982,1.989,1.989,1.989,1.989,1.989,1.989,1.989
0,0,0,0,0,0,0,0,0,0,0,0,0,0,0,0,0,0,0,0,0,0,0,0,0,0,0,0,0,0,0,0,0.805,0.804,0.803,0.801,0.8,0.801,0.8,0.8,0.801,0.802,0.803,0.805,0.807,0.81,0.812,0.814,0.816,0.818,0.821,0.824,0.827,0.829,0.834,0.837,0.841,0.848,0.855,0.866,0.877,0.889,0.904,0.916,0.931,0.945,0.957,0.968,0.974,0.979,0.983,0.985,0.99,0.993,0.993,0.994,0.996,0.996,0.999,0.999,1.001,1.004,1.006,1.009,1.011,1.012,1.016,1.019,1.023,1.024,1.026,1.028,1.029,1.031,1.033,1.035,1.035,1.036,1.036,1.036,1.036,1.036,1.036,1.035,1.033,1.033,1.031,1.031,1.031,1.029,1.029,1.029,1.029,1.031,1.031,1.033,1.033,1.035,1.035,1.036,1.036,1.036,1.036,1.038,1.038,1.038,1.038,0,0,0,0,0,0,0,0,0,0,0,0,0,0,0,0,0,0,0,0,0,0,0,0,0,0.447,0.447,0.447,0.446,0.446,0.445,0.445,0.445,0.444,0.444,0.444,0.444,0.444,0.444,0.444,0.444,0.444,0.444,0.445,0.445,0.445,0.445,0.445,0.446,0.446,0.446,0.447,0.447,0.448,0.448,0.449,0.45,0.45,0.451,0.451,0.452,0.452,0.453,0.454,0.454,0.455,0.456,0.457,0.458,0.459,0.46,0.461,0.462,0.463,0.463,0.464,0.464,0.465,0.466,0.466,0.467,0.468,0.469,0.47,0.471,0.471,0.472,0.473,0.473,0.474,0.475,0.475,0.475,0.475,0.476,0.476,0.476,0.475,0.475,0.475,0.474,0.474,0.473,0.473,0.473,0.473,0.473,0.472,0.472,0.472,0.472,0.472,0.472,0.473,0.473,0.473,0.473,0.474,0.474,0.475,0.475,0.475,0.476,0.477,0.478,0.479,0.48,0.481,0.482,0.484,0.485,0.486,0.487,0.488,0.489,0.49,0.49,0.49,0.491,0.491,0.492,0,0,0,0,0,0.498,0.5,0.502,0.503,0.504,0.505,0.506,0.507,0.507,0.509,0.51,0.51,0.511,0.513,0.514,0.515,0.517,0.518,0.519,0.521,0.523,0.524,0.525,0.526,0.527,0.528,0.528,0.529,0.53,0.532,0.533,0.535,0.537,0.538,0.54,0.541,0.543,0.544,0.545,0.546,0.547,0.547,0.547,0.548,0.548,0.548,0.548,0.547,0.547,0.547,0.546,0.545,0.544,0.543,0.542,0.541,0.541,0.54,0.54,0.54,0.54,0.54,0.541,0.542,0.543,0.544,0.546,0.547,0.548,0.549,0.551,0.551,0.552,0.553,0.553,0.554,0.555,0.555,0.556,0.557,0.559,0.56,0.563,0.565,0.568,0.572,0.574,0.578,0.581,0.583,0.585,0.587,0.588,0.589,0.59,0.591,0.592,0.593,0.594,0.596,0.597,0.598,0.6,0.602,0.605,0.61,0.615,0.62,0.625,0.628,0.631,0.635,0.637,0.639,0.641,0.643,0.646,0.648,0.651,0.654,0.657,0.66,0.664,0.667,0.67,0.672,0.675,0.678,0.68,0.682,0.684,0.686,0.687,0.689,0.691,0.692,0.694,0.695,0.698,0.701,0.705,0.709,0.713,0.718,0.721,0.726,0.728,0.731,0.731,0.731,0.732,0.732,0.732,0,0,0,0,3.184,3.218,3.235,3.252,3.269,3.286,3.304,3.304,3.304,3.322,3.322,3.322,3.322,3.34,3.34,3.322,3.322,3.304,3.304,3.286,3.269,0,0,0,0,0,0,0,0,0,0,0,0,0,0,0,0,0,0,0,0,0,0.729,0.729,0.729,0.726,0.726,0.724,0.722,0.72,0.719,0.718,0.717,0.715,0.715,0.715,0.715,0.716,0.716,0.717,0.718,0.719,0.719,0.72,0.719,0.719,0.718,0.719,0.719,0.72,0.72,0.72,0.72,0.721,0.721,0.722,0.722,0.721,0.72,0.721,0.722,0.724,0.726,0.726,0.73,0.733,0.739,0.744,0.749,0.752,0.754,0.756,0.758,0.76,0.76,0.762,0.762,0.762,0.762,0.762,0.762,0.762,0.764,0.765,0.767,0.77,0.773,0.776,0.78,0.784,0.786,0.787,0.788,0.79,0.79,0.792,0.793,0.795,0.798,0.8,0.803,0.805,0.807,0.809,0.81,0.811,0.813,0.814,0.815,0.817,0.818,0.819,0.822,0.824,0.826,0.827,0.828,0.83,0.83,0.832,0.832,0.829,0.829,0.826,0.823,0.821,0.818,0.815,0.811,0.808,0.805,0.803,0.801,0.799,0.796,0.795,0.794,0.793,0.792,0.792,0.791,0.791,0.79,0.79,0.791,0.79,0.79,0.789,0.789,0.788,0.788,0.788,0.789,0.791,0.792,0.793,0.795,0.796,0,0,0,0,0,0,0,0,0,0,0,0,0,1.939,1.945,1.951,1.957,1.963,1.97,1.97,1.976,1.976,1.982,1.982,1.982,1.989,1.989,1.989,1.989,1.989,1.989,1.989
0,0,0,0,0,0,0,0,0,0,0,0,0,0,0,0,0,0,0,0,0,0,0,0,0,0,0,0,0,0,0,0,0.808,0.807,0.805,0.803,0.802,0.801,0.801,0.801,0.801,0.802,0.803,0.804,0.807,0.809,0.812,0.813,0.815,0.818,0.819,0.823,0.825,0.828,0.833,0.836,0.841,0.848,0.856,0.867,0.879,0.893,0.908,0.921,0.935,0.95,0.963,0.972,0.979,0.982,0.985,0.99,0.993,0.994,0.996,0.998,0.998,0.999,1.001,1.001,1.003,1.004,1.006,1.009,1.011,1.012,1.016,1.017,1.021,1.023,1.024,1.024,1.026,1.028,1.029,1.033,1.033,1.033,1.035,1.033,1.035,1.035,1.035,1.033,1.031,1.031,1.029,1.029,1.029,1.029,1.029,1.029,1.029,1.031,1.031,1.033,1.033,1.035,1.035,1.036,1.036,1.036,1.036,1.036,1.036,1.036,0,0,0,0,0,0,0,0,0,0,0,0,0,0,0,0,0,0,0,0,0,0,0,0,0,0,0.448,0.448,0.448,0.447,0.447,0.446,0.446,0.446,0.446,0.445,0.445,0.445,0.445,0.445,0.445,0.445,0.445,0.445,0.445,0.445,0.446,0.446,0.446,0.446,0.447,0.447,0.447,0.448,0.448,0.449,0.449,0.45,0.45,0.451,0.451,0.452,0.452,0.453,0.454,0.455,0.456,0.457,0.458,0.459,0.46,0.461,0.462,0.463,0.463,0.464,0.464,0.465,0.466,0.466,0.467,0.468,0.469,0.47,0.471,0.471,0.472,0.473,0.473,0.474,0.475,0.475,0.476,0.476,0.476,0.476,0.476,0.476,0.476,0.476,0.475,0.475,0.475,0.474,0.474,0.474,0.473,0.473,0.473,0.473,0.473,0.473,0.473,0.473,0.473,0.473,0.474,0.474,0.474,0.475,0.475,0.475,0.476,0.476,0.477,0.478,0.479,0.48,0.481,0.483,0.484,0.485,0.487,0.488,0.489,0.49,0.49,0.491,0.491,0.492,0.492,0.492,0,0,0,0,0,0,0.501,0.503,0.504,0.505,0.505,0.506,0.507,0.507,0.508,0.51,0.51,0.511,0.512,0.513,0.515,0.516,0.519,0.52,0.522,0.523,0.524,0.525,0.526,0.527,0.528,0.528,0.53,0.531,0.533,0.534,0.536,0.538,0.54,0.541,0.543,0.544,0.545,0.546,0.547,0.547,0.548,0.548,0.548,0.548,0.548,0.548,0.548,0.547,0.547,0.546,0.545,0.544,0.543,0.542,0.541,0.54,0.54,0.54,0.54,0.541,0.541,0.541,0.543,0.544,0.545,0.546,0.548,0.549,0.55,0.551,0.552,0.553,0.553,0.554,0.554,0.555,0.556,0.556,0.557,0.559,0.561,0.563,0.565,0.569,0.572,0.575,0.578,0.581,0.583,0.585,0.587,0.589,0.59,0.591,0.591,0.593,0.594,0.595,0.597,0.597,0.599,0.6,0.603,0.606,0.61,0.616,0.622,0.627,0.631,0.634,0.638,0.64,0.642,0.644,0.646,0.647,0.65,0.652,0.655,0.658,0.661,0.664,0.667,0.67,0.672,0.675,0.678,0.68,0.682,0.684,0.685,0.687,0.689,0.691,0.692,0.694,0.697,0.7,0.704,0.709,0.715,0.72,0.726,0.731,0.734,0.738,0.74,0.74,0.741,0,0,0,0,0,0,3.201,3.218,3.235,3.252,3.269,3.286,3.304,3.322,3.322,3.34,3.34,3.34,3.34,3.358,3.358,3.358,3.358,3.358,3.34,3.322,3.322,0,0,0,0,0,0,0,0,0,0,0,0,0,0,0,0,0,0,0,0,0,0,0.728,0.727,0,0.726,0.725,0.723,0.721,0.72,0.718,0.718,0.716,0.715,0.715,0.715,0.715,0.716,0.717,0.717,0.718,0.719,0.72,0.72,0.72,0.719,0.719,0.719,0.72,0.72,0.72,0.72,0.721,0.722,0.722,0.723,0.723,0.723,0.721,0.722,0.723,0.724,0.726,0.728,0.732,0.736,0.74,0.746,0.75,0.753,0.755,0.757,0.759,0.76,0.761,0.762,0.762,0.762,0.762,0.762,0.762,0.763,0.764,0.765,0.767,0.77,0.773,0.777,0.78,0.783,0.786,0.787,0.789,0.79,0.79,0.792,0.794,0.797,0.8,0.802,0.805,0.808,0.809,0.81,0.81,0.811,0.814,0.815,0.816,0.817,0.818,0.821,0.822,0.823,0.826,0.828,0,0.833,0.835,0.836,0.836,0.835,0.833,0.829,0.826,0.824,0.819,0.815,0.812,0.809,0.805,0.803,0.801,0.799,0.797,0.795,0.794,0.793,0.793,0.792,0.792,0.792,0.791,0.791,0.791,0.791,0.79,0.79,0.79,0.79,0.789,0.79,0.792,0.793,0.794,0.795,0.796,0.797,0.8,0,0,0,0,0,0,0,0,0,0,0,1.927,1.939,1.939,1.945,1.957,1.957,1.963,1.97,1.976,1.976,1.982,1.982,1.982,1.989,1.989,1.989,1.995,1.995,1.995,1.995
0,0,0,0,0,0,0,0,0,0,0,0,0,0,0,0,0,0,0,0,0,0,0,0,0,0,0,0,0,0,0,0,0,0.808,0.807,0.804,0.803,0.803,0.802,0.802,0.802,0.803,0.804,0.804,0.805,0.809,0.81,0.813,0.814,0.817,0.819,0.822,0.824,0.826,0.83,0.835,0.84,0.848,0.858,0.869,0.883,0.897,0.915,0.928,0.941,0.956,0.968,0.977,0.983,0.986,0.99,0.993,0.996,0.998,0.998,0.998,0.999,0.999,1.001,1.001,1.003,1.006,1.007,1.009,1.009,1.011,1.014,1.016,1.017,1.019,1.021,1.023,1.024,1.026,1.028,1.029,1.031,1.031,1.031,1.031,1.031,1.031,1.031,1.031,1.029,1.028,1.028,1.028,1.028,1.028,1.028,1.029,1.029,1.031,1.031,1.033,1.033,1.035,1.035,1.036,1.036,1.036,1.036,1.036,1.036,1.036,0,0,0,0,0,0,0,0,0,0,0,0,0,0,0,0,0,0,0,0,0,0,0,0,0,0,0.449,0.449,0.448,0.448,0.448,0.447,0.447,0.447,0.446,0.446,0.446,0.446,0.446,0.446,0.446,0.446,0.446,0.446,0.446,0.446,0.446,0.447,0.447,0.447,0.447,0.448,0.448,0.448,0.449,0.449,0.45,0.45,0.45,0.451,0.451,0.452,0.452,0.453,0.454,0.455,0.456,0.457,0.458,0.46,0.461,0.462,0.462,0.463,0.464,0.464,0.465,0.466,0.466,0.467,0.468,0.468,0.469,0.47,0.471,0.472,0.473,0.473,0.474,0.475,0.475,0.476,0.476,0.476,0.477,0.477,0.477,0.477,0.477,0.476,0.476,0.476,0.476,0.475,0.475,0.475,0.474,0.474,0.474,0.474,0.474,0.473,0.474,0.474,0.474,0.474,0.474,0.474,0.475,0.475,0.475,0.475,0.476,0.476,0.477,0.478,0.479,0.481,0.482,0.483,0.484,0.486,0.487,0.489,0.489,0.49,0.49,0.491,0.492,0.492,0.493,0.493,0.493,0,0,0,0,0,0,0.504,0.505,0.506,0.506,0.506,0.507,0.507,0.508,0.51,0.51,0.511,0.513,0.514,0.516,0.517,0.519,0.521,0.523,0.524,0.525,0.527,0.528,0.528,0.529,0.53,0.531,0.532,0.534,0.535,0.538,0.539,0.541,0.542,0.544,0.545,0.546,0.547,0.548,0.548,0.548,0.549,0.549,0.549,0.549,0.548,0.548,0.547,0.547,0.546,0.545,0.544,0.543,0.542,0.541,0.541,0.54,0.541,0.541,0.541,0.541,0.542,0.544,0.545,0.546,0.547,0.548,0.549,0.551,0.552,0.553,0.553,0.554,0.554,0.555,0.555,0.556,0.557,0.558,0.559,0.561,0.563,0.566,0.569,0.572,0.575,0.578,0.581,0.583,0.585,0.587,0.588,0.59,0.591,0.592,0.593,0.594,0.596,0.597,0.598,0.6,0.601,0.603,0.606,0.61,0.616,0.623,0.628,0.634,0.637,0.64,0.643,0.645,0.646,0.648,0.65,0.652,0.654,0.657,0.659,0.662,0.664,0.667,0.67,0.673,0.675,0.678,0.68,0.682,0.684,0.685,0.687,0.689,0.691,0.692,0.695,0.698,0.702,0.708,0.715,0.721,0.727,0.735,0.74,0,0,0.749,0.749,0.75,0.751,0.752,0,0,0,3.201,3.218,3.235,3.252,3.269,3.286,3.304,3.322,3.34,3.358,3.358,3.377,3.377,3.377,3.395,3.395,3.395,3.395,3.377,3.377,3.358,0,0,0,0,0,0,0,0,0,0,0,0,0,0,0,0,0,0,0,0,0,0,0,0.727,0.727,0,0.725,0,0.723,0.72,0.72,0.719,0.718,0.716,0.716,0.715,0.716,0.716,0.717,0.717,0.718,0.719,0.72,0.72,0.72,0.72,0.72,0.72,0.72,0.72,0.72,0.721,0.72,0.722,0.723,0.723,0.724,0.723,0.723,0.722,0.722,0.724,0.726,0.728,0.73,0.733,0.738,0.741,0.748,0.75,0.754,0.756,0.757,0.759,0.76,0.761,0.762,0.762,0.763,0.762,0.763,0.763,0.764,0.765,0.766,0.767,0.77,0.773,0.776,0.779,0.781,0.784,0.786,0.787,0.789,0.791,0.793,0.796,0.798,0.801,0.804,0.807,0.809,0.81,0.811,0.812,0.812,0.814,0.815,0.817,0.817,0.818,0.821,0.823,0.825,0.827,0.829,0.832,0.835,0.837,0.838,0.838,0.838,0.836,0.833,0.828,0.825,0.819,0.815,0.811,0.808,0.805,0.803,0.801,0.799,0.797,0.795,0.795,0.793,0.793,0.793,0.792,0.791,0.791,0.79,0.791,0.791,0.79,0.789,0.789,0.79,0.79,0.791,0.793,0.794,0.795,0.796,0.798,0.799,0.801,0,0,0,0,0,0,0,0,0,0,1.927,1.933,1.939,1.945,1.945,1.951,1.957,1.963,1.963,1.97,1.976,1.976,1.982,1.982,1.989,1.995,1.995,2.002,2.002,2.008,2.015
0,0,0,0,0,0,0,0,0,0,0,0,0,0,0,0,0,0,0,0,0,0,0,0,0,0,0,0,0,0,0,0,0.81,0.809,0.808,0.807,0.805,0.804,0.804,0.804,0.804,0.804,0.805,0.805,0.807,0.809,0.811,0.812,0.814,0.816,0.818,0.819,0.823,0.825,0.828,0.833,0.838,0.849,0.858,0.87,0.884,0.901,0.919,0.933,0.947,0.96,0.972,0.98,0.985,0.988,0.993,0.996,0.998,0.999,0.999,1.001,1.001,1.003,1.003,1.004,1.006,1.006,1.007,1.009,1.011,1.011,1.012,1.016,1.017,1.019,1.021,1.021,1.023,1.024,1.026,1.028,1.029,1.029,1.029,1.029,1.029,1.029,1.029,1.028,1.028,1.026,1.026,1.026,1.026,1.026,1.028,1.028,1.029,1.031,1.031,1.033,1.033,1.035,1.035,1.036,1.036,1.036,1.036,1.036,1.036,1.036,1.036,0,0,0,0,0,0,0,0,0,0,0,0,0,0,0,0,0,0,0,0,0,0,0,0,0,0.45,0.449,0.449,0.449,0.449,0.448,0.448,0.448,0.447,0.447,0.447,0.447,0.447,0.447,0.447,0.447,0.447,0.447,0.447,0.447,0.447,0.447,0.448,0.448,0.448,0.448,0.449,0.449,0.449,0.45,0.45,0.45,0.451,0.451,0.451,0.452,0.453,0.453,0.454,0.455,0.456,0.458,0.459,0.46,0.461,0.462,0.463,0.463,0.464,0.465,0.465,0.466,0.466,0.467,0.468,0.469,0.47,0.471,0.472,0.473,0.473,0.474,0.475,0.475,0.476,0.476,0.477,0.477,0.478,0.478,0.478,0.478,0.478,0.478,0.477,0.477,0.476,0.476,0.476,0.475,0.475,0.475,0.475,0.475,0.475,0.475,0.474,0.474,0.474,0.475,0.475,0.475,0.475,0.475,0.475,0.476,0.476,0.477,0.478,0.479,0.48,0.481,0.482,0.484,0.485,0.486,0.488,0.489,0.49,0.491,0.491,0.491,0.492,0.492,0.493,0.493,0.493,0,0,0,0,0,0,0.505,0.506,0.506,0.506,0.507,0.507,0.508,0.509,0.51,0.51,0.512,0.513,0.514,0.516,0.518,0.52,0.522,0.523,0.524,0.526,0.528,0.528,0.529,0.53,0.531,0.532,0.533,0.535,0.537,0.539,0.54,0.542,0.543,0.545,0.546,0.547,0.548,0.548,0.549,0.549,0.549,0.549,0.549,0.549,0.548,0.548,0.547,0.546,0.545,0.545,0.544,0.543,0.542,0.541,0.541,0.541,0.541,0.542,0.542,0.543,0.543,0.545,0.546,0.547,0.548,0.549,0.55,0.551,0.552,0.553,0.554,0.554,0.555,0.555,0.556,0.556,0.557,0.558,0.56,0.562,0.564,0.566,0.569,0.572,0.575,0.578,0.58,0.583,0.585,0.586,0.588,0.589,0.591,0.592,0.593,0.594,0.596,0.597,0.598,0.6,0.601,0.603,0.606,0.61,0.616,0.623,0.63,0.635,0.639,0.643,0.646,0.648,0.65,0.651,0.652,0.654,0.656,0.658,0.66,0.663,0.665,0.668,0.67,0.673,0.675,0.678,0.679,0.681,0.683,0.685,0.687,0.689,0.691,0.693,0.696,0.7,0.706,0.713,0.72,0,0,0.745,0.75,0.754,0.757,0.759,0.759,0.76,0.761,0.762,0,0,3.201,3.218,3.235,3.252,3.269,3.286,3.322,3.34,3.358,3.377,3.377,3.395,3.395,3.414,3.414,3.414,3.433,3.414,3.414,3.414,3.414,3.414,0,0,0,0,0,0,0,0,0,0,0,0,0,0,0,0,0,0,0,0,0,0,0,0.727,0,0,0.725,0,0.722,0.72,0.72,0.718,0.718,0.716,0.716,0.716,0.716,0.717,0.718,0.718,0.719,0.72,0.72,0.72,0.72,0.72,0.72,0.72,0.72,0.72,0.721,0.721,0.72,0.722,0.723,0.724,0.724,0.724,0.724,0.723,0.723,0.725,0.726,0.729,0.732,0.735,0.74,0.743,0.748,0.751,0.755,0.755,0.757,0.759,0.76,0.761,0.762,0.762,0.763,0.763,0.763,0.763,0.765,0.765,0.766,0.767,0.77,0.773,0.775,0.778,0.78,0.782,0.784,0.785,0.787,0.79,0.792,0.796,0.798,0.802,0.804,0.808,0.81,0.812,0.812,0.813,0.813,0.815,0.816,0.817,0.818,0.819,0.822,0.823,0.825,0.827,0.829,0.833,0.835,0.838,0.84,0.84,0.838,0.838,0.835,0.83,0.826,0.821,0.815,0.811,0.808,0.805,0.802,0.8,0.798,0.797,0.795,0.794,0.794,0.793,0.793,0.792,0.791,0.791,0.79,0.791,0.79,0.789,0.789,0.789,0.791,0.791,0.792,0.794,0.796,0.797,0.798,0.799,0.8,0,0,0,0,0,0,0,0,0,0,0,1.933,1.939,1.939,1.945,1.951,1.951,1.957,1.963,1.963,1.97,1.97,1.976,1.976,1.982,1.989,1.995,2.002,2.008,2.015,2.015,2.022
0,0,0,0,0,0,0,0,0,0,0,0,0,0,0,0,0,0,0,0,0,0,0,0,0,0,0,0,0,0.813,0.812,0.811,0.81,0.81,0.809,0.808,0.807,0.807,0.807,0.807,0.807,0.807,0.808,0.808,0.809,0.81,0.812,0.813,0.814,0.816,0.818,0.819,0.822,0.824,0.826,0.83,0.837,0.85,0.861,0.873,0.889,0.908,0.924,0.94,0.953,0.965,0.975,0.982,0.988,0.991,0.994,0.998,0.999,0.999,1.001,1.001,1.003,1.003,1.004,1.004,1.006,1.006,1.007,1.009,1.009,1.011,1.014,1.016,1.017,1.017,1.019,1.021,1.023,1.024,1.026,1.028,1.028,1.028,1.028,1.028,1.028,1.028,1.028,1.026,1.026,1.026,1.026,1.026,1.026,1.028,1.028,1.028,1.029,1.029,1.031,1.031,1.033,1.035,1.035,1.036,1.036,1.036,1.036,1.036,1.036,1.035,1.035,0,0,0,0,0,0,0,0,0,0,0,0,0,0,0,0,0,0,0,0,0,0,0,0,0,0.45,0.45,0.45,0.45,0.449,0.449,0.449,0.448,0.448,0.448,0.448,0.447,0.447,0.447,0.447,0.447,0.447,0.447,0.447,0.448,0.448,0.448,0.448,0.449,0.449,0.449,0.449,0.449,0.45,0.45,0.45,0.451,0.451,0.451,0.452,0.452,0.453,0.454,0.455,0.456,0.457,0.458,0.459,0.461,0.462,0.463,0.463,0.464,0.465,0.465,0.466,0.466,0.467,0.468,0.468,0.469,0.471,0.471,0.472,0.473,0.474,0.475,0.475,0.476,0.476,0.477,0.478,0.478,0.478,0.479,0.479,0.479,0.479,0.478,0.478,0.478,0.478,0.477,0.477,0.476,0.476,0.476,0.476,0.475,0.475,0.475,0.475,0.475,0.475,0.475,0.475,0.475,0.475,0.475,0.475,0.476,0.476,0.477,0.478,0.479,0.48,0.481,0.482,0.484,0.485,0.487,0.488,0.489,0.49,0.491,0.491,0.492,0.492,0.492,0.493,0.493,0.493,0.494,0.496,0.499,0.503,0,0.506,0.507,0.507,0.507,0.507,0.507,0.508,0.508,0.508,0.51,0.51,0.511,0.513,0.514,0.516,0.518,0.52,0.522,0.523,0.525,0.527,0.528,0.529,0.53,0.531,0.532,0.533,0.535,0.537,0.538,0.54,0.541,0.543,0.544,0.545,0.546,0.547,0.548,0.549,0.549,0.549,0.549,0.549,0.549,0.549,0.549,0.548,0.547,0.546,0.545,0.544,0.543,0.543,0.542,0.541,0.541,0.541,0.542,0.543,0.543,0.544,0.545,0.546,0.547,0.548,0.549,0.55,0.551,0.552,0.553,0.553,0.554,0.554,0.555,0.555,0.556,0.557,0.558,0.559,0.56,0.562,0.564,0.567,0.57,0.572,0.575,0.578,0.58,0.582,0.584,0.586,0.588,0.589,0.59,0.591,0.593,0.594,0.596,0.597,0.598,0.599,0.601,0.603,0.605,0.61,0.616,0.623,0.63,0.636,0.641,0.645,0.648,0.65,0.652,0.654,0.654,0.657,0.658,0.66,0.662,0.664,0.666,0.668,0.67,0.672,0.675,0.677,0.679,0.681,0.683,0.685,0.687,0.688,0.691,0.694,0.698,0.703,0.71,0.718,0.726,0,0.746,0.754,0.759,0.762,0.765,0.767,0.767,0.769,0.77,0.77,0,3.201,3.235,3.235,3.252,3.269,3.286,3.304,3.34,3.358,3.377,3.395,3.395,3.414,3.414,3.433,3.433,3.453,3.453,3.453,3.453,3.453,3.453,0,0,0,0,0,0,0,0,0,0,0,0,0,0,0,0,0,0,0,0,0,0,0,0,0.727,0,0,0,0,0.722,0.72,0.72,0.719,0.718,0.717,0.717,0.717,0.717,0.718,0.718,0.719,0.72,0.72,0.72,0.72,0.72,0.72,0.72,0.72,0.72,0.72,0.72,0.72,0.72,0.721,0.722,0.723,0.724,0.724,0.724,0.723,0.723,0.726,0.728,0.732,0.734,0.738,0.741,0.745,0.749,0.752,0.754,0.755,0.757,0.758,0.76,0.761,0.762,0.762,0.763,0.763,0.764,0.764,0.765,0.766,0.767,0.768,0.771,0.773,0.775,0.778,0.78,0.782,0.783,0.784,0.786,0.789,0.792,0.795,0.798,0.802,0.805,0.809,0.811,0.813,0.813,0.814,0.815,0.816,0.817,0.818,0.819,0.822,0.823,0.824,0.825,0.827,0.829,0.833,0.835,0.837,0.838,0.84,0.84,0.838,0.836,0.83,0.826,0.822,0.815,0.811,0.808,0.804,0.801,0.799,0.797,0.796,0.795,0.794,0.794,0.793,0.793,0.792,0.792,0.791,0.79,0.79,0.79,0.789,0.789,0.79,0.792,0.792,0.794,0.796,0.798,0.798,0.8,0.801,0.802,0,0,0,0,0,0,0,0,0,0,1.945,1.945,1.951,1.951,1.945,1.951,1.951,1.957,1.963,1.963,1.97,1.97,1.976,1.982,1.982,1.989,2.002,2.008,2.015,2.022,2.022,2.035
0,0,0,0,0,0,0,0,0,0,0,0,0,0,0,0,0,0,0,0,0,0,0,0,0,0,0,0,0,0.812,0.812,0.811,0.81,0.81,0.81,0.809,0.808,0.809,0.809,0.809,0.809,0.809,0.81,0.81,0.811,0.812,0.813,0.814,0.815,0.817,0.818,0.819,0.822,0.823,0.826,0.83,0.838,0.851,0.863,0.878,0.895,0.913,0.934,0.947,0.959,0.968,0.977,0.985,0.99,0.993,0.996,0.998,1.001,1.001,1.003,1.003,1.004,1.004,1.004,1.006,1.006,1.007,1.009,1.009,1.011,1.012,1.014,1.016,1.017,1.019,1.019,1.021,1.024,1.024,1.026,1.028,1.028,1.028,1.029,1.029,1.028,1.026,1.026,1.026,1.024,1.024,1.024,1.026,1.026,1.026,1.028,1.028,1.029,1.029,1.031,1.031,1.033,1.033,1.035,1.036,1.036,1.036,1.036,1.036,1.035,1.033,1.033,1.033,1.031,0,0,0,0,0,0,0,0,0,0,0,0,0,0,0,0,0,0,0,0,0,0,0,0,0,0,0.45,0.449,0.449,0.449,0.448,0.448,0.448,0.448,0.447,0.447,0.448,0.447,0.447,0.448,0.448,0.448,0.448,0.448,0.449,0.449,0.449,0.449,0.45,0.45,0.45,0.45,0.45,0.451,0.451,0.451,0.451,0.452,0.452,0.453,0.454,0.455,0.456,0.457,0.458,0.46,0.461,0.462,0.463,0.463,0.464,0.465,0.465,0.466,0.466,0.467,0.468,0.469,0.47,0.471,0.472,0.473,0.473,0.474,0.475,0.475,0.476,0.477,0.478,0.478,0.479,0.479,0.479,0.479,0.48,0.48,0.479,0.479,0.479,0.479,0.478,0.478,0.478,0.477,0.477,0.476,0.476,0.476,0.476,0.475,0.475,0.475,0.475,0.475,0.475,0.475,0.475,0.476,0.476,0.477,0.477,0.478,0.479,0.48,0.482,0.483,0.484,0.486,0.487,0.489,0.49,0.491,0.491,0.492,0.492,0.492,0.493,0.492,0.493,0.493,0.493,0.496,0.499,0,0,0.506,0.507,0.507,0.507,0.507,0.507,0.507,0.507,0.508,0.51,0.51,0.512,0.513,0.514,0.516,0.519,0.52,0.523,0.524,0.526,0.528,0.529,0.53,0.531,0.532,0.533,0.535,0.536,0.538,0.54,0.541,0.542,0.544,0.545,0.546,0.547,0.548,0.549,0.549,0.549,0.55,0.55,0.55,0.55,0.549,0.549,0.548,0.547,0.546,0.545,0.544,0.543,0.543,0.542,0.541,0.541,0.542,0.542,0.544,0.544,0.545,0.546,0.547,0.548,0.549,0.55,0.55,0.551,0.552,0.553,0.554,0.554,0.555,0.555,0.556,0.557,0.558,0.559,0.56,0.561,0.563,0.565,0.567,0.57,0.573,0.575,0.578,0.58,0.581,0.584,0.585,0.587,0.588,0.59,0.591,0.593,0.594,0.595,0.597,0.597,0.599,0.6,0.603,0.605,0.609,0.616,0.623,0.63,0.637,0.642,0.647,0.651,0.653,0.654,0.657,0.657,0.659,0.66,0.662,0.663,0.665,0.667,0.669,0.671,0.673,0.675,0.676,0.678,0.681,0.682,0.684,0.686,0.688,0.691,0.694,0.699,0.706,0.714,0.722,0,0.742,0.751,0.759,0.762,0.767,0.77,0.771,0.772,0.774,0.776,0.777,0,3.218,3.252,3.252,3.269,3.286,3.304,3.322,3.358,3.377,3.395,3.414,3.414,3.433,3.433,3.453,3.472,3.472,3.472,3.472,3.472,3.472,0,0,0,0,0,0,0,0,0,0,0,0,0,0,0,0,0,0,0,0,0,0,0,0,0.727,0.727,0.727,0,0.726,0,0.723,0.72,0.72,0.719,0.718,0.718,0.717,0.717,0.717,0.718,0.719,0.719,0.72,0.72,0.72,0.72,0.72,0.72,0.72,0.72,0.72,0.72,0.72,0.72,0.72,0.721,0.723,0.723,0.724,0.724,0.724,0.724,0.724,0.726,0.729,0.732,0.736,0.739,0.742,0.746,0.749,0.752,0.754,0.754,0.756,0.757,0.759,0.76,0.761,0.762,0.762,0.763,0.764,0.765,0.766,0.767,0.768,0.769,0.771,0.773,0.776,0.777,0.779,0.78,0.781,0.782,0.785,0.787,0.79,0.794,0.798,0.801,0.805,0.809,0.811,0.813,0.814,0.815,0.815,0.817,0.819,0.821,0.822,0.824,0.824,0.826,0.827,0.828,0.83,0.833,0.835,0.838,0.84,0.84,0.84,0.838,0.836,0.832,0.827,0.822,0.816,0.811,0.807,0.803,0.801,0.798,0.796,0.795,0.794,0.793,0.793,0.792,0.792,0.791,0.791,0.791,0.789,0.79,0.789,0.789,0.789,0.79,0.792,0.793,0.795,0.798,0.799,0.801,0.803,0.804,0.805,0,0,0,0,0,0,0,0,0,0,1.957,1.957,1.957,1.957,1.957,1.957,1.957,1.963,1.963,1.97,1.97,1.976,1.982,1.982,1.989,1.995,2.008,2.022,2.028,2.035,2.035,2.049
0,0,0,0,0,0,0,0,0,0,0,0,0,0,0,0,0,0,0,0,0,0,0,0,0,0,0,0,0,0.811,0.811,0.811,0.81,0.81,0.809,0.809,0.809,0.809,0.81,0.81,0.811,0.811,0.811,0.812,0.813,0.814,0.814,0.815,0.816,0.817,0.818,0.821,0.822,0.823,0.825,0.829,0.84,0.851,0.864,0.88,0.898,0.92,0.941,0.954,0.965,0.972,0.979,0.985,0.99,0.993,0.996,0.998,0.999,1.001,1.003,1.003,1.003,1.004,1.006,1.006,1.007,1.007,1.009,1.009,1.011,1.014,1.016,1.016,1.017,1.019,1.019,1.023,1.024,1.024,1.026,1.028,1.028,1.028,1.028,1.028,1.028,1.026,1.026,1.026,1.024,1.024,1.024,1.024,1.024,1.026,1.026,1.028,1.028,1.029,1.031,1.031,1.033,1.033,1.035,1.036,1.036,1.036,1.036,1.035,1.035,1.033,1.033,1.033,1.029,0,0,0,0,0,0,0,0,0,0,0,0,0,0,0,0,0,0,0,0,0,0,0,0,0,0,0.45,0.45,0.449,0.449,0.449,0.448,0.448,0.448,0.448,0.448,0.448,0.447,0.448,0.448,0.448,0.448,0.448,0.449,0.449,0.449,0.449,0.45,0.45,0.45,0.45,0.45,0.451,0.451,0.451,0.451,0.451,0.452,0.452,0.453,0.454,0.455,0.456,0.458,0.459,0.46,0.461,0.462,0.463,0.463,0.464,0.465,0.465,0.466,0.466,0.467,0.468,0.469,0.47,0.471,0.472,0.473,0.473,0.475,0.475,0.476,0.477,0.477,0.478,0.479,0.479,0.48,0.48,0.481,0.481,0.481,0.48,0.48,0.48,0.479,0.479,0.479,0.478,0.478,0.478,0.477,0.477,0.476,0.476,0.476,0.476,0.475,0.475,0.475,0.475,0.475,0.475,0.476,0.476,0.477,0.478,0.478,0.479,0.481,0.482,0.484,0.485,0.486,0.488,0.489,0.49,0.491,0.491,0.491,0.492,0.492,0.492,0.492,0.492,0.493,0.494,0.496,0.501,0,0,0,0.508,0.508,0.508,0.508,0.508,0.508,0.508,0.508,0.51,0.511,0.512,0.513,0.515,0.517,0.519,0.521,0.523,0.524,0.526,0.528,0.53,0.531,0.532,0.533,0.534,0.536,0.538,0.539,0.541,0.541,0.543,0.544,0.545,0.547,0.547,0.548,0.549,0.55,0.55,0.55,0.55,0.55,0.55,0.55,0.549,0.549,0.548,0.547,0.546,0.544,0.543,0.543,0.542,0.541,0.541,0.542,0.543,0.544,0.545,0.546,0.547,0.548,0.549,0.55,0.55,0.551,0.552,0.553,0.553,0.554,0.555,0.555,0.555,0.556,0.557,0.558,0.559,0.561,0.562,0.564,0.566,0.569,0.571,0.573,0.575,0.577,0.579,0.581,0.583,0.584,0.586,0.588,0.589,0.59,0.592,0.593,0.595,0.596,0.597,0.599,0.6,0.602,0.604,0.609,0.615,0.623,0.63,0.637,0.644,0.649,0.653,0.655,0.657,0.658,0.659,0.66,0.662,0.663,0.664,0.666,0.668,0.67,0.672,0.673,0.675,0.677,0.678,0.681,0.682,0.684,0.687,0.689,0.691,0.696,0.702,0.709,0.717,0.726,0.736,0.747,0.754,0.762,0.766,0.77,0.772,0.774,0.775,0.776,0.777,0.778,0,3.235,3.269,3.269,3.286,3.304,3.322,3.34,3.377,3.395,3.414,3.414,3.433,3.433,3.453,3.472,3.472,3.472,3.492,3.492,3.492,3.492,0,0,0,0,0,0,0,0,0,0,0,0,0,0,0,0,0,0,0,0,0,0,0,0,0.729,0.727,0.727,0.727,0.726,0.725,0.723,0.722,0.72,0.72,0.718,0.718,0.718,0.718,0.718,0.719,0.719,0.72,0.72,0.72,0.721,0.721,0.72,0.72,0.72,0.72,0.72,0.72,0.719,0.72,0.72,0.72,0.722,0.723,0.724,0.724,0.724,0.723,0.724,0.726,0.73,0.733,0.736,0.74,0.742,0.746,0.749,0.751,0.753,0.753,0.755,0.757,0.758,0.76,0.761,0.762,0.762,0.763,0.764,0.765,0.767,0.767,0.768,0.77,0.772,0.774,0.776,0.778,0.779,0.78,0.781,0.781,0.784,0.787,0.79,0.793,0.796,0.8,0.804,0.808,0.811,0.813,0.815,0.816,0.817,0.821,0.823,0.825,0.826,0.827,0.828,0.83,0.83,0.832,0.833,0.834,0.836,0.838,0.84,0.841,0.84,0.838,0,0.832,0.826,0.821,0.815,0.81,0.807,0.803,0.8,0.797,0.795,0.794,0.793,0.792,0.792,0.792,0.791,0.791,0.79,0.79,0.789,0.789,0.788,0.789,0.79,0.791,0.793,0.795,0.798,0.8,0.802,0.804,0.807,0.808,0.808,0,0,0,0,0,0,0,0,0,1.97,1.97,1.97,1.97,1.963,1.963,1.963,1.97,1.97,1.97,1.976,1.976,1.982,1.989,1.989,1.995,2.008,2.015,2.028,2.035,2.042,2.049,2.062
0,0,0,0,0,0,0,0,0,0,0,0,0,0,0,0,0,0,0,0,0,0,0,0,0,0,0,0,0,0.811,0.81,0.81,0.809,0.809,0.809,0.808,0.809,0.81,0.811,0.811,0.812,0.812,0.812,0.813,0.814,0.814,0.815,0.816,0.817,0.818,0.819,0.821,0.822,0.823,0.825,0.828,0.837,0.851,0.866,0.883,0.902,0.924,0.945,0.96,0.968,0.975,0.982,0.985,0.99,0.991,0.994,0.998,0.999,0.999,1.001,1.003,1.004,1.004,1.006,1.006,1.007,1.009,1.011,1.011,1.012,1.014,1.016,1.017,1.019,1.019,1.021,1.023,1.024,1.026,1.028,1.028,1.028,1.028,1.028,1.028,1.028,1.026,1.026,1.024,1.024,1.024,1.024,1.024,1.024,1.026,1.026,1.028,1.028,1.029,1.031,1.031,1.033,1.033,1.035,1.036,1.036,1.036,1.036,1.035,1.033,1.033,1.033,1.033,1.029,1.028,0,0,0,0,0,0,0,0,0,0,0,0,0,0,0,0,0,0,0,0,0,0,0,0,0,0.45,0.45,0.45,0.449,0.449,0.448,0.448,0.448,0.447,0.447,0.447,0.447,0.448,0.448,0.448,0.448,0.449,0.449,0.449,0.45,0.45,0.45,0.45,0.45,0.451,0.451,0.451,0.451,0.451,0.451,0.452,0.452,0.452,0.453,0.454,0.455,0.457,0.458,0.459,0.46,0.462,0.462,0.463,0.464,0.464,0.465,0.465,0.466,0.466,0.467,0.468,0.469,0.47,0.471,0.472,0.473,0.474,0.475,0.476,0.476,0.477,0.478,0.479,0.479,0.48,0.481,0.481,0.481,0.481,0.481,0.481,0.481,0.481,0.481,0.48,0.48,0.479,0.479,0.479,0.478,0.478,0.477,0.476,0.476,0.476,0.476,0.476,0.475,0.475,0.475,0.475,0.476,0.476,0.477,0.478,0.478,0.479,0.481,0.482,0.484,0.485,0.487,0.488,0.489,0.49,0.49,0.491,0.492,0.492,0.493,0.493,0.493,0.493,0.493,0,0,0,0.505,0.507,0.508,0.509,0.509,0.508,0.509,0.509,0.508,0,0.509,0.51,0.511,0.513,0.514,0.516,0.517,0.519,0.521,0.523,0.525,0.527,0.529,0.53,0.532,0.533,0.534,0.536,0.537,0.539,0.54,0.541,0.542,0.544,0.545,0.546,0.547,0.548,0.549,0.549,0.55,0.55,0.55,0.551,0.551,0.551,0.55,0.55,0.549,0.548,0.547,0.546,0.545,0.543,0.543,0.542,0.542,0.542,0.542,0.543,0.545,0.546,0.547,0.548,0.549,0.55,0.55,0.551,0.552,0.552,0.553,0.554,0.554,0.555,0.555,0.556,0.556,0.557,0.558,0.56,0.561,0.563,0.565,0.567,0.569,0.572,0.573,0.575,0.577,0.579,0.58,0.583,0.584,0.586,0.587,0.589,0.59,0.591,0.593,0.595,0.596,0.597,0.599,0.6,0.602,0.604,0.608,0.615,0.623,0.63,0.637,0.644,0.65,0.654,0.657,0.659,0.66,0.661,0.662,0.663,0.664,0.666,0.667,0.669,0.671,0.672,0.674,0.675,0.677,0.679,0.681,0.682,0.684,0.687,0.69,0.692,0.698,0.705,0.711,0.72,0.731,0.74,0.75,0.758,0.762,0.767,0.77,0.772,0.774,0.775,0.776,0.777,0.779,0,3.252,3.269,3.286,3.304,3.322,3.34,3.377,3.395,3.414,3.433,3.433,3.453,3.453,3.472,3.492,3.492,3.492,3.492,3.512,3.512,3.512,0,0,0,0,0,0,0,0,0,0,0,0,0,0,0,0,0,0,0,0,0,0,0,0,0,0.729,0.728,0.727,0,0.726,0.724,0.722,0.72,0.72,0.719,0.719,0.718,0.719,0.719,0.719,0.72,0.72,0.72,0.721,0.721,0.721,0.721,0.72,0.72,0.72,0.72,0.72,0.72,0.72,0.72,0.72,0.722,0.723,0.724,0.724,0.724,0.724,0.725,0.726,0.73,0.733,0.737,0.74,0.743,0.746,0.749,0.75,0.752,0.753,0.755,0.756,0.758,0.759,0.76,0.762,0.762,0.764,0.765,0.765,0.767,0.768,0.77,0.771,0.773,0.775,0.776,0.778,0.779,0.779,0.78,0.781,0.783,0.786,0.789,0.793,0.796,0.8,0.804,0.809,0.812,0.814,0.816,0.817,0.819,0.823,0.826,0.828,0.83,0.833,0.833,0.835,0.835,0.836,0.836,0.836,0.836,0.838,0.84,0.84,0.84,0.837,0.834,0.829,0.825,0.819,0.813,0.809,0.804,0.801,0.799,0.797,0.795,0.793,0.792,0.791,0.791,0.791,0.791,0.79,0.79,0.79,0.788,0.788,0.788,0.789,0.79,0.791,0.793,0.796,0.799,0.802,0.804,0.805,0.808,0.809,0.81,0,0,0,0,0,0,0,0,0,0,1.982,1.982,1.976,1.976,1.976,1.976,1.976,1.976,1.982,1.982,1.989,1.989,1.995,2.002,2.008,2.015,2.028,2.042,2.049,2.055,2.062,2.076
0,0,0,0,0,0,0,0,0,0,0,0,0,0,0,0,0,0,0,0,0,0,0,0,0,0,0,0,0,0,0.81,0.81,0.809,0.809,0.809,0.808,0.809,0.81,0.811,0.812,0.812,0.813,0.813,0.814,0.815,0.815,0.816,0.817,0.817,0.818,0.819,0.821,0.821,0.822,0.825,0.827,0.836,0,0,0,0.906,0.928,0.95,0.965,0.971,0.977,0.98,0.985,0.99,0.991,0.994,0.996,0.998,0.999,1.001,1.003,1.003,1.004,1.006,1.006,1.007,1.009,1.011,1.011,1.012,1.014,1.016,1.017,1.019,1.021,1.023,1.024,1.026,1.026,1.028,1.028,1.029,1.029,1.029,1.029,1.028,1.028,1.026,1.024,1.023,1.023,1.023,1.023,1.023,1.024,1.026,1.026,1.028,1.029,1.031,1.031,1.033,1.035,1.035,1.036,1.036,1.036,1.036,1.036,1.035,1.033,1.033,1.031,1.029,0,0,0,0,0,0,0,0,0,0,0,0,0,0,0,0,0,0,0,0,0,0,0,0,0,0.451,0.45,0.45,0.449,0.449,0.448,0.448,0.448,0.447,0.447,0.447,0.447,0.447,0.447,0.448,0.448,0.448,0.449,0.449,0.449,0.45,0.45,0.45,0.45,0.451,0.451,0.451,0.451,0.451,0.451,0.452,0.452,0.452,0.453,0.454,0.455,0.456,0.457,0.458,0.459,0.461,0.462,0.463,0.463,0.463,0.464,0.464,0.465,0.465,0.466,0.467,0.468,0.469,0.469,0.471,0.472,0.473,0.474,0.475,0.476,0.477,0.478,0.478,0.479,0.48,0.481,0.481,0.482,0.482,0.482,0.482,0.482,0.482,0.482,0.482,0.481,0.481,0.481,0.48,0.479,0.479,0.478,0.478,0.477,0.477,0.476,0.476,0.476,0.475,0.475,0.475,0.476,0.476,0.476,0.477,0.478,0.479,0.48,0.481,0.482,0.484,0.485,0.487,0.488,0.489,0.49,0.491,0.492,0.492,0.492,0.493,0.493,0.493,0.494,0.494,0,0,0,0,0.507,0.508,0.508,0.509,0.509,0.51,0,0,0,0.512,0.513,0.514,0.516,0.517,0.518,0.519,0.521,0.523,0.523,0.525,0.528,0.529,0.531,0.533,0.534,0.535,0.537,0.538,0.54,0.541,0.542,0.543,0.544,0.545,0.546,0.547,0.548,0.549,0.55,0.55,0.551,0.551,0.551,0.551,0.551,0.551,0.551,0.55,0.549,0.548,0.547,0.545,0.544,0.543,0.543,0.542,0.542,0.543,0.543,0.545,0.546,0.548,0.549,0.549,0.55,0.551,0.551,0.552,0.553,0.553,0.554,0.554,0.555,0.555,0.556,0.557,0.557,0.559,0.56,0.562,0.564,0.565,0.567,0.57,0.572,0.574,0.575,0.577,0.579,0.58,0.582,0.583,0.585,0.587,0.589,0.59,0.592,0.593,0.595,0.597,0.598,0.6,0.601,0.603,0.605,0.609,0.616,0.623,0.63,0.638,0.644,0.65,0.656,0.658,0.659,0.662,0.662,0.664,0.664,0.666,0.667,0.669,0.67,0.672,0.673,0.675,0.675,0.678,0.679,0.681,0.683,0.684,0.687,0.691,0.694,0.699,0.706,0.714,0.722,0.732,0.741,0.749,0.757,0.762,0.764,0.768,0.77,0.772,0.774,0.775,0.777,0,0,3.269,3.286,3.304,3.322,3.322,3.34,3.395,3.414,3.414,3.433,3.453,3.453,3.472,3.472,3.492,3.512,3.512,3.532,3.532,3.532,3.552,3.552,0,0,0,0,0,0,0,0,0,0,0,0,0,0,0,0,0,0,0,0,0,0,0,0,0.729,0.728,0.727,0,0.726,0.724,0.722,0.72,0.72,0.72,0.719,0.719,0.719,0.719,0.72,0.72,0.72,0.72,0.721,0.721,0.721,0.721,0.721,0.72,0.72,0.72,0.72,0.72,0.72,0.72,0.721,0.722,0.724,0.725,0.725,0.726,0.725,0.726,0.729,0.732,0.735,0.738,0.74,0.743,0.746,0.749,0.75,0.751,0.752,0.754,0.755,0.757,0.759,0.76,0.762,0.762,0.764,0.765,0.766,0.768,0.769,0.771,0.772,0.773,0.775,0.777,0.778,0.779,0.779,0.78,0.78,0.783,0.786,0.79,0.793,0.796,0.8,0.804,0.809,0.812,0.815,0.817,0.819,0.822,0.825,0.829,0.832,0.834,0.836,0.837,0.837,0.84,0.838,0.838,0.837,0.837,0.837,0.837,0.837,0.836,0.834,0.83,0.826,0.823,0.817,0.812,0.808,0.804,0.801,0.799,0.796,0.794,0.793,0.791,0.791,0.791,0.791,0.79,0.79,0.79,0.789,0.788,0.787,0.788,0.789,0.79,0.792,0.794,0.797,0.799,0.802,0.805,0.808,0.808,0.81,0,0,0,0,0,0,0,0,0,0,2.002,1.995,1.995,1.989,1.989,1.982,1.982,1.982,1.989,1.989,1.995,1.995,2.002,2.008,2.015,2.022,2.028,2.049,2.055,2.062,2.076,2.083,2.097
0,0,0,0,0,0,0,0,0,0,0,0,0,0,0,0,0,0,0,0,0,0,0,0,0,0,0,0,0,0,0,0,0.808,0.808,0.808,0.808,0.808,0.809,0.81,0.812,0.812,0.813,0.813,0.814,0.815,0.816,0.816,0.817,0.817,0.818,0.819,0.821,0.821,0.822,0.824,0.827,0.836,0.85,0,0,0.908,0.93,0.95,0.965,0.971,0.977,0.982,0.985,0.988,0.991,0.993,0.996,0.998,0.999,1.001,1.003,1.003,1.004,1.006,1.007,1.007,1.009,1.011,1.012,1.012,1.016,1.016,1.017,1.019,1.021,1.023,1.026,1.026,1.028,1.028,1.029,1.029,1.031,1.031,1.031,1.029,1.028,1.026,1.024,1.023,1.023,1.023,1.023,1.023,1.023,1.024,1.026,1.028,1.029,1.031,1.031,1.035,1.035,1.036,1.036,1.038,1.038,1.036,1.036,1.035,1.035,1.033,1.033,1.031,1.029,0,0,0,0,0,0,0,0,0,0,0,0,0,0,0,0,0,0,0,0,0,0,0,0,0.45,0.449,0.449,0.449,0.448,0.448,0.448,0.447,0.447,0.447,0.447,0.447,0.447,0.447,0.447,0.448,0.448,0.449,0.449,0.449,0.45,0.45,0.45,0.451,0.451,0.451,0.451,0.451,0.452,0.452,0.452,0.452,0.453,0.453,0.454,0.455,0.456,0.457,0.458,0.46,0.461,0.462,0.462,0.463,0.463,0.464,0.464,0.465,0.465,0.466,0.466,0.467,0.468,0.47,0.471,0.472,0.473,0.475,0.476,0.476,0.477,0.478,0.479,0.48,0.481,0.481,0.482,0.482,0.483,0.483,0.483,0.483,0.483,0.483,0.483,0.482,0.482,0.482,0.481,0.48,0.48,0.479,0.478,0.478,0.477,0.477,0.476,0.476,0.475,0.475,0.475,0.476,0.476,0.476,0.477,0.478,0.479,0.48,0.481,0.482,0.484,0.485,0.487,0.488,0.489,0.49,0.491,0.492,0.492,0.492,0.493,0.494,0.494,0,0,0,0,0,0,0,0.508,0.509,0.51,0,0,0,0,0,0,0,0,0,0,0.52,0.522,0.522,0.524,0.525,0,0.528,0.53,0.532,0.533,0.535,0.536,0.538,0.539,0.541,0.541,0.542,0.543,0.544,0.545,0.546,0.547,0.548,0.549,0.55,0.551,0.551,0.552,0.552,0.552,0.552,0.552,0.551,0.551,0.55,0.549,0.547,0.546,0.545,0.544,0.543,0.543,0.542,0.543,0.544,0.545,0.546,0.548,0.549,0.55,0.55,0.551,0.551,0.552,0.553,0.554,0.554,0.555,0.555,0.556,0.556,0.557,0.558,0.559,0.561,0.562,0.564,0.566,0.568,0.57,0.573,0.574,0.576,0.577,0.579,0.58,0.581,0.583,0.585,0.586,0.588,0.59,0.591,0.593,0.595,0.596,0.598,0.6,0.601,0.603,0.605,0.61,0.616,0.623,0.631,0.638,0.644,0.651,0.657,0.659,0.661,0.662,0.663,0.664,0.665,0.667,0.667,0.669,0.671,0.672,0.674,0.675,0.676,0.678,0.681,0.682,0.684,0.686,0.689,0.692,0.694,0.7,0.707,0.715,0.724,0.732,0.74,0.748,0.753,0.758,0.761,0.763,0.766,0.768,0.77,0.772,0.774,0,3.286,3.304,3.304,3.322,3.34,3.34,3.377,3.395,3.414,3.433,3.453,3.453,3.472,3.472,3.492,3.512,3.532,3.532,3.532,3.552,3.552,3.573,3.573,0,0,0,0,0,0,0,0,0,0,0,0,0,0,0,0,0,0,0,0,0,0,0,0,0.729,0.729,0.728,0.726,0.726,0.725,0.722,0.721,0.72,0.72,0.72,0.719,0.719,0.72,0.72,0.72,0.72,0.721,0.721,0.721,0.721,0.721,0.721,0.72,0.72,0.72,0.721,0.72,0.721,0.722,0.722,0.723,0.725,0.726,0.727,0.728,0.728,0,0,0.735,0.738,0.74,0.742,0.744,0.747,0.749,0.749,0.75,0.751,0.752,0.755,0.757,0.758,0.76,0.762,0.763,0.764,0.766,0.767,0.768,0.77,0.772,0.773,0.775,0.776,0.778,0.779,0.78,0.78,0.78,0.781,0.784,0.786,0.79,0.793,0.797,0.801,0.805,0.81,0.813,0.816,0.818,0.821,0.823,0.827,0.83,0.834,0.837,0.84,0.841,0.842,0.842,0.841,0.84,0.838,0.837,0.837,0.837,0.835,0.833,0.83,0.827,0.824,0.821,0.816,0.811,0.808,0.804,0.801,0.799,0.797,0.794,0.792,0.791,0.791,0.79,0.791,0.79,0.789,0.79,0.789,0.788,0.788,0.789,0.79,0.791,0.793,0.796,0.798,0.801,0.803,0.805,0.808,0.809,0.81,0,0,0,0,0,0,0,0,0,2.015,2.015,2.008,2.008,2.002,1.995,1.995,1.995,1.995,1.995,2.002,2.002,2.008,2.015,2.022,2.028,2.042,2.049,2.062,2.076,2.083,2.09,2.097,2.112
0,0,0,0,0,0,0,0,0,0,0,0,0,0,0,0,0,0,0,0,0,0,0,0,0,0,0,0,0,0,0,0.81,0.809,0.808,0.808,0.807,0.808,0.808,0.81,0.811,0.812,0.813,0.814,0.814,0.815,0.816,0.816,0.817,0.817,0.818,0.819,0.821,0.822,0.822,0.823,0.825,0.835,0.848,0.864,0,0.904,0.927,0.947,0.963,0.971,0.977,0.982,0.985,0.988,0.991,0.993,0.996,0.998,0.999,1.001,1.003,1.004,1.006,1.007,1.009,1.009,1.011,1.011,1.012,1.014,1.016,1.017,1.019,1.021,1.021,1.023,1.026,1.026,1.028,1.029,1.031,1.031,1.031,1.031,1.031,1.031,1.029,1.028,1.026,1.023,1.023,1.023,1.021,1.021,1.023,1.023,1.024,1.026,1.029,1.029,1.031,1.035,1.036,1.036,1.038,1.038,1.038,1.038,1.038,1.035,1.035,1.035,1.033,1.031,0,0,0,0,0,0,0,0,0,0,0,0,0,0,0,0,0,0,0,0,0,0,0,0,0.45,0.45,0.449,0.449,0.448,0.448,0.448,0.447,0.447,0.447,0.446,0.446,0.446,0.447,0.447,0.447,0.448,0.448,0.449,0.449,0.449,0.45,0.45,0.451,0.451,0.451,0.451,0.451,0.451,0.452,0.452,0.452,0.452,0.453,0.454,0.454,0.456,0.457,0.458,0.459,0.46,0.461,0.462,0.462,0.463,0.463,0.463,0.464,0.464,0.465,0.466,0.466,0.467,0.468,0.47,0.471,0.472,0.473,0.475,0.476,0.477,0.478,0.478,0.479,0.48,0.481,0.482,0.482,0.483,0.483,0.484,0.484,0.484,0.484,0.484,0.484,0.484,0.483,0.482,0.482,0.481,0.481,0.48,0.479,0.478,0.478,0.477,0.476,0.476,0.476,0.475,0.475,0.475,0.476,0.476,0.477,0.477,0.479,0.479,0.481,0.482,0.484,0.485,0.487,0.488,0.489,0.49,0.491,0.492,0.492,0.493,0.494,0.494,0.494,0,0,0,0,0,0,0,0.509,0.51,0.51,0.511,0,0,0,0,0,0,0,0,0,0.521,0.523,0.524,0.525,0.526,0.527,0.529,0.531,0.533,0.534,0.536,0.537,0.538,0.54,0.541,0.541,0.542,0.543,0.544,0.545,0.547,0.548,0.549,0.55,0.55,0.551,0.552,0.552,0.552,0.553,0.553,0.552,0.552,0.551,0.551,0.549,0.548,0.547,0.545,0.545,0.544,0.543,0.543,0.543,0.544,0.545,0.546,0.547,0.548,0.549,0.55,0.551,0.552,0.552,0.553,0.554,0.555,0.555,0.556,0.556,0.556,0.557,0.558,0.559,0.561,0.563,0.564,0.566,0.569,0.571,0.573,0.575,0.576,0.578,0.579,0.58,0.582,0.583,0.585,0.586,0.588,0.59,0.591,0.593,0.595,0.597,0.598,0.6,0.602,0.604,0.607,0.612,0.618,0.625,0.632,0.639,0.646,0.652,0.657,0.659,0.661,0.662,0.663,0.664,0.665,0.667,0.667,0.669,0.671,0.673,0.674,0.676,0.678,0.679,0.681,0.684,0.685,0.687,0.69,0.693,0.696,0.702,0.709,0.716,0.724,0.731,0.738,0.744,0.749,0.752,0.756,0.759,0.762,0.763,0.766,0.768,0.771,0,3.304,3.304,3.322,3.34,3.34,3.358,3.377,3.395,3.414,3.433,3.453,3.453,3.472,3.492,3.492,3.512,3.532,3.552,3.552,3.573,3.573,3.594,3.594,0,0,0,0,0,0,0,0,0,0,0,0,0,0,0,0,0,0,0,0,0,0,0,0,0.73,0.729,0.728,0.728,0.726,0.725,0.723,0.722,0.721,0.72,0.72,0.72,0.72,0.72,0.72,0.72,0.72,0.721,0.721,0.721,0.721,0.721,0.721,0.72,0.72,0.72,0.721,0.721,0.72,0.722,0.723,0.724,0.726,0.728,0.73,0.731,0.731,0.733,0.736,0.739,0.74,0.742,0.744,0.745,0.747,0.749,0.749,0.749,0.75,0.752,0.754,0.757,0.758,0.76,0.762,0.763,0.766,0.767,0.768,0.769,0.771,0.772,0.774,0.775,0.776,0.778,0.779,0.78,0.78,0.781,0.782,0.784,0.787,0.79,0.793,0.797,0.801,0.805,0.81,0.813,0.816,0.819,0.822,0.825,0.829,0.833,0.836,0.84,0.843,0.844,0.844,0.844,0.844,0.842,0.841,0.838,0.837,0.835,0.834,0.832,0.828,0.825,0.822,0.818,0.815,0.811,0.808,0.804,0.802,0.8,0.798,0.795,0.793,0.792,0.791,0.79,0.791,0.79,0.79,0.79,0.79,0.788,0.788,0.79,0.791,0.793,0.795,0.797,0.799,0.802,0.805,0.808,0.809,0.809,0.811,0,0,0,0,0,0,0,0,2.028,2.022,2.022,2.015,2.015,2.008,2.008,2.002,2.002,2.008,2.008,2.008,2.022,2.022,2.028,2.042,2.049,2.055,2.069,2.076,2.09,2.097,2.105,2.105,2.119
0,0,0,0,0,0,0,0,0,0,0,0,0,0,0,0,0,0,0,0,0,0,0,0,0,0,0,0,0.815,0.812,0,0.81,0.809,0.807,0.807,0.807,0.807,0.808,0.809,0.81,0.812,0.812,0.814,0.814,0.815,0.816,0.816,0.817,0.817,0.818,0.818,0.819,0.821,0.821,0.822,0.823,0.832,0.844,0.861,0,0.901,0.924,0.947,0.965,0.972,0.98,0.983,0.986,0.99,0.991,0.994,0.996,0.998,0.999,1.001,1.003,1.004,1.006,1.007,1.009,1.011,1.011,1.012,1.014,1.014,1.017,1.019,1.019,1.021,1.024,1.024,1.026,1.028,1.029,1.029,1.031,1.031,1.031,1.033,1.033,1.031,1.029,1.028,1.026,1.023,1.023,1.021,1.021,1.021,1.021,1.023,1.026,1.026,1.029,1.031,1.031,1.035,1.036,1.038,1.038,1.04,1.04,1.04,1.038,1.036,1.036,1.036,1.035,1.033,0,0,0,0,0,0,0,0,0,0,0,0,0,0,0,0,0,0,0,0,0,0,0,0,0,0.45,0.449,0.449,0.448,0.448,0.448,0.447,0.447,0.447,0.446,0.446,0.446,0.446,0.447,0.447,0.448,0.448,0.448,0.449,0.449,0.45,0.45,0.45,0.451,0.451,0.451,0.451,0.451,0.452,0.452,0.452,0.453,0.453,0.454,0.455,0.456,0.457,0.458,0.459,0.46,0.461,0.462,0.462,0.463,0.463,0.463,0.464,0.464,0.465,0.466,0.467,0.468,0.469,0.47,0.471,0.472,0.473,0.475,0.476,0.477,0.478,0.479,0.48,0.481,0.482,0.482,0.483,0.484,0.484,0.485,0.485,0.485,0.485,0.485,0.484,0.484,0.484,0.484,0.483,0.482,0.481,0.481,0.48,0.479,0.478,0.477,0.477,0.476,0.476,0.475,0.475,0.475,0.475,0.476,0.476,0.477,0.478,0.479,0.48,0.481,0.483,0.484,0.486,0.488,0.489,0.49,0.491,0.492,0.493,0.494,0.494,0.495,0.496,0.496,0.498,0,0,0,0,0,0.51,0.51,0.51,0.512,0,0,0,0,0,0.519,0.52,0,0,0.522,0,0.525,0.526,0.527,0.528,0.53,0.532,0.533,0.535,0.536,0.537,0.539,0.54,0.541,0.542,0.543,0.544,0.545,0.546,0.547,0.548,0.549,0.55,0.551,0.552,0.552,0.553,0.553,0.553,0.553,0.553,0.553,0.552,0.551,0.551,0.549,0.548,0.546,0.546,0.545,0.544,0.543,0.543,0.544,0.545,0.546,0.547,0.548,0.549,0.55,0.551,0.552,0.553,0.553,0.554,0.555,0.555,0.556,0.556,0.556,0.557,0.558,0.559,0.561,0.563,0.565,0.566,0.569,0.572,0.574,0.575,0.577,0.579,0.58,0.581,0.583,0.584,0.585,0.586,0.588,0.59,0.592,0.594,0.597,0.6,0.601,0.604,0.605,0.608,0.611,0.616,0.621,0.628,0.634,0.64,0.646,0.652,0.657,0.659,0.661,0.662,0.663,0.664,0.665,0.667,0.668,0.669,0.672,0.673,0.675,0.677,0.678,0.681,0.683,0.685,0.687,0.689,0.691,0.694,0.698,0.704,0.71,0.717,0.723,0.729,0.735,0.74,0.744,0.748,0.749,0.752,0.756,0.759,0.761,0.762,0.766,0,3.322,3.322,3.322,3.34,3.34,3.358,3.377,3.395,3.414,3.433,3.453,3.453,3.472,3.492,3.512,3.532,3.552,3.573,3.573,3.594,3.615,3.615,3.636,0,0,0,0,0,0,0,0,0,0,0,0,0,0,0,0,0,0,0,0,0,0,0,0.736,0.734,0.732,0.728,0.727,0.726,0.725,0.724,0.722,0.721,0.721,0.72,0.72,0.72,0.72,0.72,0.721,0.721,0.721,0.722,0.721,0.721,0.721,0.721,0.721,0.721,0.721,0.722,0.722,0.722,0.724,0.726,0.728,0.73,0.732,0.732,0.734,0.735,0.737,0.74,0.741,0.742,0.744,0.744,0.746,0.747,0.748,0.749,0.749,0.75,0.752,0.754,0.757,0.759,0.761,0.762,0.764,0.767,0.768,0.769,0.77,0.771,0.773,0.774,0.775,0.777,0.778,0.779,0.78,0.78,0.781,0.782,0.784,0.787,0.79,0.794,0.797,0.801,0.805,0.81,0.813,0.816,0.821,0.823,0.826,0.83,0.835,0.838,0.843,0.845,0.847,0.848,0.847,0.845,0.843,0.842,0.84,0.837,0.835,0.833,0.83,0.827,0.823,0.821,0.817,0.815,0.812,0.809,0.805,0.803,0.801,0.799,0.796,0.794,0.793,0.792,0.791,0.792,0.791,0.791,0.791,0.791,0.79,0.79,0.792,0.793,0.795,0.797,0.799,0.801,0.804,0.807,0.809,0.811,0.811,0.812,0,0,0,0,0,0,0,2.035,2.028,2.028,2.022,2.022,2.022,2.022,2.015,2.015,2.015,2.015,2.022,2.022,2.028,2.035,2.049,2.055,2.062,2.076,2.083,2.09,2.105,2.112,2.112,2.119,2.127
0,0,0,0,0,0,0,0,0,0,0,0,0,0,0,0,0,0,0,0,0,0,0,0,0,0,0,0.817,0.815,0.813,0.812,0.81,0.809,0.807,0.807,0.805,0.805,0.807,0.808,0.809,0.81,0.811,0.812,0.814,0.815,0.815,0.815,0.815,0.816,0.817,0.817,0.818,0.818,0.819,0.819,0.821,0.829,0.841,0.858,0,0.9,0.924,0.947,0.968,0.975,0.983,0.985,0.988,0.99,0.991,0.993,0.996,0.998,0.999,1.001,1.003,1.004,1.007,1.009,1.011,1.011,1.012,1.014,1.016,1.017,1.019,1.021,1.021,1.024,1.024,1.026,1.028,1.029,1.031,1.031,1.031,1.033,1.033,1.033,1.033,1.033,1.029,1.029,1.026,1.024,1.023,1.023,1.021,1.021,1.021,1.023,1.024,1.028,1.031,1.031,1.033,1.035,1.036,1.038,1.04,1.04,1.042,1.042,1.04,1.038,1.038,1.038,1.036,1.035,0,0,0,0,0,0,0,0,0,0,0,0,0,0,0,0,0,0,0,0,0,0,0,0,0,0.45,0.449,0.448,0.448,0.448,0.448,0.447,0.447,0.446,0.446,0.446,0.446,0.447,0.447,0.447,0.448,0.448,0.448,0.449,0.449,0.45,0.45,0.45,0.451,0.451,0.451,0.451,0.452,0.452,0.452,0.452,0.453,0.453,0.454,0.455,0.456,0.458,0.459,0.46,0.461,0.461,0.462,0.463,0.463,0.463,0.463,0.464,0.465,0.465,0.466,0.467,0.468,0.469,0.47,0.471,0.472,0.474,0.475,0.476,0.477,0.478,0.479,0.48,0.481,0.482,0.483,0.484,0.484,0.485,0.485,0.486,0.486,0.486,0.486,0.485,0.485,0.485,0.485,0.484,0.483,0.482,0.481,0.481,0.479,0.479,0.478,0.477,0.476,0.476,0.475,0.475,0.475,0.475,0.476,0.476,0.477,0.478,0.479,0.479,0.481,0.483,0.484,0.486,0.488,0.489,0.49,0.492,0.493,0.494,0.494,0.495,0.496,0.497,0.498,0.499,0.5,0.503,0.505,0.507,0.509,0.51,0.51,0.511,0.512,0.513,0.513,0.515,0.516,0.517,0,0,0.521,0.522,0.523,0.524,0.526,0.527,0.528,0.529,0.531,0.532,0.534,0.536,0.537,0.538,0.539,0.54,0.541,0.542,0.543,0.544,0.545,0.547,0.548,0.549,0.55,0.551,0.552,0.553,0.553,0.553,0.554,0.554,0.554,0.554,0.554,0.553,0.552,0.551,0.55,0.549,0.547,0.546,0.545,0.544,0.544,0.544,0.544,0.545,0.545,0.547,0.548,0.549,0.55,0.551,0.552,0.553,0.553,0.554,0.555,0.555,0.556,0.556,0.557,0.557,0.558,0.56,0.561,0.563,0.565,0.567,0.569,0.571,0.574,0.576,0.578,0.579,0.581,0.582,0.584,0.585,0.586,0.588,0.59,0.591,0.594,0.597,0.6,0.603,0.605,0.607,0.61,0.612,0.615,0.62,0.625,0.631,0.636,0.642,0.647,0.652,0.657,0.659,0.661,0.662,0.663,0.664,0.665,0.667,0.668,0.67,0.672,0.673,0.675,0.678,0.68,0.681,0.684,0.686,0.688,0.691,0.694,0.697,0.7,0.706,0.711,0.717,0.722,0.727,0.732,0.736,0.74,0.741,0.744,0.747,0.75,0.752,0.754,0.756,0.76,0,3.34,3.34,3.358,3.358,3.358,3.377,3.395,3.395,3.414,3.433,3.453,3.472,3.472,3.492,3.512,3.532,3.552,3.573,3.594,3.615,3.615,3.636,3.658,0,0,0,0,0,0,0,0,0,0,0,0,0,0,0,0,0,0,0,0,0,0,0,0,0.747,0,0,0,0.728,0.726,0.725,0.723,0.722,0.721,0.721,0.721,0.72,0.72,0.72,0.721,0.721,0.722,0.722,0.722,0.722,0.722,0.722,0.722,0.722,0.722,0.723,0.724,0.726,0.727,0.728,0.73,0.732,0.734,0.736,0.738,0.739,0.74,0.742,0.743,0.744,0.745,0.746,0.747,0.748,0.749,0.749,0.749,0.751,0.752,0.755,0.757,0.759,0.762,0.763,0.766,0.768,0.769,0.77,0.771,0.772,0.774,0.775,0.777,0.778,0.78,0.781,0.781,0.782,0.783,0.783,0.786,0.788,0.791,0.794,0.797,0.801,0.805,0.81,0.813,0.816,0.819,0.823,0.827,0.832,0.836,0.841,0.845,0.849,0.851,0.85,0.851,0.849,0.848,0.845,0.843,0.841,0.837,0.834,0.832,0.827,0.824,0.821,0.818,0.815,0.813,0.81,0.807,0.805,0.803,0.801,0.798,0.796,0.795,0.793,0.793,0.792,0.792,0.792,0.792,0.792,0.792,0.792,0.794,0.795,0.797,0.798,0.801,0.803,0.805,0.809,0.811,0.812,0.813,0,0,0,0,0,0,0,2.035,2.028,2.035,2.028,2.028,2.028,2.022,2.022,2.022,2.015,2.022,2.022,2.028,2.028,2.042,2.049,2.055,2.069,2.083,2.09,2.097,2.105,2.119,2.127,2.127,2.134,2.134
0,0,0,0,0,0,0,0,0,0,0,0,0,0,0,0,0,0,0,0,0,0,0,0,0,0,0,0.817,0.815,0.812,0.811,0.809,0.808,0.807,0.805,0.804,0.805,0.804,0.805,0.808,0.809,0.809,0.811,0.812,0.813,0.814,0.813,0.814,0.815,0.815,0.816,0.817,0.817,0.818,0.818,0.819,0.826,0.837,0.855,0.874,0.896,0.919,0.947,0.971,0.979,0.985,0.986,0.988,0.99,0.991,0.993,0.994,0.996,0.998,1.001,1.003,1.006,1.007,1.009,1.011,1.012,1.014,1.016,1.017,1.019,1.021,1.023,1.024,1.024,1.026,1.028,1.029,1.029,1.031,1.033,1.033,1.033,1.033,1.035,1.033,1.033,1.031,1.029,1.028,1.024,1.024,1.023,1.021,1.021,1.023,1.024,1.026,1.028,1.031,1.033,1.035,1.036,1.038,1.04,1.042,1.042,1.043,1.043,1.042,1.04,1.04,1.04,1.04,1.036,1.035,0,0,0,0,0,0,0,0,0,0,0,0,0,0,0,0,0,0,0,0,0,0,0,0,0,0.449,0.448,0.448,0.448,0.448,0.447,0.447,0.447,0.447,0.446,0.447,0.447,0.447,0.448,0.448,0.448,0.449,0.449,0.449,0.45,0.45,0.45,0.451,0.451,0.451,0.451,0.452,0.452,0.452,0.453,0.453,0.454,0.455,0.456,0.457,0.458,0.459,0.46,0.461,0.462,0.462,0.463,0.463,0.463,0.463,0.464,0.465,0.465,0.466,0.467,0.468,0.469,0.471,0.472,0.473,0.474,0.475,0.476,0.477,0.478,0.479,0.481,0.481,0.482,0.484,0.484,0.485,0.486,0.486,0.487,0.487,0.487,0.487,0.487,0.486,0.486,0.485,0.484,0.484,0.483,0.482,0.481,0.48,0.479,0.478,0.477,0.477,0.476,0.476,0.475,0.475,0.475,0.476,0.476,0.477,0.477,0.478,0.479,0.481,0.482,0.484,0.486,0.488,0.489,0.49,0.492,0.494,0.495,0.495,0.496,0.497,0.498,0.499,0.501,0.502,0.504,0.506,0.507,0.509,0.51,0.51,0.511,0.512,0.513,0.513,0.515,0.516,0.517,0.519,0.52,0.522,0.523,0.523,0.525,0.527,0.528,0.528,0.53,0.532,0.533,0.534,0.536,0.537,0.538,0.539,0.541,0.542,0.543,0.544,0.545,0.546,0.547,0.549,0.55,0.551,0.552,0.553,0.553,0.554,0.554,0.555,0.555,0.555,0.555,0.555,0.554,0.553,0.552,0.551,0.55,0.548,0.547,0.546,0.545,0.544,0.544,0.544,0.544,0.545,0.546,0.547,0.548,0.549,0.55,0.552,0.553,0.553,0.554,0.555,0.556,0.556,0.557,0.557,0.558,0.558,0.56,0.561,0.563,0.565,0.566,0.569,0.572,0.574,0.577,0.579,0.58,0.583,0.584,0.585,0.586,0.588,0.589,0.591,0.594,0.597,0.6,0.603,0.607,0.61,0.612,0.615,0.617,0.62,0.625,0.63,0.634,0.639,0.644,0.648,0.653,0.657,0.659,0.66,0.662,0.663,0.664,0.665,0.667,0.669,0.67,0.672,0.675,0.677,0.679,0.681,0.683,0.685,0.688,0.69,0.693,0.695,0.698,0.702,0.706,0.712,0.716,0.721,0.726,0.729,0.732,0.734,0.737,0.739,0.741,0.744,0.746,0.748,0,0,3.358,3.358,3.358,3.358,3.377,3.377,3.395,3.395,3.414,3.414,3.433,3.453,3.472,3.472,3.492,3.512,3.532,3.573,3.573,3.615,3.615,3.636,3.658,3.68,0,0,0,0,0,0,0,0,0,0,0,0,0,0,0,0,0,0,0,0,0,0,0,0,0,0,0,0,0.732,0.727,0.726,0.724,0.724,0.722,0.721,0.721,0.721,0.721,0.721,0.721,0.722,0.723,0.723,0.723,0.723,0.723,0.723,0.724,0.724,0.724,0.726,0.726,0.727,0.729,0.731,0.732,0.734,0.736,0.739,0.74,0.741,0.743,0.745,0.745,0.746,0.747,0.747,0.748,0.748,0.749,0.749,0.749,0.751,0.753,0.756,0.759,0.76,0.762,0.764,0.766,0.77,0.771,0.772,0.773,0.774,0.775,0.776,0.778,0.779,0.78,0.781,0.782,0.783,0.783,0.785,0.787,0.79,0.793,0.796,0.799,0.802,0.808,0.812,0.814,0.818,0.822,0.825,0.829,0.834,0.841,0.844,0.85,0.854,0.857,0.857,0.857,0.855,0.852,0.85,0.847,0.843,0.84,0.835,0.832,0.828,0.824,0.822,0.818,0.816,0.814,0.811,0.809,0.807,0.805,0.803,0.8,0.798,0.797,0.795,0.795,0.794,0.794,0.793,0.793,0.793,0.793,0.794,0.795,0.797,0.799,0.8,0.803,0.804,0.808,0.81,0.812,0.812,0.813,0,0,0,0,0,2.035,2.035,2.035,2.035,2.028,2.028,2.028,2.028,2.028,2.028,2.028,2.022,2.022,2.028,2.035,2.035,2.042,2.055,2.069,2.076,2.09,2.105,2.112,2.119,2.127,2.134,2.134,2.141,2.141
0,0,0,0,0,0,0,0,0,0,0,0,0,0,0,0,0,0,0,0,0,0,0,0,0,0,0,0.816,0.814,0.812,0.811,0.81,0.807,0.805,0.804,0.803,0.803,0.803,0.804,0.805,0.807,0.808,0.81,0.81,0.811,0.812,0.812,0.812,0.813,0.814,0.815,0.815,0.816,0.816,0.817,0.817,0.822,0.833,0.852,0.87,0.892,0.915,0.943,0.971,0.982,0.986,0.988,0.988,0.99,0.991,0.993,0.994,0.996,0.998,1.001,1.003,1.006,1.007,1.011,1.012,1.014,1.017,1.019,1.019,1.021,1.023,1.024,1.026,1.026,1.028,1.029,1.029,1.031,1.031,1.033,1.033,1.033,1.035,1.035,1.035,1.035,1.031,1.031,1.028,1.026,1.024,1.024,1.023,1.023,1.024,1.024,1.026,1.029,1.031,1.035,1.035,1.038,1.04,1.042,1.043,1.045,1.045,1.045,1.043,1.043,1.043,1.043,1.042,1.04,1.04,0,0,0,0,0,0,0,0,0,0,0,0,0,0,0,0,0,0,0,0,0,0,0,0,0,0,0,0.448,0.448,0.448,0.447,0.447,0.447,0.447,0.447,0.447,0.447,0.448,0.448,0.448,0.449,0.449,0.449,0.45,0.45,0.45,0.451,0.451,0.451,0.451,0.452,0.452,0.452,0.453,0.453,0.454,0.454,0.455,0.456,0.458,0.459,0.459,0.46,0.461,0.462,0.462,0.463,0.463,0.463,0.464,0.464,0.465,0.466,0.467,0.468,0.469,0.47,0.471,0.472,0.473,0.474,0.475,0.476,0.478,0.479,0.48,0.481,0.482,0.483,0.484,0.485,0.486,0.487,0.487,0.488,0.488,0.488,0.488,0.488,0.487,0.487,0.486,0.485,0.485,0.484,0.482,0.481,0.481,0.48,0.479,0.478,0.477,0.476,0.476,0.476,0.475,0.475,0.476,0.476,0.476,0.477,0.478,0.479,0.48,0.482,0.484,0.486,0.488,0.49,0.491,0.492,0.494,0.496,0.497,0.497,0.498,0.499,0.501,0.502,0.503,0.505,0.506,0.508,0.509,0.51,0.51,0.51,0.512,0.512,0.513,0.514,0.515,0.517,0.518,0.52,0.521,0.523,0.523,0.525,0.527,0.528,0.529,0.53,0.532,0.533,0.535,0.537,0.538,0.539,0.54,0.541,0.542,0.543,0.544,0.546,0.547,0.549,0.55,0.551,0.552,0.553,0.553,0.554,0.555,0.555,0.555,0.555,0.556,0.555,0.555,0.555,0.554,0.553,0.552,0.551,0.549,0.548,0.547,0.546,0.545,0.544,0.544,0.544,0.545,0.546,0.547,0.548,0.549,0.55,0.552,0.553,0.554,0.555,0.556,0.556,0.557,0.557,0.558,0.558,0.559,0.56,0.562,0.563,0.565,0.566,0.569,0.572,0.575,0.578,0.579,0.582,0.584,0.585,0.587,0.588,0.59,0.591,0.594,0.597,0.6,0.604,0.607,0.611,0.614,0.617,0.62,0.622,0.625,0.629,0.634,0,0.642,0.646,0.649,0.653,0.657,0.658,0.659,0.661,0.663,0.664,0.666,0.667,0.669,0.671,0.673,0.675,0.677,0.68,0.682,0.684,0.687,0.689,0.692,0.694,0.697,0.7,0.703,0.708,0.712,0.716,0.72,0.723,0.726,0.729,0.731,0.732,0.734,0.737,0.74,0.74,0,0,0,3.395,3.377,3.377,3.377,3.395,3.395,3.395,3.414,3.414,3.433,3.433,3.453,3.472,3.492,3.492,3.512,3.552,3.573,3.594,3.615,3.636,3.658,3.658,3.702,0,0,0,0,0,0,0,0,0,0,0,0,0,0,0,0,0,0,0,0,0,0,0,0,0,0,0,0,0,0.73,0.726,0.725,0.724,0.724,0.722,0.722,0.722,0.722,0.722,0.722,0.723,0.724,0.724,0.724,0.725,0.725,0.725,0.725,0.726,0.726,0.727,0.728,0.729,0.731,0.732,0.733,0.735,0.738,0.74,0.742,0.744,0.745,0.746,0.747,0.748,0.749,0.748,0.748,0.749,0.749,0.749,0.75,0.751,0.754,0.756,0.759,0.761,0.763,0.765,0.768,0.771,0.772,0.773,0.774,0.775,0.776,0.777,0.779,0.78,0.782,0.783,0.784,0.785,0.786,0.787,0.791,0.793,0.797,0.8,0.804,0.809,0.813,0.818,0.822,0.824,0.827,0.83,0.835,0.84,0.845,0.85,0.855,0.86,0.863,0.864,0.864,0.861,0.858,0.854,0.849,0.845,0.84,0.835,0.833,0.828,0.825,0.822,0.819,0.817,0.815,0.813,0.81,0.808,0.807,0.804,0.803,0.8,0.799,0.798,0.796,0.797,0.796,0.796,0.796,0.795,0.795,0.796,0.797,0.799,0.801,0.802,0.804,0.805,0.809,0.811,0.813,0.813,0.814,0,0,0,0,0,2.035,2.035,2.035,2.035,2.028,2.028,2.028,2.028,2.028,2.022,2.022,2.022,2.028,2.028,2.035,2.042,2.042,2.055,2.069,2.083,2.097,2.105,2.112,2.119,2.127,2.134,2.141,2.134,2.141
0,0,0,0,0,0,0,0,0,0,0,0,0,0,0,0,0,0,0,0,0,0,0,0,0,0,0,0.817,0.814,0.813,0.811,0.81,0.807,0.805,0.804,0.803,0.802,0.802,0.803,0.804,0.805,0.805,0.808,0.808,0.81,0.81,0.81,0.811,0.812,0.812,0.813,0.814,0.814,0.815,0.815,0.816,0.819,0.825,0.841,0,0,0,0.944,0.971,0.983,0.988,0.991,0.99,0.991,0.991,0.993,0.994,0.996,0.998,1.001,1.004,1.006,1.009,1.012,1.014,1.016,1.019,1.021,1.023,1.023,1.024,1.026,1.028,1.028,1.029,1.029,1.031,1.033,1.033,1.033,1.033,1.033,1.035,1.035,1.035,1.035,1.033,1.031,1.029,1.028,1.026,1.024,1.024,1.024,1.024,1.026,1.028,1.029,1.033,1.035,1.038,1.04,1.042,1.043,1.045,1.047,1.049,1.049,1.049,1.049,1.049,1.049,1.047,1.047,1.047,0,0,0,0,0,0,0,0,0,0,0,0,0,0,0,0,0,0,0,0,0,0,0,0,0,0,0.448,0.448,0.447,0.448,0.447,0.447,0.447,0.447,0.447,0.448,0.448,0.448,0.449,0.449,0.449,0.449,0.45,0.45,0.45,0.45,0.451,0.451,0.451,0.452,0.452,0.453,0.453,0.453,0.454,0.454,0.455,0.456,0.457,0.458,0.459,0.46,0.461,0.462,0.462,0.463,0.463,0.463,0.464,0.464,0.465,0.466,0.466,0.467,0.468,0.469,0.471,0.472,0.472,0.473,0.475,0.476,0.476,0.478,0.479,0.48,0.481,0.482,0.484,0.485,0.486,0.487,0.488,0.489,0.489,0.489,0.489,0.489,0.489,0.488,0.487,0.487,0.486,0.485,0.484,0.483,0.482,0.481,0.48,0.479,0.479,0.478,0.477,0.476,0.476,0.476,0.476,0.476,0.476,0.476,0.477,0.478,0.479,0.48,0.482,0.484,0.487,0.488,0.49,0.491,0.493,0.495,0.497,0.498,0.499,0.5,0.5,0.502,0.503,0.504,0.505,0.507,0.508,0.509,0.51,0.51,0.51,0.511,0.512,0.513,0.514,0.515,0.516,0.518,0.519,0.521,0.522,0.523,0.525,0.527,0.529,0.53,0.531,0.533,0.534,0.536,0.537,0.538,0.539,0.54,0.541,0.543,0.544,0.545,0.546,0.548,0.549,0.551,0.552,0.553,0.554,0.554,0.555,0.556,0.556,0.556,0.556,0.556,0.556,0.556,0.556,0.555,0.554,0.553,0.551,0.55,0.548,0.547,0.546,0.545,0.545,0.545,0.545,0.545,0.546,0.547,0.548,0.549,0.55,0.552,0.553,0.554,0.555,0.556,0.557,0.557,0.558,0.558,0.558,0.559,0.561,0.562,0.564,0.565,0.567,0.57,0.573,0.576,0.578,0.581,0.583,0.585,0.587,0.589,0.591,0.592,0.593,0.596,0.6,0.604,0.607,0.611,0.615,0.618,0.621,0.624,0.626,0.63,0.634,0.637,0.64,0.644,0.647,0.65,0.654,0.656,0.658,0.659,0.661,0.662,0.664,0.665,0.667,0.669,0.672,0.673,0.676,0.678,0.681,0.684,0.686,0.687,0.691,0.693,0.695,0.698,0.702,0.705,0.709,0.713,0.716,0.72,0.722,0.725,0.726,0.728,0.729,0.731,0.732,0.734,0.735,0,0,0,3.414,3.414,3.395,3.395,3.414,3.414,3.414,3.414,3.414,3.433,3.433,3.453,3.472,3.492,3.492,3.532,3.552,3.573,3.594,3.636,3.636,3.658,3.68,3.68,3.702,0,0,0,0,0,0,0,0,0,0,0,0,0,0,0,0,0,0,0,0,0,0,0,0,0,0,0,0,0.732,0.726,0.725,0.725,0.724,0.723,0.723,0.723,0.724,0.724,0.724,0.724,0.725,0.725,0.726,0.726,0.726,0.726,0.726,0.727,0.727,0.728,0.729,0.731,0.732,0.733,0.735,0.738,0.74,0.742,0.744,0.746,0.748,0.749,0.749,0.749,0.749,0.749,0.749,0.749,0.749,0.75,0.75,0.752,0.754,0.758,0.76,0.762,0.764,0.767,0.77,0.773,0.774,0.775,0.776,0.777,0.778,0.779,0.781,0.782,0.784,0.786,0.788,0.789,0.792,0.793,0.797,0.801,0.804,0.809,0.812,0.816,0.821,0.824,0.827,0.83,0.833,0.835,0.838,0.844,0.849,0.854,0,0.864,0.868,0.87,0.869,0.866,0.862,0.857,0.851,0.847,0.841,0.835,0.832,0.827,0.824,0.822,0.819,0.817,0.815,0.814,0.811,0.81,0.809,0.808,0.804,0.802,0.8,0.799,0.799,0.798,0.797,0.797,0.797,0.796,0.797,0.798,0.799,0.801,0.802,0.804,0.805,0.808,0.81,0.813,0.814,0.814,0,0,0,2.055,2.049,2.042,2.042,2.035,2.035,2.028,2.028,2.028,2.028,2.028,2.028,2.022,2.022,2.022,2.022,2.028,2.035,2.035,2.049,2.055,2.069,2.083,2.09,2.105,2.112,2.119,2.127,2.134,2.134,2.134,2.141
0,0,0,0,0,0,0,0,0,0,0,0,0,0,0,0,0,0,0,0,0,0,0,0,0,0,0,0.817,0.815,0.813,0.811,0.81,0.807,0.805,0.804,0.803,0.802,0.802,0.802,0.803,0.804,0.804,0.805,0.807,0.808,0.809,0.809,0.81,0.811,0.811,0.812,0.813,0.813,0.814,0.814,0.816,0.817,0.822,0.83,0,0,0.938,0.956,0.975,0.988,0.991,0.993,0.993,0.991,0.993,0.993,0.994,0.996,0.999,1.003,1.004,1.007,1.011,1.014,1.017,1.019,1.021,1.023,1.024,1.026,1.028,1.028,1.029,1.029,1.031,1.031,1.033,1.033,1.033,1.035,1.033,1.035,1.035,1.035,1.035,1.035,1.035,1.033,1.031,1.029,1.028,1.028,1.026,1.026,1.028,1.028,1.029,1.033,1.035,1.038,1.04,1.042,1.045,1.047,1.049,1.051,1.052,1.054,1.054,1.054,1.054,1.054,1.054,0,0,0,0,0,0,0,0,0,0,0,0,0,0,0,0,0,0,0,0,0,0,0,0,0,0.448,0.448,0.448,0.448,0.448,0.447,0.448,0.448,0.448,0.448,0.448,0.448,0.448,0.449,0.449,0.449,0.449,0.449,0.45,0.45,0.45,0.451,0.451,0.451,0.452,0.452,0.453,0.453,0.453,0.454,0.454,0.455,0.455,0.456,0.457,0.458,0.459,0.46,0.461,0.461,0.462,0.463,0.463,0.463,0.464,0.464,0.465,0.466,0.466,0.467,0.468,0.469,0.47,0.471,0.472,0.473,0.474,0.475,0.476,0.477,0.478,0.479,0.481,0.482,0.483,0.484,0.485,0.487,0.487,0.488,0.489,0.49,0.49,0.49,0.49,0.489,0.489,0.488,0.487,0.487,0.486,0.485,0.484,0.483,0.482,0.481,0.48,0.479,0.478,0.478,0.477,0.476,0.476,0.476,0.476,0.476,0.476,0.477,0.478,0.479,0.48,0.482,0.485,0.487,0.489,0.49,0.492,0.494,0.496,0.497,0.498,0.5,0.5,0.502,0.503,0.504,0.505,0.505,0.507,0.508,0.509,0.509,0.51,0.51,0.511,0.512,0.513,0.513,0.515,0.516,0.518,0.519,0.521,0.522,0.523,0.525,0.527,0.529,0.53,0.531,0.533,0.535,0.536,0.538,0.539,0.54,0.541,0.542,0.543,0.545,0.546,0.547,0.549,0.55,0.551,0.553,0.554,0.555,0.555,0.556,0.557,0.557,0.557,0.557,0.557,0.557,0.557,0.556,0.555,0.554,0.553,0.552,0.55,0.549,0.548,0.547,0.546,0.545,0.545,0.545,0.546,0.546,0.547,0.548,0.549,0.551,0.552,0.553,0.555,0.556,0.556,0.557,0.558,0.558,0.559,0.559,0.56,0.561,0.563,0.564,0.566,0.568,0.571,0.573,0.577,0.579,0.582,0.584,0.587,0.589,0.59,0.592,0.594,0.596,0.598,0.602,0.606,0.61,0.614,0.618,0.621,0.625,0.628,0.63,0.634,0.637,0.64,0.644,0.646,0.648,0.651,0.654,0.656,0.657,0.659,0.66,0.662,0.664,0.666,0.668,0.67,0.672,0.675,0.677,0.68,0.682,0.684,0.687,0.689,0.692,0.694,0.698,0.7,0.703,0.706,0.71,0.714,0.716,0.719,0.721,0.723,0.725,0.726,0.726,0.727,0.728,0.73,0.731,0.732,0,0,3.414,3.414,3.414,3.414,3.414,3.414,3.433,3.433,3.433,3.453,3.453,3.472,3.472,3.492,3.512,3.512,3.552,3.573,3.594,3.615,3.658,3.658,3.658,3.702,3.702,0,0,0,0,0,0,0,0,0,0,0,0,0,0,0,0,0,0,0,0,0,0,0.823,0.814,0,0,0,0.745,0.734,0.726,0.726,0.726,0.726,0.725,0.725,0.724,0.724,0.725,0.725,0.725,0.726,0.726,0.726,0.726,0.726,0.727,0.728,0.728,0.728,0.729,0.73,0.732,0.733,0.735,0.736,0.739,0.741,0.744,0.746,0.747,0.749,0.75,0.75,0.75,0.751,0.751,0.751,0.751,0.75,0.751,0.751,0.753,0.756,0.758,0.761,0.762,0.764,0.767,0.77,0.773,0.775,0.776,0.777,0.778,0.78,0.782,0.784,0.786,0.788,0.791,0.793,0.796,0.799,0.8,0.804,0.809,0.812,0.816,0.819,0.822,0.826,0.829,0.833,0.835,0.838,0.84,0,0.848,0,0,0,0.869,0.873,0.875,0.875,0.87,0.866,0.861,0.855,0.849,0.842,0.836,0.832,0.827,0.825,0.823,0.821,0.818,0.816,0.814,0.813,0.811,0.81,0.808,0.805,0.803,0.801,0.8,0.8,0.799,0.799,0.798,0.798,0.797,0.798,0.799,0.8,0.802,0.804,0.805,0.808,0.809,0.812,0.814,0.815,0.816,0,0,0,2.055,2.049,2.042,2.042,2.035,2.035,2.028,2.028,2.022,2.022,2.022,2.022,2.015,2.015,2.015,2.015,2.022,2.028,2.028,2.042,2.049,2.062,2.076,2.09,2.097,2.105,2.112,2.127,2.127,2.134,2.127,2.134
0,0,0,0,0,0,0,0,0,0,0,0,0,0,0,0,0,0,0,0,0,0,0,0,0,0,0,0,0,0.813,0.811,0.809,0.808,0.807,0.805,0.804,0.803,0.802,0.802,0.803,0.804,0.804,0.805,0.805,0.807,0.809,0.809,0.81,0.81,0.811,0.811,0.812,0.813,0.813,0.813,0.815,0.816,0.821,0.824,0,0,0.953,0.962,0.975,0.991,0.993,0.994,0.993,0.993,0.993,0.993,0.994,0.996,0.999,1.003,1.006,1.009,1.012,1.016,1.019,1.023,1.024,1.026,1.028,1.028,1.029,1.031,1.031,1.031,1.033,1.033,1.033,1.033,1.035,1.035,1.035,1.035,1.035,1.036,1.036,1.036,1.036,1.035,1.033,1.031,1.031,1.029,1.029,1.028,1.029,1.031,1.033,1.036,1.04,1.042,1.043,1.045,1.049,1.051,1.054,1.056,1.06,1.061,1.061,1.061,1.061,1.061,1.061,0,0,0,0,0,0,0,0,0,0,0,0,0,0,0,0,0,0,0,0,0,0,0,0,0,0.448,0.448,0.448,0.448,0.448,0.447,0.448,0.448,0.448,0.448,0.448,0.449,0.449,0.449,0.449,0.45,0.45,0.45,0.45,0.45,0.451,0.451,0.451,0.452,0.452,0.453,0.453,0.454,0.454,0.454,0.455,0.456,0.456,0.457,0.458,0.459,0.46,0.461,0.461,0.462,0.463,0.463,0.463,0.464,0.465,0.465,0.466,0.466,0.467,0.468,0.469,0.47,0.471,0.472,0.473,0.474,0.475,0.476,0.477,0.478,0.479,0.48,0.481,0.482,0.484,0.485,0.486,0.487,0.488,0.489,0.489,0.49,0.49,0.49,0.49,0.49,0.489,0.489,0.488,0.487,0.486,0.485,0.484,0.483,0.482,0.481,0.481,0.48,0.479,0.478,0.478,0.477,0.477,0.477,0.477,0.477,0.478,0.478,0.478,0.479,0.481,0.483,0.485,0.487,0.489,0.491,0.492,0.494,0.496,0.498,0.499,0.5,0.501,0.502,0.503,0.504,0.505,0.506,0.507,0.509,0.509,0.51,0.51,0.51,0.511,0.511,0.512,0.513,0.514,0.515,0.517,0.519,0.52,0.521,0.523,0.525,0.528,0.53,0.531,0.532,0.533,0.535,0.537,0.539,0.539,0.54,0.541,0.542,0.544,0.545,0.547,0.548,0.55,0.551,0.553,0.554,0.555,0.556,0.556,0.557,0.557,0.557,0.558,0.558,0.557,0.557,0.557,0.556,0.556,0.555,0.554,0.552,0.551,0.549,0.548,0.547,0.546,0.546,0.545,0.546,0.546,0.547,0.548,0.549,0.55,0.552,0.553,0.554,0.555,0.556,0.557,0.558,0.558,0.559,0.56,0.56,0.561,0.563,0.564,0.566,0.567,0.569,0.572,0.575,0.578,0.58,0.583,0.586,0.588,0.59,0.592,0.594,0.595,0.597,0.6,0.604,0.608,0.612,0.616,0.62,0.624,0.627,0.63,0.634,0.637,0.64,0.643,0.646,0.648,0.65,0.652,0.654,0.656,0.657,0.659,0.661,0.662,0.664,0.667,0.669,0.671,0.674,0.676,0.678,0.681,0.684,0.686,0.688,0.691,0.693,0.696,0.698,0.702,0.705,0.708,0.711,0.715,0.718,0.72,0.721,0.722,0.723,0.724,0.725,0.726,0.726,0.726,0.726,0.727,0,0,3.433,3.433,3.433,3.433,3.433,3.433,3.433,3.433,3.433,3.453,3.453,3.472,3.492,3.512,3.512,3.532,3.532,3.573,3.594,3.615,3.636,3.658,3.658,3.68,3.702,0,0,0,0,0,0,0,0,0,0,0,0,0,0,0,0,0,0,0,0,0,0,0.821,0.813,0.796,0,0,0,0.739,0.73,0.728,0.726,0.726,0.726,0.726,0.726,0.725,0.725,0.726,0.726,0.726,0.726,0.727,0.727,0.728,0.728,0.728,0.729,0.729,0.73,0.731,0.732,0.734,0.736,0.738,0.74,0.742,0.745,0.747,0.749,0.75,0.751,0.751,0.751,0.752,0.752,0.752,0.752,0.752,0.752,0.753,0.754,0.756,0.759,0.761,0.762,0.765,0.768,0.771,0.773,0.775,0.777,0.778,0.78,0.783,0.784,0.787,0.789,0.792,0.795,0.798,0.801,0.804,0.808,0.811,0.815,0.818,0.823,0.825,0.828,0.83,0.834,0.837,0.84,0.843,0.845,0,0.852,0.858,0.863,0.869,0.875,0.879,0.882,0.88,0.877,0.87,0.864,0.858,0.851,0.844,0.837,0.833,0.829,0.826,0.824,0.822,0.819,0.817,0.815,0.814,0.812,0.811,0.809,0.805,0.804,0.803,0.802,0.801,0.8,0.8,0.8,0.799,0.798,0.799,0.8,0.802,0.803,0.805,0.808,0.809,0.811,0.814,0.816,0.817,0,0,0,0,2.069,2.055,2.049,2.042,2.042,2.035,2.028,2.028,2.022,2.022,2.022,2.015,2.015,2.008,2.008,2.008,2.008,2.015,2.022,2.028,2.042,2.055,2.062,2.076,2.09,2.097,2.105,2.112,2.119,2.119,2.127,2.127
0,0,0,0,0,0,0,0,0,0,0,0,0,0,0,0,0,0,0,0,0,0,0,0,0,0,0,0,0,0,0.811,0.809,0.807,0.807,0.805,0.804,0.804,0.803,0.803,0.803,0.803,0.804,0.804,0.805,0.807,0.808,0.808,0.809,0.81,0.81,0.811,0.812,0.812,0.813,0.814,0.815,0.816,0.819,0.824,0.835,0,0.971,0.962,0.979,0.994,0.998,0.998,0.996,0.996,0.994,0.996,0.996,0.998,1.001,1.006,1.007,1.011,1.014,1.019,1.023,1.026,1.028,1.029,1.031,1.033,1.033,1.035,1.035,1.035,1.035,1.035,1.035,1.036,1.036,1.036,1.035,1.036,1.036,1.036,1.036,1.036,1.036,1.035,1.035,1.033,1.033,1.033,1.033,1.033,1.033,1.035,1.036,1.04,1.042,1.045,1.047,1.049,1.052,1.058,1.06,1.063,1.065,1.067,1.069,1.069,1.071,1.071,1.069,0,0,0,0,0,0,0,0,0,0,0,0,0,0,0,0,0,0,0,0,0,0,0,0,0,0.447,0.448,0.447,0.447,0.448,0.448,0.448,0.448,0.448,0.448,0.448,0.449,0.449,0.45,0.45,0.45,0.45,0.451,0.451,0.451,0.451,0.452,0.452,0.453,0.453,0.453,0.454,0.455,0.455,0.455,0.456,0.457,0.457,0.458,0.459,0.46,0.46,0.461,0.462,0.462,0.463,0.463,0.464,0.465,0.465,0.466,0.467,0.467,0.468,0.469,0.47,0.471,0.472,0.473,0.474,0.475,0.476,0.476,0.477,0.478,0.479,0.481,0.482,0.483,0.484,0.485,0.487,0.487,0.488,0.489,0.49,0.49,0.49,0.49,0.49,0.49,0.489,0.489,0.488,0.487,0.486,0.485,0.484,0.484,0.483,0.482,0.481,0.481,0.48,0.479,0.479,0.478,0.478,0.478,0.478,0.478,0.478,0.479,0.479,0.48,0.481,0.483,0.486,0.488,0.489,0.491,0.492,0.494,0.496,0.498,0.499,0.5,0.501,0.503,0.503,0.505,0.505,0.507,0.507,0.509,0.51,0.51,0.51,0.51,0.511,0.511,0.512,0.512,0.513,0.514,0.516,0.517,0.519,0.52,0.522,0.524,0.528,0.53,0.531,0.532,0.534,0.536,0.538,0.539,0.54,0.541,0.541,0.543,0.545,0.546,0.548,0.549,0.551,0.552,0.554,0.555,0.556,0.556,0.557,0.558,0.558,0.558,0.558,0.558,0.558,0.557,0.557,0.557,0.556,0.555,0.554,0.553,0.551,0.55,0.548,0.548,0.547,0.547,0.546,0.546,0.547,0.547,0.549,0.55,0.551,0.552,0.553,0.555,0.556,0.556,0.557,0.558,0.559,0.56,0.56,0.561,0.563,0.564,0.566,0.567,0.569,0.571,0.573,0.576,0.579,0.581,0.584,0.586,0.589,0.591,0.593,0.595,0.597,0.598,0.601,0.605,0.608,0.613,0.618,0.621,0.625,0.628,0.632,0.634,0.638,0.641,0.644,0.646,0.648,0.65,0.652,0.654,0.655,0.657,0.659,0.661,0.663,0.665,0.667,0.67,0.672,0.675,0.678,0.68,0.682,0.684,0.687,0.689,0.691,0.694,0.697,0.7,0.703,0.706,0.71,0.713,0.716,0.719,0.721,0.722,0.723,0.724,0.725,0.725,0.726,0.726,0.726,0.726,0.726,0,0,3.433,3.433,3.433,3.433,3.433,3.433,3.453,3.453,3.453,3.453,3.453,3.472,3.492,3.492,3.512,3.532,3.532,3.552,3.573,3.594,3.615,3.636,3.658,3.658,3.68,0,0,0,0,0,0,0,0,0,0,0,0,0,0,0,0,0,0,0,0,0,0.815,0.813,0.809,0.795,0,0,0,0.741,0.732,0.729,0.728,0.727,0.726,0.726,0.726,0.726,0.726,0.726,0.726,0.727,0.728,0.728,0.729,0.728,0.729,0.73,0.73,0.731,0.732,0.732,0.733,0.735,0.737,0.739,0.74,0.742,0.746,0.748,0.749,0.751,0.752,0.752,0.753,0.753,0.753,0.754,0.754,0.754,0.754,0.754,0.756,0.758,0.759,0.761,0.762,0.765,0.767,0.77,0.773,0.775,0.777,0.779,0.782,0.784,0.787,0.79,0.792,0.795,0.798,0.803,0.807,0.81,0.814,0.817,0.821,0.825,0.828,0.832,0.834,0.837,0.84,0.842,0.844,0.848,0.85,0.854,0.86,0.864,0.87,0.875,0.882,0.886,0.887,0.886,0.879,0.874,0,0.861,0.854,0.847,0.838,0.834,0.83,0.827,0.825,0.823,0.822,0.818,0.816,0.814,0.813,0.811,0.81,0.807,0.805,0.804,0.803,0.802,0.802,0.801,0.801,0.8,0.8,0.801,0.802,0.803,0.805,0.807,0.81,0.811,0.813,0.816,0.818,0.819,0,0,0,2.083,2.076,2.062,2.055,2.049,2.042,2.035,2.028,2.028,2.022,2.022,2.015,2.008,2.002,2.002,1.995,1.995,2.002,2.002,2.008,2.015,2.028,2.035,2.049,2.062,2.069,2.083,2.09,2.105,2.112,2.112,2.112,2.119
0,0,0,0,0,0,0,0,0,0,0,0,0,0,0,0,0,0,0,0,0,0,0,0,0,0,0,0,0,0,0,0.808,0.808,0.807,0.805,0.804,0.804,0.804,0.803,0.804,0.804,0.804,0.804,0.805,0.807,0.808,0.808,0.808,0.809,0.81,0.811,0.812,0.812,0.813,0.813,0.815,0.815,0.819,0.822,0.863,0,0.988,0.977,0.988,1.001,1.001,1.001,1.001,0.999,0.999,0.999,0.999,1.001,1.004,1.007,1.011,1.014,1.017,1.023,1.026,1.029,1.031,1.033,1.035,1.036,1.036,1.038,1.038,1.038,1.038,1.036,1.036,1.038,1.038,1.036,1.038,1.038,1.038,1.038,1.038,1.038,1.038,1.036,1.036,1.035,1.035,1.036,1.036,1.036,1.038,1.04,1.042,1.043,1.047,1.051,1.051,1.054,1.06,1.063,1.067,1.071,1.073,1.076,1.078,1.078,1.08,1.08,1.08,1.078,0,0,0,0,0,0,0,0,0,0,0,0,0,0,0,0,0,0,0,0,0,0,0,0,0,0.447,0.447,0.447,0.447,0.447,0.447,0.447,0.448,0.448,0.449,0.449,0.45,0.45,0.45,0.451,0.451,0.451,0.451,0.452,0.452,0.452,0.453,0.453,0.454,0.454,0.455,0.455,0.456,0.457,0.457,0.458,0.458,0.459,0.46,0.46,0.461,0.462,0.462,0.463,0.463,0.464,0.465,0.465,0.466,0.467,0.467,0.468,0.469,0.47,0.471,0.472,0.473,0.474,0.475,0.475,0.476,0.477,0.478,0.479,0.48,0.481,0.482,0.484,0.485,0.486,0.487,0.488,0.489,0.489,0.489,0.49,0.49,0.49,0.49,0.489,0.489,0.489,0.488,0.487,0.487,0.485,0.485,0.484,0.483,0.482,0.482,0.481,0.481,0.48,0.48,0.479,0.479,0.479,0.479,0.479,0.479,0.48,0.481,0.481,0.482,0.484,0.487,0.489,0.49,0.492,0.493,0.495,0.497,0.498,0.499,0.5,0.501,0.503,0.503,0.505,0.505,0.507,0.508,0.509,0.51,0.51,0.51,0.51,0.51,0.51,0.512,0.512,0.513,0.514,0.515,0.517,0.519,0.52,0.523,0.525,0.528,0.531,0.532,0.533,0.535,0.537,0.539,0.54,0.541,0.541,0.542,0.544,0.545,0.547,0.548,0.55,0.551,0.553,0.554,0.556,0.556,0.557,0.558,0.558,0.558,0.558,0.558,0.558,0.558,0.558,0.557,0.557,0.556,0.555,0.554,0.553,0.551,0.55,0.549,0.548,0.548,0.547,0.547,0.547,0.548,0.549,0.55,0.551,0.552,0.553,0.554,0.556,0.556,0.557,0.558,0.559,0.559,0.561,0.562,0.563,0.564,0.566,0.568,0.569,0.57,0.572,0.575,0.578,0.58,0.583,0.585,0.588,0.59,0.592,0.594,0.596,0.597,0.6,0.603,0.605,0.61,0.613,0.618,0.621,0.625,0.628,0.632,0.635,0.638,0.641,0.644,0.646,0.648,0.65,0.652,0.654,0.655,0.657,0.659,0.662,0.664,0.666,0.669,0.671,0.673,0.675,0.678,0.681,0.683,0.685,0.687,0.69,0.692,0.694,0.698,0.701,0.704,0.708,0.71,0.714,0.718,0.72,0.722,0.724,0.724,0.725,0.725,0.726,0.727,0.727,0.727,0.728,0,0,0,3.453,3.453,3.453,3.453,3.453,3.472,3.472,3.472,3.472,3.472,3.472,3.492,3.492,3.512,3.512,3.512,3.532,3.552,3.552,3.573,3.615,3.615,3.615,3.636,3.658,0,0,0,0,0,0,0,0,0,0,0,0,0,0,0,0,0,0,0,0,0.813,0.811,0.808,0.802,0.793,0,0,0,0.744,0.734,0.731,0.73,0.728,0.727,0.727,0.727,0.727,0.727,0.727,0.728,0.728,0.729,0.729,0.73,0.73,0.73,0.731,0.732,0.732,0.732,0.733,0.734,0.736,0.738,0.74,0.741,0.743,0.746,0.749,0.75,0.751,0.753,0.753,0.754,0.754,0.755,0.755,0.755,0.755,0.755,0.756,0.757,0.759,0.76,0.761,0.762,0.765,0.767,0.77,0.773,0.775,0.778,0.781,0.784,0.787,0.79,0.792,0.795,0.799,0.803,0.808,0.811,0.815,0.819,0.823,0.827,0.83,0.835,0.838,0.841,0.843,0.845,0.848,0.85,0.854,0.856,0.86,0.864,0.87,0.875,0.88,0.886,0.889,0.892,0.889,0.883,0.878,0,0.863,0.856,0.848,0.84,0.836,0.833,0.829,0.827,0.825,0.823,0.819,0.817,0.815,0.813,0.812,0.81,0.809,0.807,0.805,0.804,0.804,0.803,0.803,0.802,0.801,0.801,0.802,0.803,0.804,0.807,0.808,0.81,0.811,0.814,0.817,0.818,0.819,0,2.105,2.097,2.09,2.083,2.076,2.062,2.049,2.049,2.042,2.035,2.028,2.022,2.022,2.008,2.008,2.002,1.995,1.989,1.989,1.989,1.989,1.995,1.995,2.008,2.022,2.035,2.049,2.055,2.069,2.076,2.09,2.097,2.105,2.105,2.105
0,0,0,0,0,0,0,0,0,0,0,0,0,0,0,0,0,0,0,0,0,0,0,0,0,0,0,0,0,0,0,0,0.807,0.807,0.805,0.805,0.804,0.804,0.804,0.804,0.804,0.804,0.804,0.805,0.807,0.808,0.808,0.809,0.809,0.81,0.811,0.812,0.813,0.814,0.815,0.817,0.818,0.822,0.833,0.864,0,0.917,0.974,0.985,0.999,1.003,1.003,1.003,1.003,1.003,1.003,1.003,1.004,1.007,1.011,1.014,1.017,1.021,1.024,1.028,1.031,1.035,1.036,1.038,1.038,1.04,1.04,1.04,1.04,1.04,1.04,1.04,1.04,1.04,1.04,1.04,1.04,1.04,1.04,1.038,1.038,1.038,1.038,1.038,1.036,1.038,1.038,1.04,1.042,1.043,1.045,1.047,1.049,1.052,1.054,1.058,1.06,1.065,1.069,1.073,1.076,1.08,1.084,1.086,1.088,1.09,1.09,0,0,0,0,0,0,0,0,0,0,0,0,0,0,0,0,0,0,0,0,0,0,0,0,0,0,0.446,0.446,0.446,0.446,0.447,0.447,0.447,0.447,0.448,0.448,0.449,0.449,0.45,0.45,0.451,0.451,0.452,0.452,0.452,0.452,0.453,0.453,0.454,0.454,0.455,0.455,0.456,0.457,0.457,0.458,0.458,0.459,0.459,0.46,0.461,0.461,0.462,0.462,0.463,0.463,0.464,0.465,0.465,0.466,0.467,0.467,0.468,0.469,0.47,0.471,0.472,0.473,0.474,0.474,0.475,0.476,0.477,0.478,0.479,0.48,0.481,0.482,0.483,0.484,0.485,0.486,0.487,0.488,0.489,0.489,0.49,0.49,0.49,0.49,0.49,0.489,0.489,0.489,0.488,0.487,0.486,0.485,0.485,0.484,0.484,0.483,0.483,0.482,0.482,0.481,0.481,0.481,0.481,0.481,0.481,0.481,0.481,0.482,0.482,0.483,0.484,0.486,0.489,0.49,0.491,0.492,0.494,0.495,0.497,0.499,0.5,0.501,0.502,0.503,0.504,0.505,0.506,0.508,0.509,0.51,0.51,0.511,0.51,0.511,0.511,0.512,0.513,0.513,0.513,0.514,0.516,0.517,0.519,0.52,0.523,0.526,0.528,0.531,0.533,0.534,0.535,0.537,0.539,0.541,0.541,0.542,0.543,0.544,0.546,0.548,0.549,0.551,0.552,0.554,0.555,0.556,0.557,0.558,0.559,0.559,0.559,0.559,0.559,0.559,0.558,0.558,0.558,0.557,0.556,0.555,0.554,0.553,0.552,0.551,0.55,0.549,0.548,0.548,0.548,0.548,0.549,0.55,0.551,0.552,0.553,0.555,0.555,0.557,0.557,0.558,0.559,0.56,0.561,0.562,0.563,0.564,0.566,0.568,0.57,0.571,0.573,0.574,0.577,0.579,0.581,0.584,0.586,0.588,0.59,0.593,0.594,0.596,0.598,0.6,0.603,0.606,0.61,0.613,0.617,0.621,0.624,0.627,0.63,0.634,0.637,0.64,0.643,0.645,0.647,0.649,0.651,0.654,0.656,0.657,0.66,0.662,0.664,0.667,0.669,0.672,0.675,0.677,0.679,0.682,0.684,0.687,0.689,0.691,0.693,0.696,0.698,0.702,0.705,0.709,0.712,0.715,0.719,0.721,0.724,0.725,0.725,0.726,0.726,0.726,0.728,0.728,0.728,0.729,0,0,0,3.472,3.472,3.472,3.472,3.472,3.492,3.492,3.492,3.492,3.492,3.492,3.492,3.492,3.492,3.512,3.492,3.512,3.532,3.532,3.552,3.573,3.573,3.594,3.594,3.615,0,0,0,0,0,0,0,0,0,0,0,0,0,0,0,0,0,0,0,0.81,0.809,0.807,0.802,0.798,0.791,0,0,0,0.746,0.736,0.732,0.731,0.729,0.728,0.728,0.727,0.727,0.727,0.728,0.729,0.729,0.729,0.73,0.731,0.731,0.732,0.732,0.732,0.732,0.733,0.734,0.735,0.736,0.739,0.74,0.741,0.743,0.746,0.749,0.75,0.752,0.753,0.754,0.754,0.756,0.756,0.757,0.757,0.757,0.757,0.757,0.758,0.759,0.76,0.761,0.762,0.764,0.767,0.77,0.773,0.776,0.779,0.782,0.785,0.789,0.792,0.796,0.799,0.803,0.809,0.813,0.817,0.823,0.826,0.83,0.834,0.838,0.842,0.845,0.848,0.85,0.851,0.854,0.855,0.858,0.861,0.866,0.87,0.874,0.88,0.886,0.889,0.893,0.895,0.892,0.887,0.879,0.873,0.864,0.857,0.848,0.841,0.836,0.833,0.829,0.827,0.825,0.823,0.821,0.817,0.815,0.813,0.812,0.811,0.81,0.809,0.807,0.805,0.805,0.804,0.803,0.804,0.802,0.802,0.803,0.804,0.805,0.808,0.809,0.811,0.812,0.814,0.817,0.818,0.819,0,2.112,2.105,2.097,2.09,2.076,2.069,2.055,2.049,2.042,2.042,2.035,2.028,2.022,2.008,2.002,1.995,1.989,1.982,1.976,1.97,1.976,1.976,1.982,1.995,2.008,2.022,2.028,2.042,2.055,2.062,2.076,2.083,2.09,2.09,2.097
0,0,0,0,0,0,0,0,0,0,0,0,0,0,0,0,0,0,0,0,0,0,0,0,0,0,0,0,0,0,0,0,0.808,0.808,0.807,0.805,0.805,0.804,0.804,0.805,0.805,0.805,0.805,0.807,0.808,0.808,0.809,0.809,0.81,0.811,0.812,0.813,0.814,0.815,0.816,0.818,0.822,0.825,0.835,0.864,0,0.917,0,0.982,0.999,1.004,1.004,1.006,1.007,1.006,1.006,1.007,1.007,1.011,1.012,1.017,1.019,1.023,1.028,1.031,1.033,1.036,1.038,1.042,1.042,1.042,1.043,1.043,1.043,1.043,1.043,1.043,1.042,1.042,1.042,1.042,1.04,1.04,1.04,1.04,1.04,1.04,1.04,1.04,1.04,1.04,1.042,1.043,1.045,1.047,1.049,1.052,1.056,1.058,1.061,1.063,1.067,1.073,1.076,1.082,1.086,1.088,1.092,1.095,1.097,1.099,1.099,1.099,0,0,0,0,0,0,0,0,0,0,0,0,0,0,0,0,0,0,0,0,0,0,0,0,0,0,0.446,0.446,0.446,0.446,0.447,0.447,0.447,0.447,0.448,0.449,0.45,0.45,0.451,0.451,0.452,0.452,0.452,0.453,0.453,0.453,0.454,0.454,0.455,0.456,0.456,0.457,0.458,0.458,0.459,0.46,0.46,0.46,0.461,0.461,0.462,0.462,0.463,0.463,0.464,0.465,0.465,0.466,0.467,0.467,0.468,0.469,0.47,0.471,0.472,0.473,0.474,0.474,0.475,0.476,0.477,0.478,0.479,0.48,0.481,0.482,0.483,0.484,0.485,0.486,0.487,0.488,0.488,0.489,0.489,0.49,0.49,0.49,0.49,0.49,0.489,0.489,0.488,0.487,0.487,0.486,0.486,0.485,0.485,0.484,0.484,0.484,0.483,0.483,0.483,0.482,0.482,0.482,0.482,0.482,0.483,0.483,0.484,0.484,0.485,0.486,0.488,0.49,0.491,0.492,0.493,0.494,0.496,0.497,0.499,0.5,0.501,0.503,0.504,0.505,0.506,0.507,0.509,0.51,0.51,0.511,0.512,0.512,0.512,0.513,0.513,0.513,0.514,0.514,0.516,0.517,0.518,0.519,0.521,0.523,0.526,0.528,0.531,0.533,0.534,0.536,0.537,0.539,0.541,0.542,0.542,0.543,0.545,0.547,0.548,0.55,0.551,0.553,0.555,0.556,0.557,0.558,0.559,0.559,0.56,0.559,0.559,0.559,0.559,0.559,0.558,0.558,0.557,0.556,0.555,0.554,0.553,0.552,0.551,0.55,0.55,0.549,0.549,0.549,0.549,0.55,0.551,0.552,0.553,0.555,0.555,0.557,0.558,0.558,0.559,0.56,0.561,0.562,0.563,0.565,0.566,0.569,0.57,0.572,0.574,0.575,0.577,0.579,0.581,0.583,0.584,0.586,0.588,0.591,0.593,0.594,0.596,0.598,0.6,0.603,0.606,0.609,0.613,0.616,0.62,0.623,0.626,0.629,0.633,0.636,0.64,0.642,0.644,0.647,0.649,0.652,0.654,0.657,0.659,0.661,0.663,0.666,0.668,0.67,0.673,0.675,0.678,0.681,0.684,0.686,0.688,0.691,0.692,0.694,0.697,0.7,0.703,0.706,0.71,0.713,0.716,0.72,0.723,0.725,0.725,0.726,0.726,0.726,0.727,0.728,0.728,0.729,0.729,0.731,0,0,3.492,3.492,3.492,3.492,3.492,3.512,3.512,3.512,3.512,3.512,3.512,3.512,3.492,3.492,3.492,3.492,3.492,3.512,3.512,3.532,3.552,3.552,3.552,3.573,3.594,0,0,0,0,0,0,0,0,0,0,0,0,0,0,0,0,0,0,0,0.804,0.804,0.801,0.798,0.794,0.788,0.779,0.768,0.758,0.748,0.738,0.733,0.731,0.73,0.729,0.729,0.728,0.729,0.729,0.729,0.73,0.731,0.73,0.731,0.731,0.732,0.732,0.732,0.732,0.733,0.734,0.735,0.736,0.737,0.739,0.74,0.742,0.744,0.746,0.749,0.75,0.752,0.754,0.755,0.755,0.757,0.757,0.758,0.758,0.759,0.759,0.759,0.76,0.76,0.761,0.762,0.763,0.765,0.767,0.77,0.773,0.776,0.779,0.783,0.787,0.791,0.795,0.799,0.802,0.809,0.814,0.819,0.825,0.829,0.833,0.837,0.841,0.845,0.848,0.85,0.852,0.854,0.856,0.857,0.858,0.862,0.864,0.869,0.873,0.877,0.882,0.887,0.892,0.895,0.897,0.895,0.888,0.882,0.874,0.866,0.857,0.849,0.841,0.836,0.833,0.829,0.827,0.825,0.823,0.821,0.818,0.815,0.814,0.812,0.811,0.81,0.809,0.808,0.807,0.807,0.805,0.804,0.805,0.804,0.803,0.804,0.805,0.808,0.809,0.81,0.812,0.813,0.815,0.817,0.818,0,2.127,2.119,2.112,2.105,2.097,2.09,2.076,2.062,2.055,2.049,2.042,2.042,2.028,2.022,2.015,2.002,1.995,1.982,1.976,1.976,1.97,1.97,1.97,1.97,1.982,1.995,2.008,2.022,2.035,2.042,2.055,2.069,2.076,2.076,2.083,2.09
0,0,0,0,0,0,0,0,0,0,0,0,0,0,0,0,0,0,0,0,0,0,0,0,0,0,0,0,0,0,0,0.809,0.809,0.809,0.809,0.808,0.808,0.807,0.807,0.807,0.808,0.808,0.808,0.808,0.809,0.81,0.811,0.811,0.812,0.812,0.813,0.815,0.816,0.817,0.819,0.823,0.825,0.829,0.842,0,0,0,0.95,0.977,0.998,1.007,1.009,1.011,1.011,1.011,1.011,1.012,1.012,1.016,1.017,1.021,1.023,1.026,1.029,1.033,1.036,1.04,1.042,1.043,1.043,1.045,1.045,1.045,1.045,1.045,1.045,1.045,1.045,1.043,1.043,1.043,1.043,1.043,1.042,1.042,1.04,1.04,1.04,1.04,1.04,1.042,1.045,1.047,1.049,1.051,1.054,1.058,1.06,1.065,1.067,1.071,1.073,1.078,1.084,1.088,1.092,1.097,1.101,1.103,1.105,1.107,1.107,1.109,0,0,0,0,0,0,0,0,0,0,0,0,0,0,0,0,0,0,0,0,0,0,0,0,0,0,0.446,0.446,0.446,0.446,0.446,0.447,0.447,0.447,0.448,0.449,0.45,0.45,0.451,0.452,0.452,0.453,0.453,0.453,0.454,0.454,0.454,0.455,0.456,0.457,0.457,0.458,0.459,0.459,0.46,0.46,0.461,0.461,0.462,0.462,0.463,0.463,0.463,0.464,0.465,0.465,0.466,0.467,0.467,0.468,0.469,0.47,0.471,0.472,0.473,0.474,0.475,0.475,0.476,0.477,0.478,0.479,0.479,0.481,0.482,0.483,0.484,0.484,0.485,0.486,0.487,0.488,0.488,0.489,0.489,0.49,0.49,0.49,0.49,0.489,0.489,0.489,0.488,0.487,0.487,0.486,0.486,0.485,0.485,0.485,0.484,0.484,0.484,0.484,0.484,0.484,0.484,0.484,0.484,0.484,0.485,0.485,0.486,0.486,0.487,0.488,0.489,0.491,0.492,0.493,0.494,0.495,0.496,0.498,0.499,0.5,0.502,0.504,0.505,0.506,0.507,0.509,0.51,0.511,0.512,0.513,0.513,0.513,0.513,0.514,0.515,0.515,0.516,0.516,0.516,0.518,0.519,0.521,0.523,0.524,0.527,0.529,0.532,0.533,0.534,0.536,0.538,0.54,0.541,0.542,0.543,0.544,0.545,0.548,0.549,0.551,0.552,0.554,0.556,0.557,0.558,0.559,0.559,0.56,0.56,0.56,0.56,0.56,0.559,0.559,0.558,0.558,0.557,0.556,0.555,0.555,0.553,0.553,0.552,0.551,0.55,0.55,0.55,0.55,0.55,0.552,0.552,0.554,0.555,0.556,0.557,0.558,0.559,0.56,0.561,0.561,0.562,0.564,0.565,0.567,0.569,0.571,0.573,0.574,0.575,0.578,0.579,0.58,0.582,0.584,0.585,0.587,0.589,0.59,0.593,0.594,0.596,0.599,0.601,0.604,0.606,0.609,0.612,0.616,0.62,0.622,0.625,0.628,0.632,0.636,0.639,0.641,0.644,0.647,0.649,0.652,0.654,0.657,0.66,0.663,0.664,0.667,0.669,0.672,0.675,0.677,0.679,0.681,0.684,0.687,0.689,0.691,0.694,0.695,0.698,0.702,0.705,0.707,0.71,0.714,0.717,0.72,0.723,0.725,0.726,0.726,0.726,0.727,0.728,0.73,0.73,0.73,0.731,0.732,0,0,3.512,3.512,3.512,3.512,3.512,3.532,3.532,3.532,3.532,3.512,3.512,3.512,3.512,3.492,3.492,3.492,3.492,3.492,3.512,3.512,3.532,3.532,3.532,3.552,3.552,0,0,0,0,0,0,0,0,0,0,0,0,0,0,0,0,0,0,0,0,0.8,0.796,0.794,0.79,0.784,0.775,0.766,0.757,0.748,0.739,0.734,0.732,0.731,0.73,0.73,0.729,0.73,0.73,0.73,0.731,0.731,0.732,0.732,0.732,0.732,0.732,0.732,0.733,0.733,0.734,0.735,0.736,0.737,0.739,0.74,0.742,0.744,0.746,0.749,0.75,0.753,0.755,0.756,0.756,0.757,0.759,0.759,0.76,0.76,0.761,0.761,0.761,0.762,0.762,0.762,0.764,0.765,0.768,0.771,0.774,0.777,0.78,0.784,0.789,0.793,0.797,0.802,0.807,0.812,0.817,0.824,0.829,0.835,0.84,0.843,0.845,0.849,0.852,0.855,0.856,0.857,0.858,0.86,0.861,0.866,0.868,0.872,0.875,0.88,0.886,0.889,0.893,0.897,0.898,0.896,0.891,0.883,0.877,0.868,0.858,0.849,0.842,0.837,0.834,0.83,0.828,0.826,0.823,0.821,0.818,0.816,0.814,0.813,0.812,0.811,0.81,0.809,0.808,0.808,0.807,0.807,0.807,0.805,0.804,0.805,0.808,0.809,0.81,0.812,0.813,0.814,0.816,0.817,0.819,0,2.134,2.127,2.112,2.112,2.105,2.09,2.083,2.069,2.062,2.055,2.049,2.042,2.035,2.028,2.015,2.008,1.995,1.989,1.976,1.97,1.963,1.963,1.97,1.97,1.982,1.989,2.002,2.015,2.028,2.042,2.055,2.069,2.069,2.076,2.076,2.083
0,0,0,0,0,0,0,0,0,0,0,0,0,0,0,0,0,0,0,0,0,0,0,0,0,0,0,0,0,0,0,0.812,0.812,0.81,0.81,0.808,0.808,0.808,0.808,0.809,0.809,0.808,0.808,0.809,0.81,0.811,0.811,0.812,0.813,0.814,0.815,0.816,0.818,0.819,0.822,0.826,0.828,0.834,0.847,0.866,0,0,0.947,0.974,0.999,1.011,1.014,1.016,1.016,1.016,1.017,1.017,1.017,1.019,1.021,1.024,1.026,1.028,1.033,1.036,1.038,1.042,1.043,1.045,1.045,1.047,1.049,1.049,1.047,1.047,1.047,1.047,1.047,1.045,1.045,1.045,1.043,1.043,1.043,1.042,1.042,1.042,1.042,1.042,1.042,1.043,1.047,1.049,1.052,1.054,1.058,1.061,1.065,1.071,1.073,1.076,1.08,1.086,1.09,1.095,1.099,1.103,1.107,1.111,1.113,1.113,1.115,1.117,0,0,0,0,0,0,0,0,0,0,0,0,0,0,0,0,0,0,0,0,0,0,0,0,0,0,0,0.445,0.445,0.446,0.446,0.446,0.447,0.447,0.448,0.449,0.45,0.451,0.451,0.452,0.452,0.453,0.453,0.454,0.454,0.454,0.455,0.456,0.456,0.457,0.458,0.459,0.46,0.46,0.461,0.461,0.462,0.462,0.462,0.463,0.463,0.463,0.464,0.465,0.465,0.466,0.466,0.467,0.468,0.469,0.47,0.471,0.472,0.473,0.474,0.475,0.475,0.476,0.477,0.478,0.479,0.479,0.481,0.481,0.482,0.483,0.484,0.485,0.486,0.487,0.487,0.488,0.489,0.489,0.49,0.49,0.49,0.49,0.49,0.49,0.489,0.489,0.488,0.487,0.487,0.486,0.486,0.486,0.485,0.485,0.485,0.485,0.485,0.485,0.485,0.485,0.485,0.485,0.486,0.486,0.487,0.487,0.488,0.489,0.489,0.49,0.491,0.492,0.493,0.494,0.494,0.495,0.496,0.498,0.5,0.502,0.503,0.505,0,0,0,0,0,0,0,0,0,0,0.516,0.516,0,0,0,0,0.518,0.519,0.521,0.523,0.524,0.526,0.528,0.531,0.533,0.534,0.535,0.537,0.538,0.54,0.541,0.542,0.543,0.545,0.546,0.548,0.55,0.552,0.553,0.555,0.556,0.558,0.559,0.56,0.56,0.56,0.56,0.56,0.56,0.56,0.56,0.559,0.559,0.558,0.557,0.556,0.556,0.555,0.554,0.553,0.552,0.551,0.551,0.551,0.551,0.551,0.552,0.553,0.554,0.555,0.556,0.557,0.558,0.559,0.56,0.561,0.562,0.563,0.563,0.565,0.567,0.569,0.571,0.573,0.574,0.577,0.578,0.579,0.581,0.583,0.584,0.585,0.586,0.588,0.589,0.591,0.593,0.594,0.597,0.599,0.602,0.604,0.607,0.61,0.612,0.616,0.619,0.622,0.625,0.628,0.632,0.635,0.638,0.641,0.644,0.647,0.65,0.652,0.656,0.659,0.662,0.664,0.666,0.669,0.671,0.673,0.675,0.678,0.681,0.683,0.686,0.688,0.691,0.693,0.695,0.698,0.7,0.703,0.706,0.709,0.712,0.715,0.718,0.721,0.724,0.726,0.726,0.726,0.726,0.727,0.729,0.73,0.731,0.731,0.732,0.732,0,0,3.532,3.532,3.532,3.532,3.532,3.552,3.552,3.552,3.552,3.532,3.532,3.532,3.512,3.492,3.492,3.492,3.472,3.492,3.492,3.512,3.512,3.532,3.532,3.532,3.552,0,0,0,0,0,0,0,0,0,0,0,0,0,0,0,0,0,0,0,0,0.795,0.792,0.789,0.785,0.779,0.772,0.763,0.756,0.748,0.74,0.735,0.732,0.731,0.731,0.731,0.731,0.731,0.731,0.731,0.732,0.732,0.732,0.732,0.733,0.733,0.733,0.734,0.734,0.735,0.736,0.737,0.738,0.739,0.74,0.741,0.743,0.745,0.748,0.749,0.751,0.754,0.756,0.757,0.759,0.759,0.76,0.761,0.762,0.762,0.762,0.762,0.762,0.762,0.763,0.763,0.764,0.767,0.768,0.772,0.774,0.777,0.781,0.786,0.79,0.795,0.799,0.804,0.809,0.815,0.822,0.827,0.833,0.838,0.843,0.847,0.849,0.851,0.854,0.856,0.858,0.858,0.858,0.861,0.862,0.867,0.869,0.874,0.878,0.882,0.887,0.892,0.896,0.898,0.9,0.897,0.892,0.886,0.878,0.869,0.861,0.851,0.843,0.838,0.834,0.832,0.828,0.826,0.824,0.822,0.818,0.816,0.815,0.814,0.813,0.812,0.811,0.81,0.809,0.808,0.808,0.808,0.808,0.807,0.807,0.808,0.809,0.81,0.811,0.812,0.814,0.815,0.817,0.818,0.819,0,2.127,2.119,2.119,2.112,2.105,2.097,2.09,2.076,2.069,2.062,2.055,2.055,2.049,2.035,2.022,2.015,2.002,1.989,1.982,1.976,1.963,1.963,1.97,1.97,1.976,1.989,2.002,2.022,2.035,2.042,2.055,2.062,2.069,2.076,2.076,2.076
0,0,0,0,0,0,0,0,0,0,0,0,0,0,0,0,0,0,0,0,0,0,0,0,0,0,0,0,0.817,0.816,0.814,0.813,0.813,0.812,0.81,0.809,0.809,0.809,0.809,0.81,0.81,0.81,0.81,0.811,0.811,0.812,0.813,0.814,0.815,0.815,0.816,0.818,0.819,0.822,0.825,0.828,0.833,0.838,0.849,0.867,0.888,0,0.943,0.974,0.999,1.014,1.017,1.019,1.021,1.021,1.021,1.023,1.021,1.023,1.024,1.026,1.028,1.031,1.033,1.036,1.04,1.042,1.045,1.047,1.047,1.049,1.049,1.049,1.049,1.049,1.049,1.049,1.049,1.049,1.049,1.047,1.047,1.045,1.045,1.043,1.043,1.043,1.043,1.043,1.045,1.047,1.051,1.052,1.054,1.058,1.061,1.065,1.071,1.074,1.078,1.082,1.086,1.092,1.095,1.101,1.105,1.109,1.113,1.117,1.117,1.119,1.119,1.119,1.121,0,0,0,0,0,0,0,0,0,0,0,0,0,0,0,0,0,0,0,0,0,0,0,0,0,0,0,0.445,0.446,0.446,0.447,0.447,0.448,0.448,0.449,0.45,0.451,0.451,0.452,0.452,0.453,0.453,0.454,0.454,0.455,0.455,0.456,0.457,0.457,0.458,0.459,0.46,0.461,0.461,0.462,0.462,0.462,0.463,0.463,0.463,0.464,0.465,0.465,0.466,0.466,0.467,0.468,0.469,0.47,0.471,0.472,0.473,0.474,0.475,0.475,0.476,0.477,0.478,0.479,0.479,0.481,0.481,0.482,0.483,0.484,0.485,0.486,0.486,0.487,0.487,0.488,0.489,0.489,0.49,0.49,0.49,0.49,0.49,0.49,0.489,0.489,0.489,0.488,0.487,0.487,0.487,0.486,0.486,0.485,0.485,0.485,0.485,0.485,0.486,0.486,0.487,0.487,0.488,0.488,0.489,0.489,0.49,0.491,0.491,0.492,0.493,0.493,0.494,0.494,0.495,0.496,0.498,0.499,0.501,0.503,0.504,0.506,0.507,0.509,0.51,0.511,0.513,0.514,0.515,0.516,0.516,0.517,0.517,0.517,0.518,0.519,0.519,0.519,0.52,0.521,0.522,0.524,0.526,0.528,0.53,0.532,0.534,0.535,0.536,0.538,0.539,0.541,0.541,0.543,0.544,0.545,0.547,0.549,0.551,0.553,0.554,0.556,0.557,0.559,0.56,0.56,0.561,0.561,0.561,0.561,0.561,0.561,0.56,0.559,0.559,0.558,0.557,0.557,0.556,0.555,0.554,0.553,0.553,0.552,0.552,0.552,0.552,0.552,0.553,0.554,0.555,0.556,0.557,0.558,0.559,0.56,0.561,0.562,0.563,0.564,0.565,0.566,0.569,0.571,0.573,0.575,0.577,0.579,0.58,0.581,0.583,0.584,0.585,0.586,0.587,0.589,0.59,0.591,0.594,0.596,0.598,0.6,0.603,0.605,0.608,0.61,0.613,0.616,0.62,0.622,0.625,0.628,0.632,0.635,0.638,0.641,0.644,0.647,0.65,0.653,0.657,0.66,0.663,0.666,0.667,0.669,0.672,0.674,0.676,0.679,0.681,0.684,0.687,0.69,0.692,0.694,0.697,0.699,0.702,0.704,0.707,0.71,0.713,0.716,0.719,0.722,0.724,0.726,0.726,0.726,0.727,0.728,0.73,0.731,0.731,0.732,0.732,0,0,0,3.573,3.573,3.573,3.573,3.552,3.573,3.573,3.573,3.573,3.552,3.532,3.532,3.512,3.492,3.492,3.492,3.472,3.472,3.492,3.492,3.512,3.512,3.512,3.532,3.552,0,0,0,0,0,0,0,0,0,0,0,0,0,0,0,0,0,0,0,0,0.79,0.788,0.785,0.78,0.775,0.768,0.762,0.754,0.748,0.74,0.736,0.733,0.732,0.732,0.732,0.732,0.732,0.732,0.732,0.733,0.733,0.734,0.734,0.733,0.734,0.734,0.735,0.736,0.737,0.737,0.739,0.74,0.74,0.742,0.744,0.745,0.748,0.749,0.751,0.753,0.756,0.758,0.759,0.76,0.76,0.762,0.762,0.762,0.763,0.762,0.763,0.763,0.764,0.764,0.764,0.765,0.767,0.77,0.772,0.775,0.778,0.782,0.787,0.792,0.796,0.8,0.807,0.811,0.817,0.824,0.829,0.835,0.841,0.845,0.848,0.85,0.852,0.856,0.857,0.858,0.86,0.86,0.862,0.864,0.869,0.873,0.877,0.88,0.886,0.891,0.895,0.898,0.9,0.9,0.897,0.892,0.886,0.879,0.87,0.861,0.851,0.844,0.838,0.834,0.832,0.828,0.826,0.824,0.822,0.818,0.817,0.815,0.814,0.813,0.812,0.811,0.81,0.81,0.809,0.809,0.809,0.809,0.809,0.809,0.81,0.811,0.812,0.813,0.814,0.815,0.816,0.817,0.819,0,0,2.119,2.119,2.112,2.112,2.105,2.097,2.097,2.09,2.083,2.076,2.069,2.062,2.055,2.049,2.035,2.022,2.015,2.002,1.989,1.982,1.97,1.97,1.97,1.97,1.982,1.995,2.008,2.022,2.035,2.049,2.062,2.069,2.069,2.076,2.076,2.076
0,0,0,0,0,0,0,0,0,0,0,0,0,0,0,0,0,0,0,0,0,0,0,0,0,0,0,0,0.818,0.816,0.815,0.814,0.813,0.811,0.81,0.81,0.809,0.809,0.809,0.81,0.811,0.81,0.811,0.811,0.812,0.813,0.814,0.815,0.815,0.816,0.817,0.819,0.822,0.824,0.827,0.832,0.835,0.841,0.85,0.867,0.888,0,0.941,0.972,1.001,1.019,1.023,1.024,1.026,1.026,1.028,1.026,1.024,1.026,1.028,1.028,1.029,1.031,1.035,1.038,1.04,1.043,1.045,1.047,1.049,1.049,1.051,1.051,1.051,1.051,1.051,1.051,1.049,1.051,1.049,1.049,1.047,1.047,1.047,1.047,1.045,1.045,1.045,1.045,1.047,1.049,1.052,1.056,1.058,1.061,1.065,1.069,1.074,1.078,1.082,1.086,1.09,1.095,1.099,1.103,1.107,1.111,1.115,1.117,1.119,1.119,1.119,1.119,1.119,0,0,0,0,0,0,0,0,0,0,0,0,0,0,0,0,0,0,0,0,0,0,0,0,0,0,0,0.445,0.446,0.446,0.447,0.447,0.448,0.449,0.449,0.45,0.451,0.451,0.452,0.452,0.453,0.453,0.454,0.454,0.455,0.455,0.456,0.457,0.458,0.459,0.46,0.46,0.461,0.462,0.462,0.462,0.463,0.463,0.463,0.464,0.465,0.465,0.466,0.466,0.467,0.468,0.469,0.47,0.471,0.472,0.473,0.473,0.475,0.475,0.476,0.477,0.478,0.478,0.479,0.48,0.481,0.482,0.483,0.484,0.485,0.485,0.486,0.487,0.487,0.488,0.489,0.489,0.489,0.49,0.49,0.49,0.49,0.49,0.49,0.49,0.489,0.489,0.488,0.488,0.487,0.487,0.487,0.487,0.486,0.486,0.486,0.487,0.487,0.487,0.487,0.488,0.489,0.489,0.49,0.49,0.491,0.492,0.492,0.493,0.494,0.494,0.495,0.496,0.496,0.496,0.496,0.499,0.501,0.503,0.504,0.506,0.508,0.51,0.511,0.512,0.513,0.515,0.516,0.517,0.517,0.518,0.519,0.519,0.519,0.52,0.52,0.521,0.521,0.522,0.523,0.524,0.526,0.528,0.53,0.532,0.533,0.535,0.536,0.538,0.539,0.54,0.541,0.542,0.543,0.544,0.546,0.548,0.55,0.552,0.554,0.555,0.557,0.558,0.56,0.56,0.561,0.561,0.561,0.562,0.562,0.561,0.561,0.56,0.56,0.559,0.558,0.558,0.557,0.556,0.555,0.554,0.554,0.553,0.553,0.552,0.552,0.553,0.553,0.554,0.555,0.556,0.557,0.559,0.56,0.56,0.562,0.562,0.563,0.565,0.565,0.566,0.569,0.57,0.572,0.575,0.577,0.579,0.581,0.582,0.584,0.585,0.586,0.586,0.588,0.589,0.59,0.591,0.593,0.595,0.597,0.599,0.601,0.604,0.607,0.609,0.612,0.615,0.618,0.62,0.623,0.626,0.629,0.632,0.636,0.639,0.642,0.644,0.648,0.651,0.654,0.658,0.661,0.664,0.667,0.669,0.671,0.672,0.675,0.677,0.68,0.682,0.685,0.688,0.691,0.694,0.697,0.699,0.702,0.704,0.706,0.709,0.711,0.714,0.717,0.72,0.722,0.724,0.726,0.726,0.726,0.726,0.728,0.73,0.731,0.732,0.732,0.733,0,0,0,3.594,3.594,3.594,3.594,3.573,3.594,3.594,3.594,3.573,3.573,3.552,3.552,3.532,3.512,3.492,3.492,3.472,3.472,3.492,3.492,3.492,3.512,3.512,3.512,0,0,0,0,0,0,0,0,0,0,0,0,0,0,0,0,0,0,0,0,0.785,0.785,0.783,0.78,0.776,0.771,0.765,0.759,0.752,0.747,0.741,0.737,0.734,0.732,0.732,0.732,0.732,0.733,0.734,0.734,0.735,0.735,0.735,0.735,0.735,0.736,0.736,0.737,0.737,0.738,0.74,0.74,0.742,0.743,0.745,0.746,0.748,0.75,0.75,0.753,0.756,0.757,0.759,0.761,0.762,0.762,0.762,0.763,0.764,0.764,0.764,0.764,0.765,0.765,0.766,0.766,0.768,0.769,0.771,0.774,0.777,0.78,0.784,0.789,0.793,0.797,0.801,0.807,0.812,0.818,0.825,0.832,0.837,0.843,0.847,0.85,0.852,0.855,0.857,0.858,0.86,0.861,0.862,0.864,0.867,0.87,0.875,0.879,0.883,0.887,0.893,0.896,0.9,0.902,0.901,0.898,0.892,0.887,0.879,0.869,0.86,0.85,0.843,0.838,0.834,0.832,0.828,0.826,0.824,0.822,0.819,0.817,0.815,0.814,0.813,0.812,0.811,0.811,0.81,0.81,0.81,0.81,0.81,0.81,0.81,0.812,0.814,0.814,0.815,0.815,0.816,0.817,0.818,0.819,0,0,2.119,2.112,2.112,2.112,2.105,2.105,2.097,2.097,2.09,2.09,2.083,2.076,2.069,2.062,2.049,2.042,2.028,2.015,2.008,1.995,1.989,1.982,1.982,1.982,1.995,2.002,2.022,2.035,2.049,2.055,2.062,2.069,2.076,2.076,2.076,2.076
0,0,0,0,0,0,0,0,0,0,0,0,0,0,0,0,0,0,0,0,0,0,0,0,0,0,0,0,0.818,0.816,0.815,0.814,0.813,0.812,0.81,0.809,0.809,0.808,0.809,0.81,0.81,0.811,0.811,0.812,0.812,0.813,0.814,0.815,0.816,0.816,0.817,0.819,0.822,0.825,0.827,0.832,0.836,0.841,0.854,0.87,0.891,0.915,0.94,0.971,0.999,1.024,1.024,1.029,1.031,1.031,1.031,1.031,1.029,1.029,1.029,1.031,1.031,1.033,1.035,1.036,1.038,1.042,1.045,1.047,1.047,1.049,1.049,1.049,1.051,1.051,1.051,1.049,1.049,1.049,1.051,1.049,1.049,1.049,1.051,1.049,1.049,1.049,1.049,1.049,1.049,1.052,1.056,1.058,1.061,1.065,1.069,1.073,1.078,1.082,1.086,1.09,1.094,1.097,1.103,1.107,1.109,1.113,1.115,1.119,1.119,1.119,1.119,1.119,1.119,0,0,0,0,0,0,0,0,0,0,0,0,0,0,0,0,0,0,0,0,0,0,0,0,0,0,0,0.445,0.446,0.447,0.447,0.448,0.448,0.449,0.45,0.45,0.451,0.451,0.452,0.452,0.453,0.453,0.454,0.454,0.455,0.456,0.456,0.457,0.458,0.459,0.46,0.461,0.461,0.462,0.462,0.463,0.463,0.463,0.464,0.464,0.465,0.465,0.466,0.467,0.468,0.469,0.47,0.471,0.472,0.473,0.473,0.474,0.475,0.476,0.476,0.477,0.478,0.479,0.48,0.481,0.482,0.483,0.484,0.484,0.485,0.486,0.487,0.487,0.488,0.488,0.489,0.489,0.49,0.49,0.49,0.491,0.491,0.491,0.491,0.49,0.49,0.489,0.489,0.489,0.488,0.488,0.487,0.487,0.487,0.487,0.487,0.487,0.487,0.488,0.489,0.489,0.49,0.49,0.491,0.492,0.493,0.494,0.494,0.495,0.496,0.496,0.496,0.497,0.498,0.498,0.499,0.5,0.503,0.505,0.506,0.508,0.51,0.512,0.513,0.514,0.516,0.516,0.518,0.518,0.519,0.519,0.52,0.521,0.521,0.522,0.523,0.523,0.523,0.524,0.526,0.527,0.528,0.53,0.532,0.533,0.535,0.536,0.538,0.538,0.539,0.54,0.541,0.542,0.543,0.545,0.546,0.548,0.551,0.553,0.555,0.556,0.558,0.559,0.56,0.561,0.562,0.562,0.562,0.562,0.562,0.562,0.561,0.561,0.56,0.559,0.559,0.558,0.557,0.556,0.556,0.555,0.554,0.554,0.553,0.553,0.553,0.554,0.554,0.555,0.556,0.557,0.558,0.56,0.561,0.562,0.563,0.564,0.565,0.566,0.567,0.568,0.57,0.571,0.574,0.576,0.578,0.58,0.582,0.584,0.585,0.586,0.587,0.588,0.589,0.59,0.591,0.593,0.594,0.597,0.598,0.601,0.603,0.605,0.608,0.611,0.613,0.616,0.619,0.622,0.625,0.627,0.63,0.634,0.636,0.64,0.642,0.645,0.648,0.652,0.655,0.659,0.662,0.665,0.668,0.669,0.672,0.673,0.675,0.678,0.681,0.683,0.686,0.689,0.692,0.695,0.698,0.702,0.703,0.706,0.708,0.71,0.713,0.715,0.718,0.72,0.722,0.724,0.726,0.726,0.726,0.727,0.728,0.731,0.731,0.732,0.732,0.734,0,0,0,3.636,3.636,3.636,3.636,3.615,3.636,3.615,3.615,3.594,3.573,3.573,3.573,3.532,3.512,3.512,3.492,3.472,3.492,3.492,3.492,3.492,3.492,3.512,0,0,0,0,0,0,0,0,0,0,0,0,0,0,0,0,0,0,0,0,0.78,0.781,0.78,0.778,0.775,0.771,0.767,0.762,0.756,0.75,0.745,0.74,0.737,0.735,0.733,0.733,0.733,0.734,0.734,0.735,0.736,0.737,0.737,0.737,0.737,0.737,0.738,0.738,0.739,0.74,0.74,0.741,0.742,0.744,0.746,0.747,0.749,0.749,0.751,0.753,0.755,0.757,0.759,0.761,0.762,0.763,0.763,0.764,0.765,0.765,0.766,0.765,0.766,0.767,0.767,0.768,0.769,0.77,0.772,0.774,0.776,0.779,0.783,0.787,0.791,0.795,0.798,0.802,0.808,0.814,0.821,0.827,0.834,0.84,0.845,0.849,0.852,0.855,0.856,0.858,0.86,0.862,0.862,0.864,0.866,0.868,0.873,0.877,0.882,0.886,0.889,0.895,0.898,0.901,0.902,0.901,0.897,0.892,0.886,0.878,0.867,0.857,0.849,0.843,0.838,0.834,0.832,0.828,0.826,0.824,0.822,0.819,0.817,0.815,0.814,0.813,0.813,0.812,0.811,0.811,0.811,0.811,0.811,0.811,0.811,0.812,0.814,0.815,0.815,0.816,0.816,0.817,0.818,0.818,0.818,0,0,2.112,2.112,2.112,2.112,2.105,2.105,2.105,2.105,2.105,2.097,2.097,2.09,2.083,2.076,2.069,2.062,2.049,2.035,2.028,2.022,2.008,2.002,2.002,2.002,2.008,2.022,2.035,2.049,2.055,2.069,2.069,2.076,2.083,2.083,2.083,2.083
0,0,0,0,0,0,0,0,0,0,0,0,0,0,0,0,0,0,0,0,0,0,0,0,0,0,0,0.821,0.818,0.816,0.815,0.813,0.813,0.81,0.809,0.808,0.807,0.807,0.808,0.809,0.81,0.81,0.811,0.811,0.812,0.813,0.814,0.815,0.816,0.816,0.818,0.821,0.823,0.825,0.828,0.833,0.837,0.843,0.856,0.872,0.889,0.912,0,0,0.998,1.024,1.028,1.031,1.033,1.035,1.035,1.035,1.033,1.031,1.031,1.031,1.031,1.033,1.035,1.036,1.038,1.04,1.042,1.043,1.045,1.047,1.047,1.047,1.049,1.049,1.049,1.049,1.049,1.049,1.049,1.049,1.051,1.051,1.051,1.051,1.051,1.051,1.052,1.052,1.052,1.054,1.058,1.061,1.065,1.069,1.073,1.076,1.082,1.086,1.09,1.094,1.097,1.101,1.105,1.109,1.113,1.115,1.117,1.119,1.119,1.119,1.119,1.117,1.119,1.117,1.117,0,0,0,0,0,0,0,0,0,0,0,0,0,0,0,0,0,0,0,0,0,0,0,0,0,0,0.447,0.448,0.448,0.449,0.449,0.45,0.45,0.451,0.451,0.452,0.452,0.452,0.453,0.453,0.454,0.454,0.455,0.456,0.456,0.457,0.458,0.459,0.46,0.461,0.462,0.462,0.463,0.463,0.463,0.463,0.464,0.465,0.465,0.466,0.467,0.468,0.469,0.469,0.471,0.472,0.472,0.473,0.474,0.475,0.475,0.476,0.477,0.478,0.479,0.479,0.481,0.482,0.482,0.483,0.484,0.485,0.485,0.486,0.487,0.487,0.488,0.489,0.489,0.49,0.49,0.491,0.491,0.492,0.492,0.492,0.492,0.491,0.491,0.49,0.49,0.489,0.489,0.489,0.488,0.488,0.488,0.488,0.488,0.488,0.488,0.489,0.489,0.49,0.49,0.491,0.492,0.493,0.494,0.494,0.496,0.496,0.497,0.498,0.498,0.499,0.499,0.5,0.501,0.503,0.504,0.506,0.508,0.51,0.512,0.513,0.515,0.516,0.517,0.518,0.519,0.52,0.52,0.521,0.522,0.523,0.523,0.523,0.525,0.525,0.526,0.527,0.528,0.53,0.531,0.533,0.533,0.535,0.537,0.538,0.538,0.539,0.54,0.541,0.541,0.542,0.543,0.545,0.547,0.549,0.551,0.553,0.555,0.557,0.558,0.56,0.561,0.562,0.562,0.562,0.563,0.563,0.563,0.563,0.562,0.562,0.561,0.56,0.559,0.558,0.558,0.557,0.556,0.555,0.555,0.554,0.554,0.554,0.554,0.555,0.555,0.556,0.557,0.558,0.559,0.561,0.562,0.563,0.564,0.565,0.566,0.567,0.568,0.57,0.571,0.573,0.575,0.577,0.579,0.581,0.583,0.585,0.586,0.588,0.589,0.59,0.591,0.592,0.593,0.594,0.597,0.598,0.6,0.603,0.605,0.607,0.61,0.613,0.616,0.618,0.621,0.624,0.626,0.63,0.632,0.635,0.638,0.641,0.644,0.646,0.65,0.652,0.656,0.66,0.663,0.666,0.669,0.671,0.672,0.674,0.676,0.678,0.681,0.684,0.687,0.691,0.694,0.698,0.701,0.703,0.706,0.708,0.71,0.712,0.715,0.716,0.719,0.721,0.723,0.724,0.726,0.726,0.727,0.728,0.73,0.732,0.732,0.732,0.733,0.735,0,0,3.658,3.658,3.658,3.658,3.658,3.636,3.636,3.636,3.636,3.615,3.594,3.594,3.573,3.552,3.532,3.512,3.512,3.492,3.492,3.492,3.492,3.492,3.492,3.512,0,0,0,0,0,0,0,0,0,0,0,0,0,0,0,0,0,0,0,0,0,0.78,0.779,0.776,0.774,0.769,0.764,0.76,0.754,0.749,0.743,0.74,0.736,0.735,0.734,0.734,0.735,0.735,0.736,0.737,0.737,0.739,0.739,0.739,0.74,0.739,0.74,0.74,0.74,0.741,0.742,0.743,0.745,0.746,0.748,0.749,0.75,0.751,0.753,0.755,0.756,0.759,0.761,0.762,0.762,0.764,0.765,0.765,0.766,0.766,0.767,0.767,0.768,0.769,0.769,0.77,0.771,0.773,0.775,0.777,0.78,0.783,0.786,0.79,0.794,0.797,0.8,0.804,0.81,0.816,0.823,0.829,0.836,0.842,0.848,0.851,0.854,0.856,0.858,0.86,0.862,0.863,0.864,0.866,0.868,0.87,0.875,0.879,0.883,0.888,0.892,0.897,0.9,0.902,0.902,0.901,0.896,0.891,0.884,0.875,0.866,0.855,0.848,0.843,0.838,0.835,0.832,0.829,0.826,0.824,0.822,0.819,0.817,0.815,0.814,0.814,0.813,0.812,0.811,0.811,0.811,0.811,0.812,0.812,0.813,0.814,0.815,0.817,0.818,0.817,0.817,0.818,0.819,0.819,0,0,0,2.105,2.105,2.105,2.112,2.112,2.112,2.112,2.112,2.112,2.112,2.112,2.105,2.105,2.097,2.09,2.076,2.069,2.055,2.049,2.042,2.035,2.028,2.028,2.028,2.035,2.035,2.049,2.062,2.069,2.076,2.083,2.083,2.09,2.09,2.09,2.09
0,0,0,0,0,0,0,0,0,0,0,0,0,0,0,0,0,0,0,0,0,0,0,0,0,0,0,0.819,0.817,0.815,0.814,0.813,0.812,0.81,0.807,0.805,0.804,0.805,0.805,0.808,0.808,0.809,0.81,0.811,0.812,0.812,0.813,0.815,0.815,0.816,0.817,0.819,0.822,0.825,0.828,0.833,0.837,0.843,0.857,0.875,0.892,0.915,0.938,0.968,0.998,1.026,1.031,1.035,1.036,1.036,1.036,1.036,1.035,1.033,1.031,1.031,1.033,1.033,1.033,1.035,1.036,1.038,1.042,1.042,1.043,1.045,1.045,1.047,1.047,1.049,1.049,1.049,1.049,1.049,1.051,1.051,1.051,1.051,1.052,1.052,1.052,1.052,1.054,1.054,1.056,1.058,1.061,1.065,1.069,1.071,1.076,1.08,1.084,1.088,1.092,1.095,1.099,1.105,1.107,1.111,1.113,1.117,1.119,1.121,1.119,1.119,1.117,1.117,1.117,1.117,1.115,1.111,0,0,0,0,0,0,0,0,0,0,0,0,0,0,0,0,0,0,0,0,0,0,0,0,0,0,0.449,0.449,0.45,0.45,0.45,0.451,0.451,0.452,0.452,0.452,0.453,0.453,0.453,0.454,0.454,0.455,0.456,0.457,0.458,0.459,0.459,0.46,0.461,0.462,0.462,0.463,0.463,0.463,0.464,0.464,0.465,0.466,0.467,0.467,0.468,0.469,0.471,0.471,0.472,0.473,0.474,0.475,0.475,0.476,0.476,0.477,0.478,0.479,0.48,0.481,0.482,0.483,0.484,0.485,0.485,0.486,0.487,0.487,0.488,0.489,0.489,0.49,0.49,0.491,0.492,0.492,0.492,0.493,0.493,0.493,0.492,0.492,0.491,0.491,0.49,0.49,0.489,0.489,0.489,0.489,0.489,0.489,0.489,0.489,0.489,0.49,0.491,0.492,0.492,0.493,0.494,0.495,0.496,0.497,0.498,0.498,0.499,0.499,0.5,0.5,0.501,0.503,0.504,0.506,0.508,0.51,0.511,0.513,0.515,0.516,0.517,0.518,0.519,0.519,0.52,0.521,0.522,0.522,0.523,0.523,0.524,0.525,0.526,0.527,0.528,0.529,0.531,0.532,0.533,0.535,0.536,0.537,0.539,0.539,0.539,0.54,0.541,0.541,0.543,0.544,0.546,0.547,0.549,0.552,0.554,0.556,0.557,0.559,0.56,0.561,0.562,0.563,0.563,0.563,0.564,0.563,0.563,0.563,0.562,0.562,0.561,0.56,0.559,0.558,0.558,0.557,0.556,0.556,0.555,0.555,0.555,0.555,0.555,0.556,0.557,0.558,0.559,0.56,0.562,0.563,0.564,0.565,0.566,0.567,0.568,0.569,0.57,0.572,0.573,0.575,0.577,0.579,0.581,0.584,0.586,0.588,0.589,0.59,0.591,0.593,0.594,0.595,0.596,0.598,0.6,0.602,0.604,0.607,0.609,0.612,0.615,0.617,0.62,0.623,0.626,0.629,0.632,0.634,0.637,0.64,0.642,0.644,0.648,0.65,0.654,0.657,0.661,0.664,0.667,0.67,0.672,0.673,0.675,0.677,0.679,0.682,0.685,0.688,0.692,0.696,0.699,0.703,0.706,0.709,0.71,0.713,0.715,0.716,0.718,0.72,0.722,0.724,0.726,0.727,0.728,0.729,0.73,0.732,0.733,0.733,0.734,0.735,0.736,0,0,3.68,3.68,3.68,3.658,3.68,3.636,3.658,3.636,3.636,3.615,3.615,3.594,3.573,3.573,3.552,3.532,3.512,3.512,3.512,3.512,3.512,3.512,3.512,3.512,3.512,0,0,0,0,0,0,0,0,0,0,0,0,0,0,0,0,0,0,0,0,0,0.778,0.775,0.773,0.768,0.762,0.758,0.751,0.748,0.742,0.739,0.737,0.735,0.735,0.736,0.736,0.736,0.737,0.738,0.739,0.74,0.74,0.74,0.741,0.74,0.74,0.742,0.742,0.743,0.744,0.744,0.747,0.748,0.749,0.75,0.751,0.753,0.755,0.756,0.758,0.76,0.762,0.762,0.764,0.765,0.766,0.766,0.767,0.768,0.768,0.768,0.77,0.77,0.771,0.773,0.774,0.776,0.778,0.78,0.783,0.786,0.789,0.793,0.796,0.799,0.802,0.807,0.812,0.819,0,0.833,0.838,0.845,0.851,0.854,0.856,0.858,0.86,0.861,0.863,0.864,0.866,0.867,0.869,0.872,0.877,0.882,0.886,0.889,0.893,0.898,0.902,0.904,0.904,0.901,0.896,0.889,0.883,0.874,0.864,0.855,0.848,0.843,0.838,0.835,0.833,0.829,0.827,0.824,0.822,0.819,0.817,0.816,0.815,0.814,0.814,0.813,0.812,0.812,0.812,0.812,0.813,0.813,0.814,0.816,0.817,0.819,0.819,0.819,0.819,0.821,0.822,0,0,0,0,2.097,2.105,2.112,2.112,2.112,2.112,2.119,2.127,2.127,2.127,2.127,2.127,2.119,2.112,2.105,2.097,2.097,2.083,2.076,2.069,2.055,2.055,2.049,2.055,2.055,2.062,2.069,2.076,2.083,2.09,2.097,2.097,2.097,2.097,2.097,2.09
0,0,0,0,0,0,0,0,0,0,0,0,0,0,0,0,0,0,0,0,0,0,0,0,0,0,0,0,0,0.814,0.812,0.811,0.81,0.808,0.805,0.805,0.804,0.804,0.805,0.807,0.808,0.809,0.81,0.811,0.811,0.812,0.813,0.814,0.815,0.816,0.817,0.819,0.822,0.824,0.827,0.832,0.836,0.843,0.858,0.877,0.895,0,0.938,0.968,0.998,1.029,1.033,1.035,1.038,1.036,1.038,1.038,1.036,1.033,1.033,1.033,1.033,1.033,1.035,1.035,1.036,1.038,1.04,1.042,1.043,1.043,1.045,1.045,1.045,1.047,1.047,1.047,1.049,1.049,1.051,1.051,1.051,1.052,1.054,1.054,1.054,1.056,1.058,1.058,1.06,1.061,1.065,1.067,1.071,1.074,1.078,1.082,1.086,1.09,1.094,1.097,1.101,1.105,1.107,1.111,1.115,1.119,1.121,1.121,1.121,1.119,1.119,1.117,1.119,1.115,1.113,1.111,0,0,0,0,0,0,0,0,0,0,0,0,0,0,0,0,0,0,0,0,0,0,0,0,0,0,0,0.451,0.451,0.451,0.452,0.452,0.452,0.452,0.453,0.453,0.453,0.453,0.454,0.454,0.455,0.455,0.456,0.457,0.458,0.459,0.46,0.461,0.461,0.462,0.462,0.463,0.463,0.464,0.464,0.465,0.466,0.466,0.467,0.468,0.469,0.47,0.471,0.472,0.473,0.473,0.474,0.475,0.475,0.476,0.477,0.478,0.479,0.479,0.481,0.481,0.482,0.484,0.484,0.485,0.486,0.486,0.487,0.488,0.489,0.489,0.49,0.49,0.491,0.492,0.493,0.493,0.494,0.494,0.494,0.494,0.494,0.493,0.492,0.492,0.492,0.491,0.49,0.49,0.49,0.49,0.49,0.489,0.49,0.49,0.49,0.491,0.491,0.492,0.493,0.494,0.495,0.496,0.497,0.498,0.498,0.499,0.499,0.5,0.5,0.501,0.503,0.504,0.505,0.507,0.509,0.511,0.513,0.515,0.516,0.517,0.518,0.519,0.519,0.52,0.521,0.522,0.523,0.523,0.523,0.524,0.525,0.526,0.527,0.528,0.529,0.531,0.532,0.533,0.535,0.536,0.537,0.538,0.54,0.54,0.541,0.541,0.541,0.542,0.543,0.544,0.546,0.548,0.55,0.552,0.554,0.556,0.558,0.56,0.561,0.562,0.563,0.563,0.564,0.564,0.564,0.564,0.564,0.564,0.563,0.562,0.561,0.561,0.56,0.559,0.558,0.557,0.557,0.556,0.556,0.556,0.556,0.556,0.556,0.557,0.558,0.559,0.56,0.562,0.563,0.564,0.565,0.566,0.567,0.569,0.569,0.57,0.571,0.573,0.574,0.576,0.578,0.58,0.583,0.585,0.587,0.589,0.591,0.592,0.593,0.595,0.596,0.597,0.598,0.6,0.602,0.604,0.606,0.608,0.611,0.613,0.616,0.619,0.621,0.625,0.628,0.631,0.634,0.636,0.639,0.642,0.644,0.646,0.649,0.652,0.654,0.658,0.662,0.664,0.667,0.67,0.672,0.673,0.675,0.677,0.679,0.683,0.686,0.69,0.693,0.698,0.702,0.706,0.709,0.71,0.713,0.715,0.716,0.719,0.72,0.721,0.724,0.726,0.727,0.728,0.73,0.731,0.732,0.734,0.735,0.736,0.736,0.736,0.737,0,0,3.702,3.702,3.702,3.68,3.68,3.658,3.658,3.658,3.636,3.636,3.615,3.594,3.594,3.573,3.573,3.552,3.552,3.532,3.532,3.532,3.532,3.532,3.532,3.532,3.532,3.532,0,0,0,0,0,0,0,0,0,0,0,0,0,0,0,0,0,0,0,0,0.777,0.775,0.772,0.765,0.761,0.755,0.749,0.746,0.741,0.739,0.737,0.736,0.736,0.737,0.737,0.738,0.739,0.74,0.74,0.741,0.742,0.742,0.742,0.742,0.743,0.743,0.744,0.745,0.746,0.747,0.749,0.749,0.751,0.752,0.753,0.755,0.756,0.758,0.76,0.762,0.762,0.763,0.764,0.766,0.767,0.767,0.768,0.769,0.77,0.77,0.771,0.772,0.774,0.775,0.777,0.779,0.781,0.783,0.786,0.789,0.792,0.796,0.799,0.802,0.805,0.809,0.815,0,0,0,0.842,0.848,0.854,0.856,0.857,0.861,0.861,0.863,0.864,0.866,0.867,0.868,0.87,0.873,0.879,0.883,0.887,0.892,0.896,0.901,0.904,0.905,0.905,0.902,0.896,0.889,0,0.874,0.863,0.854,0.847,0.843,0.84,0.836,0.833,0.83,0.827,0.825,0.823,0.821,0.817,0.816,0.815,0.815,0.814,0.814,0.813,0.813,0.813,0.813,0.814,0.814,0.816,0.817,0.819,0.821,0.821,0.821,0.822,0.823,0,0,0,0,0,0,2.112,2.112,2.119,2.119,2.127,2.134,2.134,2.141,2.141,2.141,2.141,2.141,2.134,2.134,2.127,2.119,2.112,2.097,2.09,2.083,2.083,2.076,2.076,2.076,2.076,2.083,2.097,2.097,2.097,2.105,2.105,2.105,2.105,2.097,2.097
0,0,0,0,0,0,0,0,0,0,0,0,0,0,0,0,0,0,0,0,0,0,0,0,0,0,0,0.817,0.815,0.813,0.811,0.81,0.809,0.807,0.804,0.803,0.803,0.803,0.804,0.805,0.805,0.808,0.808,0.81,0.811,0.811,0.812,0.813,0.814,0.815,0.816,0.818,0.821,0.823,0.826,0.83,0.835,0.843,0.858,0.878,0.897,0.917,0.943,0.971,1.001,1.031,1.035,1.038,1.04,1.04,1.04,1.038,1.036,1.035,1.033,1.033,1.033,1.035,1.035,1.035,1.036,1.038,1.04,1.042,1.042,1.042,1.043,1.043,1.045,1.045,1.047,1.047,1.049,1.051,1.051,1.052,1.054,1.054,1.056,1.058,1.06,1.06,1.061,1.061,1.063,1.065,1.069,1.073,1.074,1.078,1.082,1.084,1.088,1.092,1.094,1.097,1.103,1.107,1.111,1.113,1.117,1.121,1.124,1.124,1.124,1.121,1.119,1.117,1.117,1.115,1.113,1.111,1.107,0,0,0,0,0,0,0,0,0,0,0,0,0,0,0,0,0,0,0,0,0,0,0,0,0,0,0.453,0.453,0.453,0.453,0.453,0.453,0.453,0.453,0.453,0.453,0.454,0.454,0.454,0.455,0.456,0.457,0.457,0.458,0.459,0.46,0.461,0.462,0.462,0.463,0.463,0.464,0.464,0.465,0.466,0.466,0.467,0.468,0.469,0.47,0.471,0.472,0.473,0.473,0.474,0.475,0.475,0.476,0.476,0.477,0.478,0.479,0.48,0.481,0.482,0.483,0.484,0.484,0.485,0.486,0.487,0.487,0.488,0.489,0.49,0.49,0.491,0.492,0.493,0.494,0.494,0.495,0.495,0.495,0.495,0.495,0.494,0.494,0.493,0.492,0.492,0.492,0.491,0.49,0.49,0.49,0.49,0.49,0.49,0.491,0.491,0.492,0.493,0.494,0.495,0.496,0.497,0.497,0.498,0.499,0.5,0.5,0.5,0.501,0.502,0.503,0.505,0.506,0.508,0.51,0.512,0.514,0.516,0.517,0.518,0.519,0.52,0.521,0.521,0.522,0.523,0.523,0.524,0.525,0.525,0.526,0.527,0.528,0.529,0.531,0.532,0.533,0.535,0.537,0.538,0.539,0.54,0.541,0.541,0.542,0.542,0.543,0.544,0.545,0.546,0.547,0.549,0.551,0.553,0.555,0.557,0.559,0.56,0.562,0.563,0.564,0.564,0.565,0.565,0.565,0.565,0.565,0.564,0.564,0.563,0.562,0.561,0.561,0.56,0.559,0.558,0.558,0.557,0.557,0.557,0.557,0.557,0.557,0.558,0.559,0.56,0.562,0.563,0.564,0.566,0.567,0.568,0.569,0.57,0.571,0.572,0.573,0.574,0.575,0.577,0.579,0.581,0.584,0.586,0.589,0.591,0.592,0.594,0.595,0.597,0.598,0.599,0.601,0.603,0.604,0.606,0.608,0.61,0.613,0.615,0.618,0.621,0.623,0.627,0.63,0.633,0.636,0.638,0.641,0.644,0.646,0.648,0.65,0.653,0.656,0.659,0.662,0.665,0.667,0.67,0.672,0.674,0.674,0.676,0.679,0.682,0.686,0.69,0.694,0.698,0.703,0.707,0.71,0.713,0.715,0.717,0.718,0.72,0.721,0.723,0.726,0.727,0.728,0.731,0.732,0.732,0.734,0.736,0.738,0.738,0.738,0.739,0.74,0.74,0,3.725,3.725,3.702,3.702,3.702,3.68,3.68,3.68,3.658,3.658,3.636,3.615,3.615,3.594,3.594,3.573,3.573,3.552,3.552,3.552,3.552,3.552,3.552,3.552,3.552,3.552,0,0,0,0,0,0,0,0,0,0,0,0,0,0,0,0,0,0,0,0,0,0.772,0.77,0.762,0.757,0.751,0,0.743,0.74,0.738,0.737,0.737,0.737,0.738,0.738,0.74,0.74,0.741,0.741,0.742,0.743,0.744,0.744,0.744,0.744,0.745,0.746,0.746,0.748,0.749,0.75,0.751,0.752,0.754,0.755,0.756,0.758,0.759,0.761,0.762,0.763,0.764,0.765,0.766,0.767,0.768,0.769,0.769,0.77,0.772,0.772,0.773,0.775,0.777,0.779,0.782,0.784,0.786,0.79,0.793,0.796,0.799,0.802,0.805,0.809,0.812,0.818,0,0,0,0.844,0.85,0.855,0.857,0.86,0.861,0.863,0.864,0.866,0.867,0.868,0.869,0.872,0.875,0.88,0.884,0.889,0.893,0.897,0.902,0.905,0.905,0.906,0.902,0.897,0.891,0,0.874,0.863,0.854,0.847,0.843,0.84,0.836,0.833,0.83,0.828,0.825,0.823,0.821,0.818,0.817,0.816,0.816,0.814,0.814,0.814,0.814,0.814,0.815,0.815,0.815,0.817,0.818,0.821,0.822,0.822,0.822,0.823,0.823,0,0,0,0,0,0,2.112,2.119,2.127,2.134,2.141,2.149,2.149,2.156,2.164,2.164,2.164,2.156,2.156,2.156,2.149,2.141,2.134,2.127,2.119,2.112,2.105,2.097,2.097,2.097,2.097,2.105,2.112,2.112,2.112,2.112,2.112,2.112,2.112,2.105,2.097
0,0,0,0,0,0,0,0,0,0,0,0,0,0,0,0,0,0,0,0,0,0,0,0,0,0,0,0,0,0.812,0.811,0.809,0.807,0.805,0.803,0.802,0.801,0.801,0.802,0.803,0.804,0.807,0.808,0.808,0.809,0.81,0.811,0.812,0.813,0.813,0.815,0.816,0.818,0.821,0.825,0.828,0.833,0.843,0.858,0.88,0.9,0.923,0.947,0.975,1.004,1.033,1.036,1.04,1.04,1.04,1.04,1.04,1.036,1.035,1.035,1.033,1.033,1.033,1.035,1.033,1.035,1.036,1.04,1.04,1.04,1.04,1.042,1.043,1.043,1.045,1.045,1.047,1.049,1.051,1.052,1.054,1.056,1.058,1.06,1.061,1.063,1.065,1.067,1.067,1.067,1.071,1.074,1.076,1.078,1.08,1.084,1.086,1.09,1.092,1.095,1.099,1.103,1.107,1.111,1.115,1.119,1.124,1.126,1.126,1.124,1.121,1.119,1.117,1.117,1.115,1.111,1.109,0,0,0,0,0,0,0,0,0,0,0,0,0,0,0,0,0,0,0,0,0,0,0,0,0,0,0.455,0.455,0.455,0.454,0.454,0.454,0.454,0.454,0.454,0.454,0.454,0.454,0.454,0.455,0.455,0.456,0.457,0.458,0.459,0.459,0.46,0.461,0.462,0.463,0.463,0.464,0.465,0.465,0.466,0.466,0.467,0.468,0.469,0.47,0.471,0.472,0.472,0.473,0.474,0.475,0.475,0.476,0.476,0.477,0.478,0.478,0.479,0.48,0.481,0.482,0.483,0.484,0.484,0.485,0.486,0.487,0.488,0.489,0.489,0.49,0.491,0.492,0.493,0.494,0.495,0.495,0.496,0.496,0.496,0.496,0.496,0.495,0.495,0.494,0.494,0.493,0.492,0.492,0.491,0.491,0.491,0.491,0.491,0.491,0.491,0.492,0.492,0.493,0.494,0.495,0.496,0.497,0.498,0.498,0.499,0.5,0.5,0.5,0.501,0.502,0.504,0.505,0.507,0.509,0.511,0.513,0.515,0.516,0.518,0.519,0.52,0.521,0.522,0.522,0.523,0.523,0.524,0.524,0.525,0.526,0.527,0.528,0.529,0.53,0.532,0.533,0.535,0.536,0.538,0.539,0.54,0.541,0.542,0.542,0.543,0.543,0.544,0.545,0.546,0.547,0.548,0.55,0.552,0.554,0.556,0.558,0.559,0.561,0.562,0.563,0.564,0.565,0.565,0.566,0.566,0.566,0.566,0.565,0.565,0.564,0.563,0.562,0.561,0.561,0.56,0.559,0.558,0.558,0.557,0.557,0.557,0.558,0.559,0.559,0.561,0.562,0.563,0.564,0.566,0.567,0.569,0.57,0.571,0.571,0.572,0.573,0.574,0.575,0.577,0.578,0.58,0.583,0.586,0.588,0.59,0.592,0.594,0.596,0.597,0.599,0.6,0.602,0.603,0.605,0.606,0.608,0.61,0.612,0.614,0.616,0.62,0.622,0.625,0.628,0.632,0.635,0.638,0.64,0.643,0.645,0.647,0.649,0.652,0.654,0.657,0.659,0.662,0.665,0.668,0.67,0.672,0.674,0.674,0.676,0.68,0.684,0.687,0.691,0.695,0.7,0.704,0.709,0.713,0.715,0.717,0.719,0.72,0.721,0.723,0.725,0.726,0.728,0.731,0.732,0.733,0.735,0.737,0.739,0.74,0.74,0.74,0.74,0.74,0.741,0,3.747,3.725,3.725,3.725,3.702,3.702,3.702,3.702,3.68,3.658,3.658,3.636,3.636,3.615,3.615,3.594,3.594,3.573,3.573,3.573,3.573,3.573,3.573,3.573,3.573,3.573,3.573,0,0,0,0,0,0,0,0,0,0,0,0,0,0,0,0,0,0,0,0,0,0,0.76,0.752,0.749,0,0.742,0.74,0.738,0.737,0.737,0.737,0.738,0.739,0.74,0.74,0.741,0.742,0.743,0.744,0.745,0.745,0.745,0.745,0.746,0.747,0.748,0.749,0.75,0.751,0.752,0.754,0.755,0.757,0.758,0.759,0.76,0.762,0.762,0.763,0.764,0.765,0.767,0.768,0.769,0.769,0.771,0.771,0.772,0.773,0.775,0.777,0.779,0.781,0.784,0.786,0.789,0.792,0.796,0.799,0.802,0.805,0.808,0.812,0.815,0.821,0.827,0.833,0.84,0.847,0.852,0.857,0.858,0.861,0.862,0.863,0.866,0.867,0.867,0.869,0.872,0.873,0.877,0.882,0.887,0.891,0.895,0.9,0.905,0.908,0.908,0.908,0.904,0.897,0.892,0.884,0.875,0.864,0.856,0.849,0.844,0.841,0.837,0.834,0.83,0.828,0.826,0.823,0.821,0.819,0.817,0.816,0.816,0.815,0.814,0.814,0.814,0.815,0.815,0.816,0.817,0.818,0.819,0.822,0.823,0.823,0.823,0.823,0.824,0,0,0,0,0,2.119,2.127,2.127,2.134,2.141,2.149,2.156,2.164,2.172,2.172,2.179,2.179,2.172,2.172,2.172,2.164,2.164,2.156,2.141,2.134,2.127,2.119,2.119,2.112,2.112,2.105,2.112,2.119,2.119,2.119,2.119,2.119,2.119,2.112,2.112,2.105
0,0,0,0,0,0,0,0,0,0,0,0,0,0,0,0,0,0,0,0,0,0,0,0,0,0,0,0,0,0.811,0.809,0.807,0.805,0.804,0.803,0.802,0.801,0.801,0.802,0.803,0.803,0.805,0.807,0.808,0.808,0.809,0.809,0.81,0.811,0.812,0.813,0.815,0.816,0.819,0.823,0.827,0.832,0.837,0.858,0.88,0.901,0.924,0.948,0.975,1.004,1.033,1.036,1.038,1.038,1.04,1.038,1.038,1.036,1.033,1.033,1.033,1.033,1.033,1.033,1.033,1.035,1.035,1.038,1.038,1.038,1.04,1.04,1.042,1.042,1.043,1.045,1.047,1.047,1.051,1.052,1.054,1.058,1.06,1.061,1.065,1.067,1.069,1.071,1.073,1.073,1.074,1.078,1.08,1.082,1.084,1.086,1.088,1.09,1.092,1.097,1.099,1.105,1.109,1.111,1.115,1.119,1.124,1.128,1.126,1.126,1.121,1.119,1.117,1.117,1.115,1.111,1.107,0,0,0,0,0,0,0,0,0,0,0,0,0,0,0,0,0,0,0,0,0,0,0,0,0,0,0.457,0.457,0.456,0.456,0.456,0.455,0.455,0.455,0.455,0.455,0.455,0.455,0.455,0.456,0.456,0.457,0.458,0.459,0.459,0.46,0.461,0.462,0.462,0.463,0.464,0.464,0.465,0.466,0.466,0.467,0.468,0.469,0.47,0.471,0.472,0.472,0.473,0.474,0.474,0.475,0.475,0.476,0.476,0.477,0.478,0.478,0.479,0.481,0.481,0.482,0.483,0.484,0.485,0.485,0.486,0.487,0.488,0.489,0.49,0.491,0.492,0.493,0.494,0.495,0.496,0.497,0.497,0.498,0.498,0.498,0.497,0.496,0.496,0.495,0.494,0.494,0.493,0.492,0.492,0.492,0.491,0.491,0.491,0.491,0.492,0.492,0.493,0.494,0.495,0.496,0.496,0.497,0.498,0.499,0.499,0.5,0.5,0.501,0.501,0.503,0.504,0.505,0.507,0.509,0.511,0.513,0.515,0.517,0.519,0.519,0.52,0.521,0.522,0.523,0.523,0.524,0.524,0.525,0.526,0.526,0.528,0.528,0.529,0.531,0.533,0.534,0.536,0.537,0.539,0.54,0.541,0.541,0.542,0.543,0.544,0.544,0.545,0.545,0.547,0.548,0.549,0.551,0.553,0.554,0.556,0.558,0.56,0.561,0.563,0.564,0.565,0.566,0.566,0.566,0.567,0.567,0.566,0.566,0.565,0.565,0.564,0.563,0.562,0.561,0.561,0.56,0.559,0.559,0.558,0.558,0.558,0.559,0.56,0.561,0.562,0.563,0.564,0.566,0.567,0.569,0.57,0.571,0.572,0.573,0.574,0.574,0.575,0.577,0.578,0.58,0.583,0.585,0.588,0.59,0.593,0.594,0.597,0.598,0.6,0.601,0.603,0.604,0.605,0.606,0.608,0.61,0.611,0.613,0.615,0.618,0.62,0.623,0.626,0.63,0.633,0.636,0.639,0.642,0.644,0.646,0.648,0.65,0.652,0.655,0.657,0.66,0.663,0.666,0.669,0.671,0.672,0.674,0.675,0.678,0.681,0.684,0.688,0.692,0.697,0.702,0.706,0.71,0.715,0.716,0.718,0.72,0.721,0.723,0.724,0.726,0.728,0.73,0.732,0.734,0.735,0.738,0.74,0.741,0.742,0.741,0.741,0.742,0.742,0,0,3.747,3.725,3.725,3.725,3.725,3.725,3.725,3.702,3.68,3.68,3.658,3.658,3.658,3.636,3.636,3.615,3.615,3.615,3.594,3.594,3.594,3.573,3.573,3.573,3.573,3.573,3.573,3.552,3.552,0,0,0,0,0,0,0,0,0,0,0,0,0,0,0,0,0,0,0,0,0,0,0,0,0.74,0.739,0.738,0.738,0.738,0.738,0.739,0.74,0.74,0.741,0.742,0.743,0.744,0.745,0.745,0.746,0.745,0.746,0.747,0.748,0.748,0.749,0.749,0.752,0.753,0.755,0.756,0.757,0.759,0.76,0.761,0.762,0.762,0.764,0.764,0.765,0.767,0.768,0.769,0.77,0.771,0.772,0.773,0.775,0.776,0.778,0.781,0.784,0.786,0.789,0.792,0.796,0.799,0.802,0.805,0.808,0.811,0.814,0.818,0.824,0.829,0.836,0.842,0.849,0.854,0.858,0.86,0.862,0.863,0.864,0.866,0.867,0.868,0.87,0.873,0.875,0.879,0.883,0.888,0.893,0.898,0.902,0.908,0.909,0.909,0.909,0.905,0.9,0.893,0,0.878,0.868,0.858,0.851,0.847,0.842,0.837,0.835,0.832,0.828,0.826,0.823,0.821,0.819,0.818,0.816,0.816,0.815,0.815,0.815,0.815,0.815,0.816,0.817,0.818,0.818,0.821,0.823,0.823,0.823,0.823,0.824,0.825,0.826,0,0,0,0,2.134,2.141,2.149,2.149,2.156,2.164,2.172,2.179,2.187,2.195,2.195,2.195,2.195,2.195,2.187,2.187,2.179,2.172,2.156,2.149,2.141,2.134,2.127,2.127,2.119,2.119,2.119,2.127,2.127,2.127,2.127,2.127,2.119,2.119,2.112,2.105
0,0,0,0,0,0,0,0,0,0,0,0,0,0,0,0,0,0,0,0,0,0,0,0,0,0,0,0,0,0.81,0.808,0.807,0.805,0.804,0.803,0.802,0.801,0.801,0.802,0.802,0.803,0.804,0.805,0.805,0.807,0.808,0.809,0.809,0.81,0.811,0.812,0.814,0.815,0.818,0.822,0.826,0.83,0.836,0.857,0.879,0.901,0.926,0.95,0.98,1.007,1.031,0,1.036,1.038,1.038,1.036,1.036,1.035,1.033,1.031,1.031,1.031,1.031,1.031,1.033,1.033,1.035,1.036,1.038,1.036,1.038,1.038,1.04,1.042,1.043,1.045,1.047,1.049,1.051,1.054,1.056,1.061,1.063,1.065,1.069,1.071,1.071,1.074,1.076,1.076,1.078,1.08,1.082,1.084,1.088,1.088,1.09,1.092,1.094,1.097,1.101,1.105,1.111,1.113,1.117,1.121,1.126,1.13,1.128,1.126,1.124,1.119,1.117,1.115,1.115,1.113,0,0,0,0,0,0,0,0,0,0,0,0,0,0,0,0,0,0,0,0,0,0,0,0,0,0.459,0.459,0.458,0.458,0.458,0.457,0.457,0.457,0.457,0.456,0.456,0.456,0.456,0.456,0.456,0.457,0.457,0.458,0.459,0.459,0.46,0.461,0.461,0.462,0.463,0.463,0.464,0.465,0.466,0.466,0.467,0.468,0.469,0.469,0.471,0.472,0.472,0.473,0.473,0.474,0.475,0.475,0.476,0.476,0.477,0.478,0.478,0.479,0.48,0.481,0.482,0.482,0.483,0.484,0.485,0.485,0.486,0.487,0.488,0.489,0.49,0.492,0.493,0.494,0.496,0.497,0.498,0.498,0.499,0.499,0.499,0.499,0.498,0.498,0.497,0.496,0.495,0.495,0.494,0.493,0.493,0.492,0.492,0.492,0.492,0.492,0.492,0.492,0.493,0.494,0.495,0.496,0.497,0.498,0.498,0.498,0.499,0.5,0.5,0.5,0.501,0.502,0.503,0.505,0.507,0.509,0.511,0.513,0.516,0.517,0.519,0.52,0.521,0.522,0.523,0.523,0.524,0.524,0.525,0.525,0.526,0.527,0.528,0.529,0.53,0.532,0.533,0.535,0.536,0.538,0.539,0.541,0.541,0.542,0.543,0.543,0.544,0.545,0.546,0.546,0.548,0.549,0.55,0.552,0.553,0.555,0.557,0.559,0.56,0.562,0.563,0.564,0.566,0.566,0.567,0.567,0.567,0.567,0.567,0.567,0.566,0.565,0.565,0.564,0.563,0.562,0.562,0.561,0.56,0.56,0.56,0.559,0.56,0.56,0.561,0.562,0.563,0.565,0.566,0.567,0.569,0.571,0.572,0.572,0.573,0.574,0.575,0.576,0.577,0.578,0.58,0.582,0.585,0.588,0.59,0.593,0.594,0.597,0.599,0.601,0.602,0.604,0.605,0.606,0.607,0.608,0.61,0.611,0.612,0.614,0.616,0.618,0.621,0.624,0.627,0.631,0.634,0.638,0.64,0.643,0.645,0.647,0.649,0.651,0.653,0.656,0.659,0.661,0.664,0.667,0.669,0.672,0.674,0.675,0.676,0.679,0.682,0.686,0.69,0.694,0.698,0.703,0.707,0.712,0.715,0.718,0.72,0.721,0.722,0.724,0.725,0.727,0.73,0.732,0.733,0.735,0.738,0.74,0.741,0.742,0.743,0.743,0.743,0.743,0.743,0.743,0,3.747,3.725,3.725,3.725,3.725,3.725,3.725,3.702,3.702,3.68,3.68,3.68,3.658,3.658,3.636,3.636,3.636,3.615,3.615,3.594,3.594,3.573,3.573,3.573,3.573,3.573,3.573,3.552,3.552,0,0,0,0,0,0,0,0,0,0,0,0,0,0,0,0,0,0,0,0,0,0,0,0,0.74,0.738,0.738,0.738,0.738,0.739,0.74,0.74,0.741,0.742,0.742,0.744,0.745,0.745,0.746,0.746,0.746,0.746,0.747,0.748,0.749,0.749,0.75,0.752,0.753,0.755,0.757,0.758,0.76,0.761,0.762,0.762,0.763,0.764,0.765,0.766,0.767,0.768,0.769,0.77,0.772,0.773,0.774,0.776,0.778,0.78,0.783,0.786,0.789,0.792,0.795,0.799,0.802,0.805,0.809,0.811,0.813,0.817,0.822,0.826,0.832,0.837,0.843,0.85,0.855,0.858,0.861,0.863,0.864,0.866,0.867,0.868,0.869,0.872,0.874,0.878,0.882,0.886,0.891,0.896,0.9,0.905,0.909,0.91,0.91,0.91,0.908,0.902,0.897,0,0.882,0.872,0.864,0.857,0.851,0.844,0.84,0.835,0.832,0.828,0.826,0.823,0.821,0.818,0.817,0.816,0.817,0.815,0.816,0.815,0.816,0.816,0.816,0.818,0.818,0.821,0.822,0.824,0.824,0.824,0.824,0.826,0.826,0.827,0,0,0,2.156,2.164,2.164,2.172,2.172,2.179,2.187,2.187,2.195,2.203,2.211,2.211,2.211,2.211,2.211,2.211,2.203,2.195,2.187,2.179,2.164,2.156,2.141,2.141,2.134,2.127,2.127,2.127,2.127,2.127,2.127,2.127,2.127,2.127,2.119,2.112,2.112
0,0,0,0,0,0,0,0,0,0,0,0,0,0,0,0,0,0,0,0,0,0,0,0,0,0,0,0,0,0.81,0.809,0.808,0.807,0.805,0.804,0.802,0.802,0.801,0.802,0.802,0.803,0.805,0.805,0.805,0.807,0.808,0.808,0.809,0.81,0.812,0.813,0.814,0.816,0.818,0.822,0.826,0.829,0.837,0.856,0.874,0.901,0.926,0.951,0.994,1.014,1.031,1.033,1.035,1.036,1.035,1.035,1.033,1.033,1.029,1.029,1.029,1.029,1.029,1.031,1.031,1.031,1.033,1.036,1.036,1.036,1.038,1.038,1.038,1.04,1.042,1.045,1.047,1.049,1.052,1.054,1.058,1.061,1.065,1.067,1.071,1.073,1.074,1.076,1.078,1.08,1.08,1.084,1.086,1.088,1.09,1.09,1.092,1.094,1.095,1.099,1.103,1.107,1.113,1.115,1.119,1.124,1.128,1.13,1.132,1.128,1.126,1.121,1.119,1.119,1.117,0,0,0,0,0,0,0,0,0,0,0,0,0,0,0,0,0,0,0,0,0,0,0,0,0,0,0.46,0.46,0.459,0.459,0.459,0.459,0.458,0.458,0.458,0.457,0.457,0.457,0.457,0.457,0.458,0.458,0.458,0.459,0.459,0.46,0.461,0.461,0.462,0.462,0.463,0.464,0.464,0.465,0.466,0.467,0.468,0.469,0.469,0.47,0.471,0.472,0.473,0.473,0.474,0.475,0.475,0.476,0.476,0.477,0.477,0.478,0.479,0.479,0.48,0.481,0.482,0.482,0.484,0.484,0.485,0.485,0.487,0.487,0.489,0.489,0.491,0.492,0.494,0.496,0.497,0.498,0.499,0.5,0.5,0.5,0.5,0.5,0.5,0.499,0.498,0.497,0.496,0.496,0.495,0.494,0.493,0.493,0.492,0.492,0.492,0.492,0.492,0.493,0.494,0.494,0.495,0.496,0.497,0.498,0.498,0.498,0.499,0.499,0.5,0.5,0.501,0.502,0.503,0.505,0.507,0.509,0.511,0.513,0.516,0.517,0.519,0.52,0.521,0.522,0.523,0.523,0.524,0.525,0.525,0.526,0.527,0.527,0.528,0.529,0.53,0.532,0.534,0.535,0.537,0.538,0.54,0.541,0.542,0.543,0.543,0.544,0.545,0.546,0.547,0.547,0.549,0.55,0.551,0.553,0.554,0.556,0.557,0.559,0.561,0.562,0.564,0.565,0.566,0.567,0.567,0.568,0.568,0.568,0.568,0.567,0.567,0.566,0.565,0.565,0.564,0.563,0.563,0.562,0.561,0.561,0.56,0.561,0.561,0.561,0.562,0.564,0.565,0.566,0.568,0.569,0.571,0.572,0.573,0.574,0.574,0.575,0.577,0.577,0.578,0.58,0.581,0.584,0.586,0.59,0.592,0.595,0.597,0.599,0.601,0.603,0.604,0.605,0.607,0.608,0.609,0.61,0.612,0.612,0.613,0.615,0.617,0.62,0.622,0.625,0.628,0.632,0.635,0.638,0.641,0.643,0.645,0.648,0.649,0.651,0.653,0.656,0.659,0.662,0.664,0.667,0.67,0.673,0.675,0.676,0.678,0.681,0.684,0.687,0.691,0.696,0.7,0.705,0.71,0.714,0.717,0.719,0.72,0.722,0.724,0.725,0.726,0.728,0.731,0.732,0.735,0.736,0.739,0.74,0.743,0.745,0.745,0.744,0.744,0.743,0.744,0.743,0,3.725,3.725,3.702,3.725,3.725,3.725,3.725,3.702,3.702,3.68,3.68,3.68,3.658,3.658,3.658,3.636,3.636,3.636,3.615,3.615,3.594,3.594,3.573,3.573,3.573,3.573,3.552,3.552,3.532,0,0,0,0,0,0,0,0,0,0,0,0,0,0,0,0,0,0,0,0,0,0,0,0.74,0.74,0.738,0.738,0.738,0.739,0.739,0.74,0.74,0.741,0.742,0.743,0.744,0.745,0.746,0.746,0.746,0.746,0.747,0.748,0.748,0.749,0.749,0.75,0.752,0.753,0.755,0.758,0.758,0.759,0.761,0.762,0.763,0.764,0.764,0.765,0.766,0.767,0.768,0.77,0.771,0.772,0.774,0.776,0.777,0.78,0.782,0.785,0.788,0.791,0.795,0.798,0.801,0.805,0.808,0.81,0.813,0.815,0.818,0.824,0.828,0.834,0.84,0.844,0.851,0.857,0.86,0.862,0.864,0.866,0.867,0.868,0.869,0.87,0.873,0.877,0.879,0.883,0.888,0.893,0.898,0.902,0.908,0.91,0.912,0.912,0.912,0.909,0.905,0.9,0.893,0,0.878,0.869,0.862,0.855,0.848,0.841,0.835,0.832,0.828,0.825,0.822,0.821,0.818,0.817,0.816,0.817,0.816,0.817,0.817,0.817,0.818,0.818,0.819,0.819,0.822,0.823,0.825,0.825,0.825,0.826,0.826,0.828,0,0,0,0,2.179,2.179,2.179,2.187,2.195,2.203,2.203,2.211,2.211,2.219,2.219,2.227,2.227,2.227,2.227,2.219,2.219,2.211,2.203,2.187,2.172,2.164,2.149,2.141,2.141,2.134,2.127,2.127,2.127,2.127,2.134,2.127,2.127,2.127,2.119,2.119,2.112
0,0,0,0,0,0,0,0,0,0,0,0,0,0,0,0,0,0,0,0,0,0,0,0,0,0,0,0,0,0.81,0.809,0.807,0.805,0.805,0.804,0.802,0.802,0.802,0.802,0.802,0.802,0.804,0.804,0.805,0.805,0.807,0.808,0.809,0.811,0.812,0.813,0.815,0.816,0.819,0.823,0.826,0.83,0.835,0.851,0.869,0.884,0.931,0.959,0.988,1.007,1.023,1.029,1.031,1.031,1.031,1.031,1.031,1.029,1.028,1.028,1.029,1.029,1.029,1.031,1.033,1.033,1.035,1.036,1.036,1.038,1.036,1.04,1.04,1.04,1.043,1.045,1.047,1.049,1.052,1.056,1.06,1.063,1.065,1.071,1.073,1.074,1.076,1.078,1.08,1.082,1.084,1.086,1.088,1.088,1.09,1.092,1.094,1.095,1.095,1.099,1.105,1.109,1.113,1.117,1.121,1.126,1.13,1.134,1.134,1.132,1.128,1.124,1.124,1.121,1.119,1.119,1.113,0,0,0,0,0,0,0,0,0,0,0,0,0,0,0,0,0,0,0,0,0,0,0,0,0,0.46,0.46,0.46,0.46,0.46,0.459,0.459,0.459,0.459,0.458,0.458,0.458,0.458,0.459,0.459,0.459,0.46,0.46,0.461,0.461,0.462,0.462,0.463,0.463,0.464,0.465,0.466,0.467,0.467,0.468,0.469,0.47,0.471,0.472,0.473,0.473,0.474,0.474,0.475,0.476,0.476,0.476,0.477,0.478,0.478,0.479,0.48,0.481,0.481,0.482,0.483,0.484,0.484,0.485,0.486,0.487,0.488,0.489,0.49,0.492,0.494,0.495,0.497,0.498,0.5,0.5,0.502,0.502,0.502,0.502,0.501,0.5,0.5,0.499,0.498,0.497,0.496,0.496,0.495,0.494,0.493,0.493,0.492,0.492,0.493,0.493,0.494,0.494,0.495,0.496,0.496,0.497,0.498,0.498,0.498,0.499,0.499,0.5,0.5,0.5,0.502,0.503,0.505,0.507,0.509,0.511,0.513,0.515,0.517,0.519,0.52,0.521,0.522,0.523,0.524,0.525,0.525,0.526,0.526,0.527,0.528,0.528,0.53,0.531,0.533,0.534,0.536,0.538,0.539,0.541,0.541,0.542,0.543,0.544,0.545,0.546,0.547,0.548,0.549,0.55,0.551,0.552,0.554,0.555,0.557,0.558,0.56,0.561,0.563,0.564,0.565,0.566,0.567,0.568,0.569,0.569,0.569,0.569,0.568,0.568,0.567,0.566,0.566,0.565,0.564,0.563,0.563,0.562,0.562,0.562,0.562,0.562,0.563,0.564,0.565,0.566,0.568,0.569,0.571,0.572,0.573,0.574,0.574,0.575,0.577,0.577,0.578,0.579,0.581,0.583,0.585,0.588,0.591,0.594,0.597,0.598,0.6,0.603,0.604,0.606,0.607,0.609,0.61,0.61,0.612,0.613,0.613,0.615,0.616,0.618,0.621,0.623,0.626,0.629,0.633,0.636,0.639,0.642,0.644,0.646,0.648,0.649,0.651,0.654,0.656,0.659,0.662,0.664,0.667,0.671,0.673,0.675,0.677,0.678,0.681,0.685,0.69,0.693,0.697,0.702,0.706,0.711,0.715,0.717,0.72,0.721,0.723,0.724,0.725,0.726,0.729,0.731,0.733,0.735,0.738,0.74,0.741,0.744,0.746,0.745,0.744,0.743,0.743,0.743,0,0,3.702,3.68,3.68,3.702,3.702,3.702,3.702,3.702,3.68,3.68,3.658,3.658,3.658,3.636,3.636,3.615,3.615,3.615,3.615,3.594,3.594,3.573,3.552,3.552,3.552,3.552,3.532,0,0,0,0,0,0,0,0,0,0,0,0,0,0,0,0,0,0,0,0,0,0,0,0,0,0.739,0.739,0.739,0.739,0.739,0.739,0.74,0.74,0.741,0.742,0.743,0.743,0.744,0.745,0.746,0.746,0.746,0.747,0.747,0.748,0.748,0.749,0.749,0.75,0.752,0.754,0.757,0.758,0.759,0.761,0.762,0.763,0.764,0.765,0.765,0.766,0.767,0.768,0.769,0.771,0.772,0.773,0.775,0.777,0.779,0.781,0.784,0.787,0.79,0.794,0.797,0.8,0.804,0.807,0.81,0.812,0.814,0.817,0.821,0.825,0.829,0.834,0.84,0.845,0.851,0.856,0.86,0.863,0.864,0.866,0.867,0.868,0.87,0.872,0.874,0.878,0.882,0.886,0.891,0.896,0.901,0.905,0.909,0.913,0.915,0.913,0.913,0.912,0.909,0.904,0.898,0.891,0.883,0.875,0.868,0.858,0.849,0.841,0.835,0.83,0.827,0.824,0.822,0.819,0.818,0.817,0.817,0.817,0.817,0.817,0.818,0.818,0.819,0.819,0.821,0.822,0.823,0.824,0.826,0.826,0.827,0.827,0.828,0.829,0,2.179,0,2.187,2.187,2.195,2.203,2.203,2.211,2.219,2.227,2.227,2.227,2.235,2.235,2.235,2.243,2.235,2.235,2.235,2.227,2.219,2.203,2.195,2.179,2.164,2.149,2.141,2.134,2.127,2.127,2.127,2.134,2.134,2.134,2.134,2.127,2.127,2.127,2.119,2.112
0,0,0,0,0,0,0,0,0,0,0,0,0,0,0,0,0,0,0,0,0,0,0,0,0,0,0,0,0,0,0.809,0.807,0.805,0.805,0.804,0.803,0.802,0.802,0.801,0.801,0.802,0.803,0.804,0.805,0.804,0.805,0.808,0.809,0.81,0.812,0.813,0.815,0.816,0.819,0.823,0.827,0.829,0.835,0.847,0.86,0.88,0,0.938,0.965,0.991,1.012,1.021,1.026,1.028,1.028,1.029,1.029,1.028,1.026,1.028,1.028,1.028,1.029,1.029,1.033,1.033,1.036,1.038,1.04,1.04,1.042,1.042,1.042,1.043,1.043,1.045,1.049,1.052,1.054,1.058,1.063,1.067,1.069,1.073,1.074,1.078,1.08,1.082,1.082,1.084,1.086,1.088,1.09,1.09,1.092,1.094,1.095,1.095,1.097,1.101,1.105,1.109,1.115,1.117,1.124,1.126,1.13,1.134,1.136,1.134,1.132,1.13,1.128,1.128,1.126,1.124,1.119,0,0,0,0,0,0,0,0,0,0,0,0,0,0,0,0,0,0,0,0,0,0,0,0,0,0.461,0.461,0.461,0.461,0.461,0.46,0.46,0.46,0.46,0.459,0.459,0.459,0.459,0.459,0.46,0.46,0.46,0.461,0.461,0.462,0.462,0.463,0.463,0.463,0.464,0.465,0.466,0.467,0.468,0.469,0.47,0.471,0.472,0.473,0.473,0.474,0.474,0.475,0.475,0.476,0.476,0.477,0.478,0.478,0.479,0.479,0.48,0.481,0.482,0.482,0.483,0.484,0.484,0.485,0.486,0.487,0.488,0.489,0.491,0.493,0.495,0.497,0.499,0.5,0.502,0.502,0.503,0.503,0.503,0.503,0.502,0.501,0.5,0.5,0.498,0.498,0.496,0.496,0.495,0.494,0.494,0.493,0.493,0.493,0.493,0.494,0.494,0.495,0.495,0.496,0.497,0.497,0.498,0.498,0.498,0.499,0.499,0.5,0.5,0.5,0.502,0.503,0.505,0.507,0.508,0.51,0.513,0.515,0.517,0.519,0.52,0.521,0.522,0.523,0.524,0.525,0.526,0.526,0.527,0.527,0.528,0.529,0.53,0.531,0.533,0.534,0.536,0.538,0.54,0.541,0.542,0.543,0.543,0.545,0.545,0.546,0.547,0.549,0.55,0.551,0.552,0.553,0.554,0.556,0.557,0.558,0.56,0.561,0.563,0.564,0.565,0.567,0.567,0.569,0.569,0.569,0.569,0.569,0.569,0.569,0.568,0.567,0.566,0.566,0.565,0.564,0.564,0.563,0.563,0.562,0.563,0.563,0.564,0.565,0.566,0.568,0.569,0.571,0.572,0.573,0.574,0.575,0.575,0.576,0.577,0.578,0.579,0.58,0.582,0.584,0.586,0.589,0.591,0.594,0.597,0.599,0.601,0.604,0.605,0.607,0.609,0.61,0.612,0.612,0.613,0.614,0.615,0.616,0.618,0.62,0.622,0.625,0.628,0.63,0.634,0.636,0.639,0.642,0.644,0.646,0.648,0.649,0.65,0.653,0.656,0.659,0.662,0.664,0.667,0.671,0.674,0.675,0.678,0.68,0.683,0.686,0.69,0.694,0.698,0.703,0.708,0.712,0.715,0.719,0.72,0.722,0.723,0.725,0.726,0.727,0.729,0.732,0.733,0.736,0.738,0.74,0.742,0.744,0.745,0.744,0.744,0.744,0.743,0.744,0,3.636,3.658,3.658,3.658,3.658,3.658,3.658,3.68,3.658,3.658,3.658,3.658,3.636,3.636,3.636,3.615,3.615,3.594,3.594,3.594,3.594,3.573,3.552,3.552,3.552,3.532,3.532,3.512,0,0,0,0,0,0,0,0,0,0,0,0,0,0,0,0,0,0,0,0,0,0,0,0,0,0,0.739,0.739,0.739,0.739,0.739,0.74,0.74,0.742,0.742,0.743,0.744,0.745,0.745,0.746,0.746,0.746,0.747,0.747,0.748,0.749,0.749,0.749,0.751,0.753,0.755,0.757,0.759,0.761,0.762,0.763,0.764,0.765,0.766,0.766,0.767,0.768,0.769,0.77,0.771,0.773,0.775,0.777,0.779,0.781,0.783,0.786,0.79,0.793,0.796,0.799,0.803,0.807,0.809,0.812,0.814,0.815,0.818,0.822,0.826,0.829,0.835,0.84,0.847,0.851,0.857,0.861,0.863,0.866,0.867,0.867,0.869,0.87,0.873,0.875,0.879,0.883,0.887,0.893,0.898,0.904,0.908,0.91,0.915,0.916,0.916,0.916,0.915,0.913,0.909,0.904,0.898,0.892,0.883,0.874,0.863,0.851,0.841,0.835,0.829,0.826,0.823,0.819,0.818,0.817,0.817,0.817,0.817,0.817,0.818,0.818,0.819,0.819,0.821,0.822,0.823,0.825,0.826,0.828,0.828,0.828,0.828,0.829,0.83,0,2.195,2.203,2.203,2.203,2.211,2.211,2.219,2.219,2.227,2.235,2.243,2.243,2.251,2.251,2.251,2.251,2.251,2.251,2.251,2.243,2.227,2.211,2.195,2.179,2.164,2.149,2.141,2.134,2.127,2.127,2.134,2.127,2.134,2.141,2.134,2.134,2.127,2.127,2.127,2.119
0,0,0,0,0,0,0,0,0,0,0,0,0,0,0,0,0,0,0,0,0,0,0,0,0,0,0,0,0,0,0.808,0.807,0.807,0.805,0.805,0.803,0.802,0.802,0.802,0.801,0.802,0.803,0.803,0.804,0.804,0.805,0.807,0.809,0.81,0.812,0.813,0.815,0.817,0.821,0.824,0.827,0.83,0.837,0.847,0.86,0,0,0.927,0.953,0.98,1.003,1.012,1.019,1.026,1.024,1.024,1.026,1.026,1.024,1.024,1.026,1.026,1.028,1.029,1.033,1.033,1.036,1.038,1.04,1.042,1.042,1.043,1.043,1.043,1.045,1.047,1.051,1.052,1.058,1.061,1.065,1.069,1.073,1.076,1.076,1.078,1.082,1.084,1.086,1.086,1.088,1.09,1.092,1.092,1.094,1.095,1.095,1.097,1.099,1.103,1.105,1.111,1.115,1.119,1.124,1.128,1.132,1.136,1.138,1.136,1.136,1.134,1.134,1.132,1.132,1.13,1.126,0,0,0,0,0,0,0,0,0,0,0,0,0,0,0,0,0,0,0,0,0,0,0,0,0,0.462,0.462,0.462,0.461,0.461,0.461,0.461,0.461,0.46,0.46,0.46,0.46,0.46,0.46,0.46,0.461,0.461,0.461,0.462,0.462,0.462,0.463,0.463,0.464,0.465,0.465,0.466,0.467,0.468,0.469,0.471,0.471,0.472,0.473,0.473,0.474,0.475,0.475,0.475,0.476,0.476,0.477,0.478,0.479,0.479,0.48,0.481,0.482,0.482,0.483,0.484,0.484,0.485,0.485,0.486,0.487,0.489,0.49,0.492,0.494,0.496,0.498,0.5,0.502,0.503,0.504,0.505,0.504,0.504,0.503,0.503,0.502,0.501,0.5,0.499,0.498,0.497,0.496,0.496,0.495,0.494,0.494,0.494,0.494,0.494,0.494,0.494,0.495,0.496,0.496,0.497,0.497,0.498,0.498,0.498,0.499,0.499,0.499,0.5,0.5,0.501,0.503,0.505,0.506,0.508,0.51,0.513,0.515,0.517,0.519,0.52,0.521,0.523,0.523,0.524,0.525,0.526,0.527,0.527,0.528,0.528,0.529,0.53,0.532,0.533,0.535,0.537,0.539,0.54,0.541,0.542,0.543,0.544,0.545,0.546,0.547,0.548,0.55,0.551,0.552,0.553,0.554,0.555,0.556,0.558,0.559,0.56,0.561,0.563,0.564,0.566,0.567,0.568,0.569,0.569,0.57,0.57,0.569,0.569,0.569,0.568,0.567,0.567,0.566,0.566,0.565,0.564,0.564,0.563,0.563,0.564,0.564,0.565,0.566,0.567,0.569,0.57,0.572,0.573,0.573,0.574,0.575,0.575,0.577,0.577,0.578,0.579,0.58,0.582,0.584,0.586,0.589,0.591,0.595,0.597,0.6,0.602,0.604,0.606,0.608,0.61,0.611,0.612,0.613,0.614,0.615,0.616,0.618,0.62,0.621,0.623,0.626,0.628,0.632,0.634,0.637,0.64,0.642,0.644,0.646,0.647,0.649,0.65,0.652,0.656,0.659,0.662,0.664,0.667,0.671,0.674,0.677,0.679,0.681,0.684,0.687,0.692,0.696,0.7,0.705,0.71,0.713,0.716,0.719,0.721,0.722,0.724,0.725,0.726,0.727,0.729,0.731,0.733,0.735,0.737,0.74,0.742,0.744,0.746,0.745,0.743,0.743,0.744,0.743,0,3.615,3.636,3.636,3.636,3.636,3.636,3.636,3.658,3.636,3.615,3.615,3.636,3.615,3.615,3.615,3.594,3.594,3.573,3.573,3.573,3.552,3.552,3.552,3.532,3.532,3.512,3.492,3.492,0,0,0,0,0,0,0,0,0,0,0,0,0,0,0,0,0,0,0,0,0,0,0,0,0,0,0.739,0.739,0.739,0.74,0.74,0.74,0.741,0.742,0.743,0.744,0.744,0.745,0.746,0.746,0.747,0.747,0.747,0.747,0.748,0.749,0.749,0.75,0.751,0.754,0.756,0.758,0.76,0.762,0.763,0.764,0.765,0.767,0.767,0.768,0.768,0.769,0.77,0.771,0.773,0.774,0.776,0.778,0.781,0.783,0.785,0.789,0.792,0.795,0.798,0.801,0.805,0.808,0.811,0.813,0.814,0.816,0.818,0.822,0.826,0.83,0.836,0.842,0.847,0.854,0.858,0.862,0.864,0.866,0.867,0.868,0.869,0.87,0.873,0.877,0.88,0.884,0.889,0.895,0.9,0.905,0.909,0.912,0.916,0.916,0.917,0.917,0.917,0.917,0.913,0.909,0.905,0.898,0.889,0.88,0.867,0.852,0.841,0.833,0.828,0.825,0.822,0.819,0.817,0.816,0.816,0.816,0.816,0.817,0.817,0.819,0.819,0.821,0.822,0.823,0.825,0.826,0.828,0.83,0.829,0.829,0.83,0.832,0,2.195,2.203,2.203,2.211,2.211,2.219,2.227,2.235,2.243,2.251,2.251,2.259,2.268,2.268,2.276,2.276,2.276,2.276,2.268,2.268,2.259,2.243,2.227,2.211,2.187,2.172,2.156,2.149,2.141,2.134,2.127,2.127,2.127,2.127,2.134,2.134,2.134,2.134,2.127,2.119,2.119
0,0,0,0,0,0,0,0,0,0,0,0,0,0,0,0,0,0,0,0,0,0,0,0,0,0,0,0,0,0,0.809,0.808,0.807,0.807,0.805,0.803,0.802,0.802,0.802,0.801,0.802,0.803,0.803,0.803,0.804,0.805,0.807,0.809,0.81,0.812,0.814,0.815,0.818,0.822,0.824,0.828,0.83,0.836,0.844,0.86,0,0,0,0.945,0.971,0.993,1.004,1.016,1.024,1.023,1.024,1.026,1.026,1.024,1.026,1.026,1.026,1.029,1.031,1.033,1.036,1.036,1.04,1.042,1.042,1.043,1.045,1.045,1.045,1.049,1.049,1.052,1.056,1.06,1.065,1.067,1.073,1.073,1.076,1.08,1.082,1.084,1.084,1.086,1.088,1.09,1.092,1.092,1.094,1.094,1.094,1.095,1.097,1.099,1.105,1.107,1.111,1.117,1.121,1.126,1.13,1.134,1.138,1.138,1.138,1.138,1.136,1.136,1.138,1.136,1.136,0,0,0,0,0,0,0,0,0,0,0,0,0,0,0,0,0,0,0,0,0,0,0,0,0,0.462,0.462,0.462,0.462,0.462,0.462,0.462,0.462,0.462,0.461,0.461,0.461,0.461,0.461,0.461,0.461,0.461,0.462,0.462,0.462,0.462,0.463,0.463,0.464,0.464,0.465,0.466,0.467,0.468,0.469,0.47,0.471,0.472,0.472,0.473,0.474,0.474,0.475,0.475,0.475,0.476,0.476,0.477,0.478,0.479,0.479,0.481,0.481,0.482,0.482,0.483,0.484,0.484,0.485,0.486,0.487,0.488,0.489,0.491,0.493,0.495,0.497,0.5,0.502,0.503,0.504,0.505,0.505,0.505,0.505,0.504,0.503,0.503,0.501,0.5,0.499,0.498,0.497,0.496,0.496,0.495,0.495,0.494,0.494,0.494,0.494,0.494,0.495,0.496,0.496,0.496,0.497,0.497,0.498,0.498,0.498,0.499,0.499,0.5,0.5,0.501,0.502,0.503,0.505,0.506,0.508,0.51,0.512,0.515,0.516,0.518,0.52,0.521,0.523,0.524,0.525,0.526,0.527,0.527,0.528,0.528,0.529,0.53,0.531,0.533,0.534,0.536,0.538,0.539,0.541,0.542,0.543,0.544,0.545,0.546,0.547,0.548,0.549,0.551,0.552,0.553,0.554,0.555,0.556,0.557,0.558,0.559,0.56,0.562,0.563,0.564,0.566,0.567,0.568,0.569,0.569,0.57,0.57,0.57,0.57,0.569,0.569,0.568,0.568,0.567,0.566,0.566,0.565,0.565,0.564,0.564,0.565,0.565,0.566,0.567,0.568,0.57,0.571,0.572,0.573,0.574,0.575,0.575,0.576,0.577,0.577,0.578,0.579,0.58,0.582,0.584,0.587,0.589,0.591,0.594,0.597,0.6,0.602,0.604,0.607,0.608,0.611,0.612,0.613,0.615,0.616,0.616,0.618,0.619,0.621,0.623,0.625,0.627,0.63,0.632,0.635,0.638,0.64,0.642,0.644,0.645,0.647,0.648,0.65,0.652,0.655,0.658,0.661,0.664,0.667,0.672,0.675,0.678,0.68,0.682,0.686,0.691,0.694,0.698,0.702,0.706,0.711,0.715,0.717,0.72,0.722,0.723,0.725,0.726,0.726,0.728,0.73,0.732,0.733,0.736,0.738,0.739,0.741,0.743,0.745,0.743,0.743,0.742,0.742,0,0,3.594,3.615,3.615,3.615,3.615,3.615,3.594,3.615,3.615,3.594,3.594,3.594,3.594,3.594,3.594,3.573,3.573,3.552,3.552,3.532,3.532,3.532,3.512,3.512,3.492,3.492,3.472,3.453,3.453,3.453,3.433,0,0,0,0,0,0,0,0,0,0,0,0,0,0,0,0,0,0,0,0,0,0,0,0.739,0.739,0.74,0.74,0.74,0.74,0.742,0.742,0.743,0.744,0.745,0.745,0.746,0.747,0.747,0.747,0.747,0.747,0.748,0.749,0.749,0.75,0.751,0.753,0.756,0.759,0.761,0.762,0.764,0.765,0.766,0.768,0.768,0.769,0.769,0.771,0.771,0.773,0.774,0.776,0.778,0.78,0.783,0.785,0.788,0.791,0.794,0.797,0.8,0.803,0.807,0.81,0.812,0.814,0.815,0.816,0.818,0.822,0.826,0.83,0.836,0.842,0.848,0.854,0.86,0.862,0.866,0.867,0.868,0.868,0.87,0.872,0.874,0.878,0.882,0.886,0.891,0.896,0.901,0.906,0.91,0.913,0.915,0.916,0.917,0.919,0.92,0.92,0.916,0.915,0.91,0.904,0.896,0.886,0.869,0.851,0.838,0.83,0.825,0.823,0.818,0.817,0.816,0.815,0.815,0.816,0.816,0.816,0.818,0.819,0.821,0.822,0.823,0.824,0.826,0.827,0.83,0.832,0.83,0.832,0.833,0.834,0,2.195,2.203,2.211,2.219,2.219,2.227,2.235,2.235,2.243,2.251,2.268,2.268,2.268,2.276,2.285,2.285,2.285,2.285,2.276,2.276,2.259,2.251,2.227,2.211,2.187,2.164,2.164,2.149,2.141,2.134,2.127,2.127,2.119,2.127,2.127,2.119,2.112,2.112,2.112,2.112,2.105
0,0,0,0,0,0,0,0,0,0,0,0,0,0,0,0,0,0,0,0,0,0,0,0,0,0,0,0,0,0,0.81,0.809,0.808,0.807,0.805,0.803,0.802,0.802,0.802,0.801,0.801,0.802,0.802,0.803,0.803,0.804,0.807,0.808,0.81,0.812,0.814,0.816,0.818,0.822,0.824,0.828,0.83,0.835,0.843,0.854,0.867,0.884,0.905,0.931,0,0.979,0.994,1.007,1.019,1.023,1.024,1.024,1.024,1.024,1.026,1.026,1.028,1.029,1.031,1.035,1.036,1.04,1.043,1.043,1.045,1.049,1.051,1.051,1.052,1.054,1.054,1.056,1.06,1.063,1.067,1.069,1.073,1.076,1.076,1.08,1.082,1.084,1.086,1.088,1.088,1.09,1.092,1.094,1.094,1.095,1.095,1.097,1.097,1.101,1.105,1.107,1.111,1.117,1.121,1.126,1.13,1.134,1.136,1.14,1.14,1.14,1.138,1.138,1.138,1.138,0,0,0,0,0,0,0,0,0,0,0,0,0,0,0,0,0,0,0,0,0,0,0,0,0,0,0,0.462,0.463,0.462,0.463,0.463,0.462,0.462,0.462,0.462,0.462,0.462,0.461,0.461,0.462,0.462,0.462,0.462,0.462,0.462,0.463,0.463,0.463,0.464,0.465,0.465,0.466,0.467,0.468,0.469,0.47,0.471,0.472,0.473,0.473,0.474,0.475,0.475,0.475,0.475,0.476,0.476,0.477,0.478,0.479,0.48,0.481,0.481,0.482,0.483,0.484,0.484,0.485,0.485,0.486,0.487,0.489,0.49,0.491,0.493,0.496,0.498,0.5,0.503,0.504,0.505,0.505,0.506,0.505,0.505,0.504,0.504,0.503,0.502,0.5,0.5,0.499,0.498,0.497,0.496,0.496,0.495,0.495,0.495,0.495,0.495,0.495,0.496,0.496,0.496,0.497,0.498,0.498,0.498,0.499,0.499,0.5,0.5,0.5,0.5,0.501,0.502,0.503,0.505,0.507,0.508,0.51,0.513,0.515,0.517,0.519,0.52,0.522,0.523,0.524,0.526,0.527,0.527,0.528,0.528,0.529,0.53,0.531,0.532,0.533,0.535,0.537,0.538,0.54,0.541,0.543,0.544,0.545,0.546,0.547,0.548,0.549,0.55,0.552,0.552,0.553,0.554,0.555,0.556,0.557,0.558,0.559,0.56,0.562,0.563,0.564,0.566,0.567,0.568,0.569,0.57,0.57,0.57,0.57,0.57,0.57,0.569,0.569,0.569,0.568,0.567,0.566,0.566,0.565,0.565,0.565,0.565,0.566,0.566,0.568,0.569,0.571,0.571,0.573,0.573,0.574,0.574,0.575,0.575,0.576,0.577,0.578,0.578,0.58,0.581,0.584,0.586,0.589,0.591,0.594,0.597,0.6,0.602,0.604,0.607,0.61,0.612,0.613,0.615,0.616,0.616,0.618,0.619,0.621,0.622,0.624,0.626,0.628,0.63,0.633,0.635,0.638,0.64,0.642,0.643,0.645,0.646,0.648,0.65,0.652,0.654,0.658,0.66,0.663,0.667,0.671,0.675,0.678,0.681,0.684,0.687,0.692,0.697,0.701,0.705,0.709,0.712,0.716,0.719,0.721,0.723,0.724,0.726,0.726,0.727,0.728,0.73,0.732,0.733,0.735,0.737,0.739,0.74,0.742,0.744,0.742,0.742,0.741,0,0,0,0,3.594,3.573,3.573,3.573,3.573,3.573,3.594,3.594,3.573,3.573,3.573,3.573,3.573,3.552,3.552,3.532,3.532,3.532,3.532,3.512,3.512,3.512,3.492,3.492,3.472,3.453,3.453,3.433,3.414,0,0,0,0,0,0,0,0,0,0,0,0,0,0,0,0,0,0,0,0,0,0,0,0,0.74,0.74,0.74,0.74,0.74,0.741,0.742,0.743,0.744,0.745,0.745,0.746,0.746,0.747,0.748,0.748,0.748,0.748,0.749,0.749,0.749,0.75,0.752,0.754,0.758,0.761,0.762,0.764,0.765,0.768,0.768,0.77,0.77,0.771,0.771,0.772,0.773,0.774,0.776,0.778,0.78,0.783,0.785,0.788,0.79,0.793,0.796,0.799,0.802,0.805,0.809,0.811,0.813,0.814,0.816,0.816,0.819,0.822,0.826,0.83,0.836,0.842,0.849,0.855,0.861,0.863,0.867,0.868,0.869,0.869,0.87,0.872,0.875,0.879,0.883,0.887,0.892,0.897,0.902,0.908,0.91,0.912,0.915,0.916,0.917,0.919,0.92,0.92,0.919,0.917,0.915,0.91,0.902,0.891,0,0.852,0.837,0.828,0.824,0.821,0.817,0.815,0.814,0.814,0.814,0.815,0.816,0.816,0.818,0.819,0.821,0.822,0.823,0.825,0.827,0.829,0.832,0.834,0.833,0.834,0.835,0.836,0,2.203,2.211,2.211,2.219,2.219,2.227,2.243,2.243,2.251,2.259,2.268,2.268,2.276,2.276,2.276,2.285,2.285,2.276,2.276,2.276,2.259,2.251,2.227,2.211,2.187,2.172,2.156,2.149,2.134,2.127,2.127,2.127,2.119,2.127,2.119,2.119,2.112,2.112,2.112,2.105,2.105
0,0,0,0,0,0,0,0,0,0,0,0,0,0,0,0,0,0,0,0,0,0,0,0,0,0,0,0,0,0,0,0.809,0.808,0.805,0.805,0.803,0.802,0.801,0.801,0.801,0.801,0.801,0.802,0.802,0.803,0.803,0.805,0.808,0.81,0.812,0.814,0.816,0.818,0.822,0.825,0.827,0.83,0.834,0.838,0.848,0.857,0.87,0.891,0.915,0,0,0.985,0.999,1.016,1.021,1.023,1.026,1.026,1.026,1.028,1.028,1.029,1.031,1.035,1.036,1.038,1.043,1.047,1.049,1.049,1.054,1.054,1.056,1.058,0,0,0,1.063,1.069,1.071,1.073,1.074,1.078,1.08,1.084,1.084,1.086,1.088,1.088,1.09,1.092,1.092,1.094,1.095,1.095,1.097,1.097,1.099,1.103,1.107,1.109,1.115,1.119,1.124,1.13,1.134,1.136,1.14,1.144,1.144,1.144,1.142,1.142,1.142,1.142,1.14,1.138,0,0,0,0,0,0,0,0,0,0,0,0,0,0,0,0,0,0,0,0,0,0,0,0,0,0,0,0,0.463,0.463,0.463,0.462,0.462,0.462,0.462,0.462,0.462,0.462,0.462,0.462,0.462,0.462,0.462,0.463,0.463,0.463,0.464,0.464,0.465,0.466,0.467,0.468,0.468,0.469,0.471,0.472,0.472,0.473,0.473,0.474,0.475,0.475,0.475,0.475,0.476,0.476,0.477,0.478,0.479,0.48,0.481,0.482,0.482,0.483,0.484,0.485,0.485,0.486,0.487,0.488,0.489,0.49,0.492,0.494,0.496,0.499,0.501,0.503,0.504,0.505,0.505,0.505,0.505,0.505,0.504,0.503,0.503,0.502,0.5,0.5,0.499,0.498,0.497,0.497,0.496,0.496,0.496,0.496,0.496,0.496,0.496,0.496,0.496,0.497,0.498,0.498,0.498,0.499,0.499,0.5,0.5,0.5,0.501,0.502,0.503,0.503,0.504,0.506,0.507,0.509,0.51,0.513,0.515,0.517,0.519,0.52,0.522,0.523,0.525,0.526,0.527,0.528,0.528,0.529,0.53,0.531,0.532,0.533,0.534,0.536,0.538,0.54,0.541,0.542,0.544,0.545,0.546,0.547,0.548,0.549,0.55,0.551,0.552,0.553,0.554,0.555,0.556,0.557,0.557,0.558,0.559,0.56,0.562,0.563,0.565,0.566,0.567,0.568,0.569,0.57,0.57,0.57,0.57,0.57,0.57,0.57,0.569,0.569,0.569,0.568,0.567,0.566,0.566,0.566,0.566,0.566,0.567,0.567,0.569,0.57,0.571,0.572,0.573,0.574,0.574,0.575,0.575,0.575,0.575,0.577,0.577,0.578,0.579,0.581,0.583,0.585,0.588,0.59,0.593,0.596,0.599,0.602,0.604,0.607,0.61,0.613,0.615,0.616,0.617,0.618,0.62,0.621,0.622,0.623,0.625,0.627,0.629,0.632,0.633,0.636,0.638,0.64,0.641,0.643,0.644,0.646,0.648,0.649,0.652,0.654,0.657,0.659,0.663,0.667,0.67,0.674,0.678,0.682,0.686,0.69,0.694,0.699,0.703,0.706,0.71,0.715,0.718,0.72,0.722,0.724,0.725,0.726,0.727,0.728,0.729,0.731,0.732,0.734,0.735,0.736,0.738,0,0,0,0,0,0,0,0,0,0,3.573,3.573,3.552,3.552,3.552,3.552,3.552,3.573,3.532,3.552,3.552,3.532,3.532,3.532,3.532,3.532,3.512,3.512,3.512,3.512,3.492,3.492,3.472,3.472,3.453,3.453,3.433,3.414,3.414,0,0,0,0,0,0,0,0,0,0,0,0,0,0,0,0,0,0,0,0,0,0,0,0.74,0.74,0.74,0.74,0.741,0.741,0.742,0.743,0.744,0.745,0.746,0.746,0.747,0.747,0.748,0.748,0.748,0.748,0.749,0.749,0.75,0.75,0.751,0.753,0.755,0.759,0.762,0.764,0.766,0.768,0.77,0.771,0.772,0.773,0.773,0.774,0.774,0.776,0.777,0.779,0.781,0.783,0.785,0.788,0.79,0.793,0.796,0.799,0.802,0.805,0.808,0.81,0.812,0.814,0.815,0.816,0.817,0.819,0.822,0.826,0.832,0.836,0.842,0.849,0.856,0.861,0.864,0.867,0.869,0.869,0.869,0.872,0.873,0.875,0.879,0.883,0.888,0.892,0.897,0.902,0.908,0.91,0.91,0.913,0.915,0.917,0.919,0.921,0.921,0.921,0.92,0.92,0.916,0.908,0.896,0,0.855,0.837,0.828,0.823,0.821,0.817,0.814,0.814,0.813,0.813,0.814,0.816,0.817,0.819,0.821,0.822,0.824,0.825,0.827,0.828,0.832,0.834,0.835,0.836,0.836,0.837,0.838,0,2.195,2.203,2.211,2.219,2.219,2.227,2.235,2.243,2.259,2.259,2.268,2.268,2.276,2.276,2.285,2.285,2.285,2.276,2.276,2.276,2.259,2.251,2.227,2.211,2.187,2.172,2.156,2.149,2.134,2.127,2.127,2.127,2.119,2.127,2.119,2.119,2.112,2.112,2.105,2.105,2.105
0,0,0,0,0,0,0,0,0,0,0,0,0,0,0,0,0,0,0,0,0,0,0,0,0,0,0,0,0,0,0,0.808,0.807,0.805,0.804,0.802,0.801,0.8,0.799,0.799,0.799,0.799,0.8,0.801,0.802,0.803,0.805,0.808,0.809,0.812,0.814,0.816,0.818,0.822,0.825,0.827,0.829,0.833,0.836,0.843,0.85,0.86,0.877,0.901,0,0,0.972,0.993,1.012,1.021,1.024,1.026,1.028,1.028,1.029,1.029,1.031,1.035,1.036,1.04,1.043,1.045,1.049,1.051,1.054,1.058,1.06,1.061,1.063,1.063,0,1.065,1.069,1.073,1.074,1.076,1.078,1.08,1.082,1.086,1.086,1.088,1.088,1.09,1.092,1.092,1.094,1.095,1.095,1.097,1.097,1.099,1.101,1.103,1.107,1.111,1.115,1.121,1.126,1.13,1.136,1.14,1.142,1.144,1.147,1.147,1.147,1.147,1.147,1.147,1.142,0,0,0,0,0,0,0,0,0,0,0,0,0,0,0,0,0,0,0,0,0,0,0,0,0,0,0,0,0,0.462,0.462,0.462,0.462,0.462,0.462,0.462,0.462,0.462,0.462,0.462,0.462,0.462,0.463,0.463,0.463,0.463,0.464,0.464,0.465,0.466,0.466,0.467,0.468,0.469,0.47,0.471,0.472,0.472,0.473,0.473,0.474,0.475,0.475,0.475,0.476,0.476,0.476,0.477,0.478,0.478,0.479,0.481,0.481,0.482,0.483,0.484,0.485,0.485,0.486,0.487,0.488,0.489,0.491,0.492,0.494,0.497,0.499,0.5,0.502,0.503,0.504,0.505,0.505,0.505,0.505,0.504,0.503,0.502,0.501,0.501,0.5,0.499,0.498,0.498,0.497,0.497,0.496,0.496,0.496,0.496,0.497,0.497,0.497,0.497,0.498,0.498,0.499,0.499,0.5,0.5,0.501,0.502,0.502,0.503,0.503,0.503,0.505,0.506,0.507,0.508,0.51,0.511,0.513,0.515,0.517,0.519,0.52,0.522,0.523,0.525,0.526,0.527,0.528,0.529,0.53,0.531,0.532,0.533,0.534,0.536,0.537,0.539,0.54,0.541,0.543,0.545,0.546,0.547,0.548,0.549,0.55,0.551,0.552,0.553,0.554,0.555,0.555,0.556,0.557,0.558,0.558,0.559,0.561,0.562,0.563,0.565,0.566,0.567,0.569,0.57,0.57,0.57,0.571,0.571,0.571,0.57,0.57,0.57,0.57,0.569,0.569,0.568,0.567,0.567,0.567,0.567,0.567,0.567,0.569,0.57,0.571,0.571,0.572,0.573,0.574,0.574,0.574,0.575,0.575,0.575,0.576,0.577,0.577,0.579,0.58,0.582,0.584,0.587,0.589,0.593,0.596,0.599,0.602,0.604,0.608,0.611,0.613,0.616,0.617,0.618,0.62,0.621,0.622,0.623,0.625,0.626,0.628,0.63,0.632,0.634,0.636,0.638,0.639,0.641,0.642,0.644,0.646,0.647,0.649,0.651,0.654,0.656,0.659,0.662,0.665,0.669,0.673,0.677,0.682,0.687,0.692,0.696,0.701,0.705,0.709,0.712,0.716,0.719,0.721,0.724,0.725,0.726,0.727,0.729,0.73,0.731,0.732,0.733,0.734,0.735,0,0,0,0,0,0,0,0,0,0,0,0,3.552,3.552,3.552,3.552,3.532,3.532,3.532,3.552,3.532,3.512,3.512,3.512,3.512,3.512,3.512,3.512,3.492,3.492,3.492,3.492,3.472,3.472,3.472,3.453,3.453,3.433,3.414,3.414,0,0,0,0,0,0,0,0,0,0,0,0,0,0,0,0,0,0,0,0,0,0,0,0,0,0.74,0.74,0.741,0.741,0.742,0.743,0.744,0.745,0.745,0.746,0.747,0.747,0.748,0.748,0.749,0.749,0.749,0.749,0.75,0.75,0.752,0.753,0.755,0.758,0.762,0.764,0.766,0.768,0.77,0.772,0.772,0.774,0.774,0.775,0.776,0.777,0.778,0.78,0.782,0.784,0.786,0.788,0.791,0.794,0.796,0.799,0.802,0.804,0.808,0.81,0.812,0.814,0.816,0.817,0.817,0.818,0.819,0.822,0.826,0.83,0.836,0.842,0.849,0.856,0.862,0.864,0.868,0.869,0.87,0.87,0.872,0.873,0.875,0.879,0.884,0.888,0.893,0.898,0.902,0.908,0.909,0.91,0.912,0.913,0.916,0.919,0.921,0.923,0.923,0.921,0.923,0.919,0.91,0,0,0.855,0.837,0.828,0.823,0.819,0.816,0.814,0.813,0.813,0.813,0.814,0.816,0.817,0.819,0.822,0.823,0.825,0.826,0.828,0.83,0.833,0.835,0.836,0.837,0.838,0.84,0,0,2.195,2.203,2.211,2.211,2.219,2.227,2.235,2.243,2.251,2.259,2.268,2.268,2.276,2.285,2.285,2.285,2.285,2.285,2.285,2.276,2.259,2.243,2.227,2.211,2.187,2.172,2.156,2.149,2.141,2.134,2.127,2.127,2.127,2.127,2.119,2.112,2.112,2.112,2.112,2.105,2.105
0,0,0,0,0,0,0,0,0,0,0,0,0,0,0,0,0,0,0,0,0,0,0,0,0,0,0,0,0,0,0,0,0.804,0.803,0.802,0.8,0.799,0.798,0.799,0.798,0.798,0.798,0.798,0.799,0.8,0.801,0.803,0.805,0.807,0.81,0.812,0.815,0.817,0.821,0.824,0.826,0.828,0.83,0.835,0.838,0.843,0.851,0.864,0.886,0.908,0.933,0.957,0.98,1.004,1.019,1.023,1.026,1.029,1.029,1.031,1.033,1.035,1.038,1.042,1.043,1.045,1.049,1.052,1.054,1.058,1.061,1.065,1.067,1.069,1.069,1.071,1.071,1.073,1.076,1.078,1.08,1.08,1.082,1.084,1.086,1.088,1.09,1.09,1.09,1.092,1.094,1.095,1.097,1.097,1.097,1.099,1.099,1.103,1.105,1.109,1.113,1.117,1.124,1.13,1.134,1.138,1.142,1.144,1.147,1.149,1.149,1.151,1.149,1.149,1.149,1.142,1.138,0,0,0,0,0,0,0,0,0,0,0,0,0,0,0,0,0,0,0,0,0,0,0,0,0,0,0,0,0.462,0.462,0.462,0.462,0.462,0.462,0.462,0.462,0.462,0.462,0.462,0.462,0.463,0.463,0.463,0.463,0.464,0.464,0.465,0.466,0.466,0.467,0.468,0.469,0.47,0.471,0.471,0.472,0.473,0.473,0.473,0.474,0.474,0.475,0.475,0.475,0.476,0.476,0.477,0.478,0.478,0.479,0.481,0.481,0.482,0.483,0.484,0.485,0.486,0.487,0.487,0.489,0.49,0.491,0.493,0.495,0.497,0.499,0.5,0.502,0.503,0.504,0.505,0.505,0.504,0.504,0.504,0.503,0.502,0.501,0.5,0.5,0.499,0.498,0.498,0.498,0.497,0.497,0.497,0.497,0.497,0.498,0.498,0.498,0.498,0.499,0.5,0.5,0.5,0.501,0.502,0.503,0.503,0.503,0.504,0.505,0.505,0.506,0.507,0.508,0.51,0.511,0.513,0.514,0.516,0.518,0.519,0.521,0.523,0.524,0.526,0.527,0.528,0.529,0.53,0.531,0.532,0.533,0.534,0.535,0.537,0.539,0.54,0.541,0.542,0.544,0.545,0.547,0.548,0.549,0.55,0.551,0.552,0.553,0.554,0.554,0.555,0.556,0.556,0.557,0.558,0.559,0.56,0.561,0.562,0.564,0.565,0.566,0.568,0.569,0.57,0.57,0.571,0.571,0.571,0.571,0.571,0.571,0.57,0.57,0.57,0.57,0.569,0.568,0.568,0.568,0.568,0.569,0.569,0.569,0.57,0.571,0.572,0.572,0.573,0.574,0.574,0.574,0.575,0.575,0.575,0.576,0.577,0.578,0.579,0.58,0.583,0.584,0.587,0.589,0.593,0.596,0.598,0.602,0.605,0.608,0.612,0.615,0.616,0.618,0.62,0.621,0.622,0.623,0.624,0.625,0.626,0.628,0.63,0.632,0.633,0.635,0.637,0.639,0.64,0.642,0.644,0.646,0.647,0.648,0.651,0.653,0.655,0.658,0.66,0.663,0,0,0,0,0,0.691,0.698,0.702,0.706,0.709,0.712,0.717,0.72,0.723,0.726,0.726,0.728,0.729,0.731,0.732,0.732,0.733,0.735,0.735,0,0,0,0,0,0,0,0,0,0,0,0,0,3.532,3.532,3.532,3.532,3.532,3.512,3.512,3.532,3.512,3.492,3.512,3.492,3.492,3.492,3.492,3.492,3.472,3.472,3.472,3.472,3.453,3.453,3.453,3.433,3.433,3.414,3.395,0,0,0,0,0,0,0,0,0,0,0,0,0,0,0,0,0,0,0,0,0,0,0,0,0,0.74,0.74,0.741,0.741,0.742,0.742,0.743,0.744,0.745,0.746,0.747,0.747,0.748,0.749,0.749,0.749,0.749,0.749,0.75,0.751,0.752,0.754,0.755,0.758,0.76,0.763,0.766,0.768,0.77,0.772,0.774,0.775,0.776,0.777,0.778,0.778,0.78,0.782,0.783,0.785,0.787,0.789,0.792,0.794,0.796,0.799,0.802,0.804,0.808,0.811,0.813,0.815,0.816,0.817,0.818,0.818,0.819,0.821,0.822,0.826,0.83,0.836,0.842,0.849,0.855,0.861,0.866,0.868,0.869,0.87,0.87,0.872,0.873,0.877,0.879,0.884,0.888,0.892,0.897,0.902,0.905,0.908,0.909,0.91,0.912,0.915,0.917,0.921,0.921,0.923,0.923,0.923,0.919,0,0,0,0.852,0.837,0.828,0.823,0.821,0.817,0.815,0.814,0.813,0.814,0.814,0.816,0.818,0.819,0.822,0.824,0.826,0.827,0.829,0.832,0.834,0.836,0.837,0.838,0.84,0.841,0,0,2.195,2.203,2.203,2.211,2.211,2.227,2.227,2.235,2.243,2.251,2.259,2.268,2.268,2.276,2.276,2.276,2.276,2.276,2.268,2.268,2.259,2.243,2.219,2.203,2.179,2.164,2.156,2.149,2.134,2.127,2.127,2.127,2.127,2.119,2.127,2.112,2.105,2.105,2.097,2.097,2.097
0,0,0,0,0,0,0,0,0,0,0,0,0,0,0,0,0,0,0,0,0,0,0,0,0,0,0,0,0,0,0,0,0,0,0.799,0.798,0.797,0.797,0.796,0.796,0.796,0.795,0.796,0.797,0.797,0.799,0.801,0.802,0.804,0.808,0.811,0.813,0.816,0.819,0.822,0.824,0.827,0.829,0.834,0.836,0.84,0.844,0.855,0.869,0.891,0,0,0.983,0.996,1.009,1.017,1.024,1.031,1.031,1.035,1.036,1.038,1.042,1.043,1.047,1.049,1.052,1.056,1.058,1.063,1.065,1.069,1.073,1.074,1.074,1.074,1.076,1.078,1.08,1.082,1.08,1.082,1.084,1.086,1.088,1.088,1.09,1.09,1.092,1.094,1.095,1.097,1.097,1.099,1.099,1.101,1.103,1.105,1.109,1.111,1.115,1.119,1.126,1.13,1.136,1.142,1.144,1.147,1.151,1.153,1.151,1.151,1.151,1.149,1.147,1.138,1.132,0,0,0,0,0,0,0,0,0,0,0,0,0,0,0,0,0,0,0,0,0,0,0,0,0,0,0,0.462,0.462,0.462,0.462,0.462,0.462,0.462,0.462,0.462,0.462,0.462,0.462,0.462,0.463,0.463,0.463,0.464,0.465,0.465,0.466,0.466,0.467,0.468,0.468,0.469,0.47,0.471,0.472,0.472,0.473,0.473,0.473,0.474,0.474,0.475,0.475,0.475,0.476,0.476,0.476,0.478,0.478,0.479,0.48,0.481,0.482,0.483,0.484,0.485,0.485,0.487,0.488,0.489,0.49,0.492,0.493,0.495,0.497,0.499,0.5,0.502,0.503,0.503,0.504,0.504,0.504,0.503,0.503,0.503,0.502,0.501,0.5,0.5,0.499,0.499,0.498,0.498,0.498,0.498,0.498,0.498,0.498,0.498,0.498,0.499,0.5,0.5,0.501,0.501,0.502,0.503,0.503,0.504,0.505,0.505,0.506,0.506,0.507,0.508,0.509,0.51,0.511,0.513,0.514,0.516,0.517,0.519,0.52,0.522,0.523,0.525,0.526,0.527,0.528,0.529,0.53,0.532,0.533,0.533,0.535,0.537,0.538,0.54,0.541,0.542,0.544,0.545,0.547,0.548,0.549,0.55,0.551,0.552,0.553,0.554,0.554,0.555,0.555,0.556,0.557,0.557,0.558,0.559,0.56,0.561,0.563,0.564,0.566,0.567,0.569,0.57,0.57,0.571,0.571,0.571,0.571,0.571,0.571,0.571,0.571,0.571,0.57,0.57,0.57,0.569,0.569,0.569,0.569,0.57,0.57,0.57,0.571,0.571,0.572,0.573,0.573,0.573,0.574,0.574,0.575,0.575,0.576,0.577,0.578,0.578,0.58,0.581,0.583,0.585,0.587,0.59,0.593,0.596,0.599,0.603,0.605,0.609,0.613,0.615,0.618,0.62,0.621,0.622,0.623,0.624,0.625,0.626,0.627,0.628,0.63,0.632,0.633,0.635,0.636,0.638,0.64,0.642,0.644,0.645,0.647,0.649,0.652,0.654,0.655,0.657,0.66,0,0,0,0,0,0,0.694,0.699,0.704,0.707,0.71,0.714,0.719,0.722,0.725,0.727,0.729,0.73,0.732,0.733,0.734,0.735,0.735,0.736,0.737,0,0,0,0,0,0,0,0,0,0,0,0,0,3.552,3.532,3.532,3.532,3.512,3.492,3.512,3.512,3.492,3.492,3.492,3.492,3.492,3.472,3.472,3.472,3.453,3.453,3.453,3.453,3.453,3.433,3.433,3.414,3.414,0,0,0,0,0,0,0,0,0,0,0,0,0,0,0,0,0,0,0,0,0,0,0,0,0,0,0,0.741,0.741,0.742,0.742,0.743,0.743,0.744,0.745,0.746,0.746,0.748,0.748,0.749,0.749,0.749,0.749,0.75,0.75,0.751,0.752,0.753,0.755,0.757,0.759,0.762,0.764,0.767,0.769,0.771,0.773,0.775,0.776,0.778,0.779,0.78,0.781,0.783,0.785,0.787,0.788,0.79,0.792,0.795,0.797,0.799,0.802,0.805,0.808,0.811,0.813,0.816,0.817,0.818,0.821,0.821,0.821,0.821,0.821,0.823,0.827,0.83,0.835,0.842,0.848,0.855,0.861,0.864,0.868,0.869,0.87,0.87,0.873,0.873,0.875,0.879,0.883,0.887,0.892,0.896,0.9,0.904,0.906,0.906,0.908,0.909,0.912,0.916,0.919,0.921,0.921,0.92,0.923,0.919,0,0,0,0,0.838,0.83,0.825,0.823,0.818,0.816,0.815,0.815,0.815,0.816,0.816,0.818,0.821,0.823,0.825,0.826,0.828,0.83,0.833,0.835,0.837,0.837,0.84,0.841,0.842,0,0,2.187,2.195,2.203,2.203,2.203,2.219,2.219,2.227,2.235,2.243,2.251,2.259,2.251,2.268,2.268,2.268,2.268,2.259,2.259,2.259,2.243,2.227,2.211,2.203,2.179,2.164,2.156,2.149,2.134,2.127,2.127,2.127,2.119,2.127,2.119,2.112,2.105,2.097,2.09,2.09,2.083
0,0,0,0,0,0,0,0,0,0,0,0,0,0,0,0,0,0,0,0,0,0,0,0,0,0,0,0,0,0,0,0,0,0,0,0.794,0.794,0.794,0.794,0.794,0.794,0.794,0.794,0.795,0.795,0.796,0.798,0.8,0.802,0.805,0.808,0.811,0.813,0.816,0.819,0.823,0.825,0.827,0.83,0.834,0.837,0.841,0.849,0.863,0.88,0,0,0.962,0.993,1.001,1.014,1.023,1.031,1.035,1.036,1.038,1.04,1.043,1.047,1.049,1.052,1.056,1.058,1.061,1.067,1.071,1.073,1.076,1.078,1.08,1.078,1.08,1.082,1.084,1.084,1.084,1.086,1.086,1.088,1.09,1.092,1.092,1.092,1.094,1.095,1.097,1.099,1.099,1.101,1.101,1.103,1.103,1.107,1.111,1.113,1.117,1.124,1.128,1.132,1.138,1.142,1.147,1.151,1.153,1.153,1.155,1.153,1.151,1.149,1.147,1.138,1.128,0,0,1.103,0,0,0,0,0,0,0,0,0,0,0,0,0,0,0,0,0,0,0,0,0,0,0,0,0,0,0.461,0.461,0.461,0.462,0.462,0.462,0.462,0.462,0.463,0.463,0.463,0.463,0.464,0.464,0.465,0.465,0.466,0.466,0.467,0.468,0.468,0.469,0.47,0.471,0.471,0.472,0.472,0.473,0.473,0.474,0.474,0.474,0.475,0.475,0.475,0.476,0.476,0.476,0.477,0.478,0.479,0.48,0.481,0.482,0.483,0.484,0.485,0.485,0.487,0.488,0.489,0.49,0.492,0.494,0.496,0.497,0.498,0.5,0.501,0.502,0.503,0.503,0.503,0.503,0.503,0.503,0.502,0.502,0.501,0.5,0.5,0.5,0.499,0.499,0.498,0.498,0.498,0.498,0.498,0.498,0.499,0.499,0.5,0.5,0.501,0.502,0.503,0.503,0.504,0.505,0.506,0.506,0.507,0.507,0.508,0.509,0.51,0.511,0.512,0.513,0.514,0.516,0.517,0.519,0.52,0.522,0.523,0.524,0.525,0.527,0.528,0.528,0.53,0.531,0.532,0.533,0.534,0.536,0.537,0.539,0.541,0.542,0.543,0.544,0.546,0.547,0.549,0.55,0.551,0.552,0.553,0.554,0.554,0.555,0.555,0.556,0.556,0.557,0.558,0.558,0.559,0.561,0.562,0.563,0.565,0.566,0.568,0.569,0.57,0.571,0.571,0.572,0.572,0.572,0.572,0.572,0.572,0.571,0.571,0.571,0.571,0.57,0.57,0.57,0.57,0.57,0.57,0.571,0.571,0.572,0.572,0.573,0.573,0.574,0.574,0.574,0.575,0.576,0.577,0.577,0.578,0.579,0.58,0.581,0.583,0.584,0.586,0.588,0.59,0.594,0.597,0.6,0.603,0.606,0.61,0.613,0.616,0.618,0.62,0.621,0.623,0.624,0.625,0.626,0.626,0.628,0.629,0.63,0.631,0.633,0.634,0.636,0.638,0.64,0.641,0.643,0.645,0.647,0.649,0.652,0.654,0.657,0.659,0.662,0,0,0,0,0,0,0,0.704,0.708,0.71,0.712,0.715,0.72,0.724,0.727,0.73,0.732,0.733,0.734,0.736,0.738,0.738,0.739,0.739,0.74,0,0,0,0,0,0,0,0,0,0,0,0,0,3.573,3.573,3.573,3.552,3.532,3.512,3.512,3.512,3.512,3.492,3.492,3.492,3.472,3.472,3.472,3.453,3.472,3.453,3.453,3.453,3.433,0,0,0,0,0,0,0,0,0,0,0,0,0,1.244,1.234,1.222,1.212,1.205,0,0,0,0,0,0,0,0,0,0,0,0,0,0.742,0.742,0.742,0.743,0.743,0.744,0.745,0.746,0.746,0.747,0.748,0.748,0.749,0.749,0.749,0.749,0.75,0.75,0.751,0.752,0.753,0.755,0.757,0.759,0.762,0.764,0.767,0.769,0.772,0.774,0.776,0.778,0.78,0.781,0.783,0.784,0.786,0.787,0.79,0.791,0.793,0.796,0.798,0.8,0.802,0.805,0.808,0.81,0.813,0.816,0.818,0.821,0.822,0.823,0.823,0.824,0.823,0.823,0.825,0.828,0.832,0.836,0.842,0.848,0.855,0.861,0.866,0.869,0.869,0.87,0.87,0.873,0.873,0.875,0.878,0.882,0.886,0.889,0.895,0.897,0.901,0.904,0.904,0.906,0.908,0.909,0.912,0.916,0.919,0.92,0.92,0.92,0.917,0,0.897,0,0.858,0.843,0.835,0.828,0.825,0.822,0.818,0.817,0.816,0.816,0.816,0.817,0.819,0.822,0.824,0.825,0.827,0.829,0.832,0.834,0.835,0.837,0.838,0.84,0.842,0.842,0,0,2.179,2.187,2.187,2.195,2.195,2.203,2.211,2.211,2.227,2.227,2.227,2.235,2.243,2.243,2.251,2.251,2.251,2.243,2.243,2.235,2.235,2.219,2.211,2.195,2.179,2.164,2.156,2.149,2.134,2.127,2.127,2.119,2.112,2.112,2.112,2.097,2.083,2.083,2.083,2.076,2.069
0,0,0,0,0,0,0,0,0,0,0,0,0,0,0,0,0,0,0,0,0,0,0,0,0,0,0,0,0,0,0,0,0,0,0,0.791,0.792,0.792,0.792,0.792,0.792,0.792,0.792,0.793,0.793,0.794,0.795,0.797,0.8,0.802,0.805,0.809,0.811,0.814,0.817,0.821,0.824,0.826,0.829,0.833,0.836,0.84,0.847,0.857,0.869,0,0,0.941,0.968,0.993,1.009,1.021,1.031,1.035,1.038,1.04,1.043,1.045,1.049,1.051,1.054,1.058,1.061,1.065,1.069,1.074,1.076,1.08,1.082,1.082,1.082,1.084,1.084,1.086,1.086,1.088,1.088,1.09,1.09,1.092,1.092,1.094,1.094,1.095,1.097,1.099,1.099,1.101,1.103,1.103,1.103,1.105,1.109,1.111,1.115,1.119,1.126,1.13,1.134,1.14,1.144,1.147,1.151,1.153,1.155,1.155,1.153,1.151,1.149,1.144,1.136,1.126,0,0,0,0,0,0,0,0,0,0,0,0,0,0,0,0,0,0,0,0,0,0,0,0,0,0,0,0,0,0.461,0.462,0.462,0.462,0.462,0.462,0.463,0.463,0.463,0.463,0.463,0.464,0.465,0.465,0.465,0.466,0.466,0.467,0.468,0.468,0.469,0.47,0.471,0.471,0.472,0.472,0.473,0.473,0.473,0.474,0.474,0.474,0.475,0.475,0.475,0.476,0.476,0.476,0.477,0.478,0.479,0.48,0.481,0.482,0.483,0.484,0.485,0.486,0.487,0.488,0.489,0.491,0.492,0.494,0.496,0.497,0.498,0.5,0.5,0.501,0.502,0.502,0.502,0.503,0.503,0.502,0.502,0.501,0.501,0.5,0.5,0.5,0.5,0.499,0.499,0.499,0.499,0.499,0.499,0.499,0.5,0.5,0.501,0.501,0.502,0.503,0.504,0.505,0.505,0.507,0.507,0.508,0.508,0.509,0.51,0.51,0.511,0.512,0.513,0.514,0.516,0.517,0.519,0.52,0.521,0.523,0.524,0.525,0.526,0.527,0.528,0.529,0.53,0.531,0.532,0.533,0.535,0.536,0.538,0.54,0.541,0.542,0.543,0.545,0.546,0.548,0.549,0.551,0.552,0.553,0.553,0.554,0.555,0.555,0.556,0.556,0.556,0.557,0.558,0.559,0.56,0.561,0.563,0.564,0.566,0.567,0.569,0.57,0.571,0.571,0.572,0.572,0.572,0.572,0.572,0.572,0.572,0.572,0.572,0.572,0.571,0.571,0.571,0.571,0.571,0.571,0.571,0.571,0.572,0.573,0.573,0.574,0.574,0.574,0.575,0.575,0.576,0.577,0.578,0.579,0.579,0.58,0.582,0.583,0.584,0.586,0.587,0.589,0.591,0.594,0.597,0.601,0.604,0.607,0.611,0.615,0.617,0.619,0.621,0.623,0.623,0.625,0.625,0.626,0.627,0.628,0.629,0.63,0.631,0.632,0.634,0.635,0.637,0.639,0.64,0.642,0.644,0.646,0.649,0.652,0.654,0.658,0.662,0.667,0,0,0,0,0,0,0,0,0,0.715,0.716,0.72,0.724,0.727,0.73,0.732,0.735,0.738,0.739,0.74,0.74,0.741,0.742,0.743,0.743,0,0,0,0,0,0,0,0,0,0,0,0,0,3.615,3.594,3.573,3.573,3.552,3.512,3.512,3.512,3.512,3.492,3.492,3.492,3.472,3.472,3.472,3.472,3.472,3.453,3.453,0,0,0,0,0,0,0,0,0,0,0,0,0,0,1.247,1.239,1.229,1.217,1.207,1.203,1.196,0,0,0,0,0,0,0,0,0,0,0,0,0.743,0.743,0.743,0.743,0.744,0.745,0.746,0.747,0.747,0.748,0.749,0.749,0.749,0.749,0.749,0.75,0.75,0.751,0.751,0.753,0.754,0.755,0.757,0.759,0.761,0.763,0.766,0.769,0.772,0.775,0.777,0.78,0.782,0.784,0.785,0.786,0.789,0.791,0.793,0.795,0.797,0.799,0.801,0.803,0.805,0.809,0.811,0.813,0.816,0.819,0.822,0.824,0.825,0.826,0.827,0.826,0.825,0.825,0.826,0.829,0.833,0.836,0.842,0.848,0.854,0.861,0.866,0.869,0.87,0.872,0.872,0.873,0.873,0.875,0.878,0.88,0.884,0.888,0.892,0.896,0.898,0.9,0.901,0.902,0.905,0.906,0.909,0.913,0.916,0.916,0.917,0.917,0.916,0.909,0,0.88,0.863,0.848,0.84,0.834,0.83,0.826,0.822,0.819,0.818,0.818,0.818,0.818,0.821,0.822,0.824,0.826,0.827,0.829,0.832,0.834,0.836,0.837,0.837,0.84,0,0,0,0,0,0,0,2.149,2.164,2.172,2.187,2.187,2.195,2.203,2.211,2.211,2.211,2.219,2.219,2.219,2.219,2.227,2.227,2.219,2.211,2.203,2.203,2.187,2.179,2.172,2.156,2.156,2.141,2.134,2.127,2.119,2.112,2.105,2.097,2.09,2.076,2.069,2.062,2.062,2.055
0,0,0,0,0,0,0,0,0,0,0,0,0,0,0,0,0,0,0,0,0,0,0,0,0,0,0,0,0,0,0,0,0,0,0,0,0.79,0.79,0.79,0.79,0.789,0.79,0.79,0.79,0.791,0.792,0.793,0.794,0.797,0.8,0.802,0.805,0.809,0.812,0.815,0.818,0.822,0.825,0.828,0.832,0.835,0.838,0.844,0.85,0.858,0.886,0.906,0,0,0.983,1.003,1.017,1.031,1.036,1.04,1.043,1.045,1.049,1.052,1.054,1.058,1.061,1.065,1.069,1.073,1.076,1.08,1.082,1.084,1.086,1.086,1.088,1.088,1.09,1.09,1.09,1.09,1.09,1.092,1.094,1.094,1.094,1.095,1.095,1.099,1.099,1.101,1.103,1.103,1.105,1.105,1.109,1.111,1.115,1.119,1.121,1.126,1.13,1.136,1.14,1.144,1.149,1.151,1.153,1.155,1.155,1.153,1.149,1.147,1.144,1.136,1.128,0,0,1.105,1.094,0,0,0,0,0,0,0,0,0,0,0,0,0,0,0,0,0,0,0,0,0,0,0,0,0,0,0,0.462,0.462,0.462,0.463,0.463,0.463,0.464,0.464,0.464,0.465,0.465,0.466,0.466,0.467,0.467,0.468,0.469,0.469,0.47,0.471,0.471,0.472,0.472,0.472,0.473,0.473,0.473,0.474,0.474,0.475,0.475,0.475,0.476,0.476,0.476,0.476,0.477,0.478,0.479,0.48,0.481,0.482,0.483,0.484,0.485,0.486,0.487,0.488,0.49,0.491,0.492,0.494,0.495,0.497,0.498,0.499,0.5,0.5,0.501,0.501,0.502,0.502,0.502,0.502,0.502,0.502,0.501,0.501,0.5,0.5,0.5,0.5,0.5,0.5,0.5,0.5,0.5,0.5,0.5,0.501,0.502,0.502,0.503,0.504,0.505,0.506,0.507,0.508,0.509,0.51,0.51,0.51,0.511,0.512,0.513,0.514,0.515,0.516,0.517,0.519,0.52,0.521,0.523,0.523,0.525,0.526,0.527,0.528,0.528,0.529,0.53,0.531,0.533,0.534,0.535,0.536,0.538,0.54,0.541,0.543,0.544,0.545,0.547,0.548,0.55,0.551,0.552,0.553,0.554,0.554,0.555,0.555,0.556,0.556,0.556,0.557,0.558,0.559,0.56,0.562,0.563,0.565,0.566,0.569,0.57,0.571,0.572,0.572,0.572,0.573,0.573,0.573,0.573,0.573,0.572,0.572,0.572,0.572,0.572,0.572,0.572,0.572,0.572,0.572,0.572,0.573,0.573,0.574,0.574,0.575,0.575,0.575,0.576,0.577,0.577,0.578,0.579,0.58,0.581,0.583,0.583,0.585,0.586,0.587,0.589,0.59,0.593,0.596,0.598,0.602,0.605,0.608,0.612,0.615,0.618,0.62,0.622,0.623,0.624,0.625,0.626,0.626,0.627,0.628,0.629,0.63,0.631,0.632,0.634,0.634,0.636,0.638,0.64,0.642,0.643,0.646,0.648,0.651,0.655,0.659,0.665,0,0,0,0,0,0,0,0.715,0.717,0.719,0.72,0.721,0.723,0.727,0.731,0.733,0.737,0.739,0.741,0.742,0.743,0.745,0.746,0.747,0.747,0,0,0,0,0,0,0,0,0,0,0,0,0,0,3.658,3.615,3.615,3.594,3.573,3.532,3.532,3.512,3.512,3.492,3.492,3.492,3.492,3.492,3.492,3.472,3.472,3.472,0,0,0,0,0,0,0,0,0,0,0,1.242,1.244,1.242,1.242,1.239,1.232,1.222,1.215,1.205,1.198,1.191,1.184,0,0,0,0,0,0,0,0,0,0,0,0.744,0.743,0.744,0.744,0.745,0.746,0.746,0.747,0.747,0.748,0.749,0.749,0.749,0.749,0.749,0.75,0.75,0.751,0.751,0.753,0.754,0.755,0.757,0.759,0.761,0.763,0.766,0.769,0.772,0.775,0.777,0.78,0.782,0.784,0.787,0.789,0.791,0.793,0.795,0.797,0.799,0.802,0.804,0.807,0.809,0.811,0.813,0.816,0.819,0.822,0.825,0.827,0.828,0.829,0.83,0.83,0.829,0.828,0.828,0.83,0.834,0.837,0.842,0.848,0.854,0.861,0.866,0.869,0.87,0.872,0.872,0.873,0.874,0.875,0.878,0.88,0.884,0.887,0.891,0.893,0.896,0.897,0.898,0.9,0.901,0.904,0.906,0.91,0.913,0.915,0.915,0.915,0.913,0.908,0.897,0,0.868,0.856,0.848,0.841,0.836,0.83,0.825,0.823,0.821,0.821,0.819,0.821,0.822,0.823,0.824,0.826,0.827,0.829,0.83,0.834,0.835,0.836,0.837,0.84,0,0,0,0,0,0,0,2.127,2.141,2.149,2.164,2.164,2.164,2.179,2.172,2.172,0,2.172,2.179,2.172,2.179,2.187,2.187,2.187,2.179,2.179,2.164,2.164,2.156,2.156,2.156,2.149,2.141,2.141,2.134,2.127,2.119,2.112,2.105,2.097,2.076,2.076,2.069,2.062,2.055
0,0,0,0,0,0,0,0,0,0,0,0,0,0,0,0,0,0,0,0,0,0,0,0,0,0,0,0,0,0,0,0,0,0,0,0,0.789,0.788,0.788,0.788,0.788,0.788,0.788,0.788,0.789,0.79,0.79,0.792,0.794,0.797,0.8,0.803,0.807,0.81,0.813,0.816,0.821,0.823,0.826,0.829,0.834,0.837,0.841,0.845,0.851,0.877,0.897,0.92,0.945,0.974,0.996,1.017,1.029,1.036,1.04,1.043,1.047,1.051,1.052,1.056,1.06,1.063,1.067,1.071,1.074,1.078,1.082,1.084,1.086,1.088,1.088,1.088,1.09,1.09,1.09,1.092,1.092,1.092,1.092,1.094,1.094,1.095,1.095,1.097,1.099,1.101,1.101,1.103,1.105,1.105,1.107,1.111,1.113,1.115,1.119,1.124,1.128,1.132,1.136,1.14,1.144,1.147,1.149,1.151,1.153,1.153,1.153,1.149,1.147,1.144,1.134,1.126,1.124,1.115,1.107,1.097,0,0,0,0,0,0,0,0,0,0,0,0,0,0,0,0,0,0,0,0,0,0,0,0,0,0,0.461,0.462,0.462,0.463,0.463,0.464,0.464,0.464,0.465,0.465,0.466,0.466,0.467,0.467,0.468,0.468,0.469,0.469,0.47,0.471,0.471,0.472,0.472,0.472,0.473,0.473,0.473,0.473,0.474,0.474,0.475,0.475,0.475,0.476,0.476,0.476,0.477,0.478,0.478,0.479,0.48,0.481,0.482,0.483,0.484,0.485,0.486,0.487,0.489,0.49,0.491,0.493,0.494,0.496,0.497,0.498,0.499,0.5,0.5,0.501,0.501,0.502,0.502,0.503,0.503,0.503,0.503,0.502,0.502,0.502,0.501,0.501,0.5,0.5,0.5,0.5,0.5,0.5,0.5,0.501,0.502,0.503,0.503,0.505,0.506,0.507,0.507,0.508,0.509,0.51,0.511,0.511,0.512,0.512,0.513,0.514,0.515,0.516,0.517,0.519,0.52,0.521,0.522,0.523,0.524,0.525,0.526,0.527,0.528,0.528,0.529,0.53,0.531,0.533,0.533,0.535,0.536,0.538,0.54,0.541,0.542,0.544,0.546,0.547,0.548,0.55,0.551,0.552,0.553,0.554,0.555,0.555,0.555,0.556,0.556,0.557,0.557,0.558,0.56,0.561,0.562,0.564,0.566,0.568,0.57,0.571,0.572,0.573,0.573,0.573,0.573,0.573,0.573,0.573,0.573,0.573,0.573,0.573,0.572,0.572,0.572,0.572,0.573,0.573,0.573,0.574,0.574,0.574,0.575,0.575,0.576,0.577,0.577,0.578,0.578,0.578,0.579,0.581,0.581,0.583,0.584,0.585,0.586,0.588,0.589,0.59,0.591,0.594,0.597,0.6,0.602,0.606,0.61,0.613,0.616,0.618,0.621,0.622,0.624,0.625,0.626,0.626,0.626,0.628,0.628,0.629,0.63,0.63,0.632,0.633,0.634,0.636,0.638,0.639,0.641,0.642,0.646,0.65,0.654,0.66,0.667,0.673,0.681,0.69,0.698,0.706,0.712,0.716,0.718,0.72,0.721,0.723,0.724,0.726,0.728,0.731,0.734,0.737,0.74,0.742,0.746,0.747,0.749,0.749,0.751,0.752,0.753,0,0,0,0,0,0,0,0,0,0,0,0,0,0,0,3.658,3.615,3.615,3.573,3.532,3.532,3.512,3.512,3.512,3.512,3.492,3.492,3.492,3.492,3.472,0,0,0,0,0,0,0,0,0,0,0,1.229,1.232,1.234,1.234,1.237,1.234,1.232,1.227,1.217,1.21,1.203,1.196,1.191,1.182,0,0,0,0,0,0,0,0,0,0,0,0.744,0.744,0.745,0.746,0.746,0.746,0.747,0.747,0.748,0.748,0.749,0.749,0.749,0.749,0.749,0.75,0.75,0.751,0.751,0.752,0.753,0.755,0.757,0.758,0.76,0.762,0.766,0.768,0.772,0.774,0.777,0.781,0.783,0.785,0.788,0.79,0.793,0.795,0.798,0.8,0.802,0.804,0.807,0.81,0.812,0.814,0.816,0.819,0.822,0.825,0.828,0.83,0.833,0.833,0.834,0.834,0.832,0.83,0.83,0.83,0.834,0.836,0.84,0.845,0.851,0.858,0.863,0.868,0.87,0.872,0.873,0.874,0.875,0.875,0.878,0.88,0.883,0.886,0.888,0.891,0.893,0.895,0.897,0.898,0.898,0.9,0.904,0.906,0.909,0.909,0.91,0.91,0.908,0.904,0.896,0.886,0.873,0.861,0.854,0.847,0.841,0.835,0.829,0.826,0.824,0.823,0.822,0.822,0.823,0.824,0.825,0.826,0.827,0.829,0.832,0.834,0.835,0.836,0.836,0.837,0.84,0,0,0,0,0,0,0,0,0,2.141,2.141,2.149,2.156,0,2.156,2.156,0,0,2.164,2.164,2.172,2.172,2.172,2.172,2.164,2.164,2.156,2.156,2.149,2.149,2.141,2.141,2.134,2.134,2.127,2.119,2.112,2.112,2.105,2.097,2.083,2.083,2.076,2.076
0,0,0,0,0,0,0,0,0,0,0,0,0,0,0,0,0,0,0,0,0,0,0,0,0,0,0,0,0,0,0,0,0,0,0,0.788,0.788,0.787,0.787,0.787,0.786,0.786,0.786,0.786,0.787,0.787,0.788,0.79,0.792,0.795,0.798,0.801,0.804,0.808,0.812,0.815,0.818,0.823,0.826,0.83,0.834,0.836,0.842,0.847,0.857,0.873,0.892,0.917,0.944,0.971,0.994,1.016,1.031,1.036,1.04,1.043,1.047,1.051,1.054,1.056,1.06,1.063,1.069,1.073,1.076,1.08,1.082,1.086,1.088,1.088,1.09,1.09,1.09,1.092,1.092,1.092,1.092,1.094,1.094,1.094,1.095,1.095,1.095,1.097,1.099,1.101,1.103,1.105,1.105,1.107,1.109,1.111,1.115,1.117,1.121,1.124,1.128,1.132,1.138,1.142,1.144,1.147,1.151,1.151,1.153,1.153,1.151,1.149,1.147,1.142,1.136,1.128,1.124,0,1.113,1.103,0,0,0,0,0,0,0,0,0,0,0,0,0,0,0,0,0,0,0,0,0,0,0,0,0,0,0,0,0,0,0,0,0.465,0.465,0.465,0.466,0.466,0.467,0.467,0.468,0.468,0.469,0.469,0.47,0.471,0.471,0.472,0.472,0.472,0.472,0.473,0.473,0.473,0.473,0.474,0.474,0.475,0.475,0.476,0.476,0.477,0.477,0.478,0.478,0.479,0.479,0.48,0.481,0.482,0.483,0.484,0.485,0.486,0.487,0.489,0.49,0.492,0.493,0.494,0.496,0.497,0.498,0.499,0.499,0.5,0.501,0.502,0.502,0.503,0.503,0.503,0.503,0.503,0.503,0.503,0.503,0.502,0.502,0.502,0.501,0.501,0.501,0.501,0.501,0.501,0.502,0.503,0.503,0.504,0.505,0.507,0.507,0.509,0.509,0.51,0.511,0.512,0.512,0.513,0.513,0.514,0.515,0.516,0.517,0.518,0.519,0.521,0.522,0.523,0.524,0.525,0.526,0.527,0.527,0.528,0.528,0.529,0.53,0.531,0.532,0.533,0.534,0.536,0.538,0.539,0.541,0.542,0.543,0.545,0.547,0.548,0.55,0.551,0.552,0.553,0.554,0.554,0.555,0.555,0.556,0.556,0.557,0.558,0.559,0.56,0.561,0.563,0.565,0.566,0.569,0.571,0.572,0.573,0.574,0.574,0.574,0.574,0.574,0.574,0.574,0.573,0.573,0.573,0.573,0.573,0.573,0.573,0.573,0.573,0.574,0.574,0.574,0.575,0.575,0.577,0.577,0.578,0.578,0.578,0.579,0.579,0.58,0.581,0.583,0.584,0.585,0.586,0.587,0.588,0.589,0.59,0.591,0.593,0.594,0.597,0.6,0.603,0.607,0.61,0.614,0.617,0.619,0.621,0.623,0.624,0.625,0.626,0.626,0.627,0.628,0.628,0.629,0.63,0.63,0.632,0.633,0.634,0.636,0.637,0.638,0.642,0.644,0.65,0.656,0.662,0.669,0.678,0.685,0.694,0.701,0.707,0.714,0.719,0.722,0.723,0.725,0.726,0.728,0.729,0.73,0.732,0.735,0.738,0.741,0.744,0.747,0.749,0.751,0.753,0.755,0.755,0,0,0,0,0,0,0,0,0,0,0,0,0,0,0,0,0,0,3.658,3.636,3.594,3.552,3.532,3.532,3.532,3.532,3.512,3.512,3.512,0,0,0,0,0,0,0,0,0,0,0,0,0,0,1.222,1.224,1.227,1.227,1.227,1.227,1.227,1.219,1.21,1.203,1.198,1.193,1.186,1.177,0,0,0,0,0,0,0,0,0,0,0.746,0.746,0.745,0.746,0.746,0.746,0.747,0.747,0.748,0.748,0.749,0.749,0.749,0.749,0.749,0.749,0.75,0.75,0.751,0.751,0.752,0.752,0.754,0.755,0.757,0.759,0.762,0.764,0.767,0.771,0.774,0.777,0.781,0.784,0.787,0.79,0.793,0.795,0.798,0.8,0.803,0.804,0.808,0.81,0.812,0.814,0.816,0.818,0.822,0.824,0.828,0.832,0.834,0.836,0.837,0.837,0.837,0.836,0.833,0.832,0.832,0.833,0.835,0.837,0.843,0.849,0.855,0.86,0.866,0.868,0.87,0.873,0.873,0.875,0.875,0.877,0.88,0.882,0.884,0.887,0.888,0.891,0.893,0.895,0.896,0.897,0.898,0.901,0.904,0.906,0.906,0.906,0.906,0.904,0.898,0.892,0.884,0.875,0.866,0.858,0.85,0.844,0.837,0.833,0.828,0.826,0.824,0.823,0.823,0.823,0.824,0.825,0.827,0.828,0.829,0.832,0.833,0.834,0.835,0.836,0.837,0,0,0,0,0,0,0,0,0,2.105,0,0,2.127,2.134,2.141,2.141,2.141,2.141,2.149,2.156,2.156,2.164,2.164,2.164,2.164,2.156,2.156,2.149,2.149,2.149,2.141,2.134,2.127,2.127,2.127,2.127,2.119,2.119,2.112,2.105,2.09,2.083,2.083,2.076,2.069
0,0,0,0,0,0,0,0,0,0,0,0,0,0,0,0,0,0,0,0,0,0,0,0,0,0,0,0,0,0,0,0.79,0.79,0.789,0.788,0.789,0.788,0.786,0.786,0.786,0.785,0.785,0.785,0.785,0.785,0.786,0.787,0.788,0.79,0.793,0.796,0.799,0.803,0.807,0.81,0.813,0.817,0.821,0.825,0.828,0.833,0.835,0.843,0.847,0.858,0.873,0.893,0.917,0.944,0.971,0.993,1.014,1.029,1.036,1.04,1.043,1.047,1.051,1.052,1.054,1.058,1.061,1.067,1.071,1.074,1.08,1.082,1.084,1.088,1.088,1.09,1.09,1.092,1.092,1.094,1.094,1.094,1.094,1.094,1.095,1.095,1.095,1.095,1.097,1.099,1.101,1.103,1.105,1.105,1.107,1.109,1.111,1.115,1.117,1.121,1.126,1.13,1.132,1.136,1.14,1.142,1.144,1.147,1.151,1.151,1.151,1.151,1.147,1.147,1.142,1.138,1.13,1.128,1.124,1.117,1.111,1.105,1.101,0,0,0,0,0,0,0,0,0,0,0,0,0,0,0,0,0,0,0,0,0,0,0,0,0,0,0,0,0,0,0.465,0.466,0.466,0.467,0.467,0.468,0.468,0.468,0.469,0.469,0.47,0.471,0.471,0.471,0.472,0.472,0.472,0.472,0.473,0.473,0.473,0.473,0.474,0.475,0.475,0.476,0.476,0.477,0.478,0.478,0.479,0.479,0.479,0.48,0.481,0.482,0.482,0.484,0.484,0.485,0.487,0.488,0.489,0.49,0.492,0.493,0.494,0.496,0.497,0.498,0.498,0.499,0.5,0.501,0.502,0.503,0.503,0.504,0.504,0.504,0.504,0.504,0.504,0.504,0.503,0.503,0.503,0.502,0.502,0.502,0.501,0.502,0.502,0.503,0.503,0.504,0.505,0.506,0.507,0.508,0.509,0.51,0.511,0.512,0.512,0.513,0.513,0.514,0.515,0.516,0.517,0.518,0.519,0.52,0.522,0.523,0.524,0.525,0.526,0.527,0.528,0.528,0.528,0.528,0.529,0.53,0.531,0.532,0.533,0.534,0.536,0.537,0.539,0.54,0.541,0.543,0.545,0.546,0.548,0.549,0.551,0.552,0.553,0.554,0.554,0.555,0.555,0.556,0.557,0.557,0.558,0.559,0.56,0.562,0.564,0.565,0.567,0.569,0.571,0.572,0.573,0.574,0.574,0.575,0.575,0.574,0.574,0.574,0.573,0.573,0.573,0.573,0.573,0.573,0.573,0.573,0.574,0.574,0.575,0.575,0.576,0.577,0.577,0.578,0.579,0.579,0.58,0.58,0.581,0.581,0.583,0.584,0.585,0.587,0.588,0.589,0.59,0.591,0.593,0.594,0.595,0.597,0.599,0.602,0.605,0.608,0.612,0.615,0.617,0.62,0.621,0.623,0.624,0.625,0.626,0.626,0.628,0.628,0.628,0.629,0.63,0.631,0.632,0.633,0.634,0.636,0.638,0.641,0.645,0.65,0.656,0.663,0.672,0.681,0.69,0.697,0.704,0.71,0.717,0.72,0.725,0.726,0.727,0.728,0.73,0.732,0.733,0.733,0.736,0.74,0.742,0.746,0.749,0.751,0.754,0.756,0.758,0.761,0.762,0,0,0,0,0,0,0,0,0,0,0,0,0,0,0,0,0,0,0,0,0,0,0,0,0,0,3.532,0,0,0,0,0,0,0,0,0,0,0,0,0,0,1.219,1.219,1.217,1.219,1.219,1.219,1.219,1.219,1.217,1.212,1.203,1.196,1.191,1.182,1.173,0,0,0,0,0,0,0,0,0,0,0,0.747,0.746,0.746,0.747,0.747,0.747,0.747,0.748,0.748,0.749,0.749,0.749,0.749,0.749,0.749,0.749,0.75,0.75,0.75,0.751,0.751,0.752,0.753,0.755,0.756,0.758,0.76,0.763,0.766,0.77,0.773,0.777,0.782,0.785,0.789,0.792,0.794,0.798,0.8,0.803,0.805,0.807,0.809,0.812,0.814,0.816,0.818,0.819,0.823,0.826,0.829,0.833,0.835,0.837,0.84,0.84,0.838,0.837,0.835,0.834,0.833,0.833,0.834,0.836,0.84,0.844,0.85,0.856,0.861,0.866,0.869,0.872,0.874,0.874,0.875,0.877,0.879,0.882,0.883,0.884,0.887,0.889,0.891,0.893,0.893,0.895,0.896,0.898,0.9,0.902,0.904,0.902,0.901,0.897,0.893,0.887,0.88,0.873,0.866,0.858,0.852,0.845,0.84,0.835,0.83,0.827,0.826,0.824,0.824,0.824,0.825,0.826,0.827,0.828,0.829,0.83,0.833,0.834,0.835,0.836,0,0,0,0,0,0,0,0,0,2.062,2.083,2.097,2.097,2.105,2.112,2.119,2.127,2.127,2.127,2.141,2.141,2.149,2.156,2.156,2.156,2.156,2.149,2.149,2.149,2.141,2.149,2.141,2.134,2.127,2.127,2.119,2.119,2.119,2.119,2.105,2.097,2.083,2.083,2.076,2.076,2.069
0,0,0,0,0,0,0,0,0,0,0,0,0,0,0,0,0,0,0,0,0,0,0,0,0,0,0,0,0,0,0,0.792,0.791,0.79,0.789,0.789,0.788,0.786,0.785,0.785,0.784,0.784,0.784,0.783,0.783,0.785,0.785,0.787,0.788,0.791,0.794,0.797,0.8,0.803,0.808,0.81,0.814,0.818,0.823,0.826,0.829,0.834,0.843,0.85,0.862,0.877,0.897,0.919,0.945,0.969,0.993,1.014,1.028,1.036,1.04,1.042,1.045,1.049,1.052,1.054,1.058,1.061,1.065,1.069,1.074,1.078,1.08,1.084,1.086,1.088,1.088,1.09,1.092,1.092,1.094,1.092,1.092,1.094,1.094,1.094,1.094,1.095,1.095,1.097,1.099,1.099,1.101,1.103,1.105,1.107,1.109,1.113,1.115,1.119,1.121,1.126,1.128,1.132,1.134,1.138,1.142,1.144,1.147,1.149,1.151,1.151,1.149,1.147,1.144,1.142,1.138,1.132,1.13,1.126,1.119,1.115,1.109,0,0,0,0,0,0,0,0,0,0,0,0,0,0,0,0,0,0,0,0,0,0,0,0,0,0,0,0,0,0,0.466,0.466,0.467,0.467,0.468,0.468,0.468,0.469,0.469,0.47,0.47,0.471,0.471,0.471,0.471,0.472,0.472,0.472,0.472,0.473,0.473,0.473,0.473,0.474,0.475,0.476,0.476,0.478,0.478,0.479,0.479,0.48,0.48,0.481,0.481,0.482,0.482,0.483,0.484,0.485,0.486,0.487,0.489,0.489,0.491,0.492,0.494,0.495,0.496,0.497,0.498,0.499,0.5,0.501,0.502,0.503,0.504,0.505,0.505,0.505,0.505,0.505,0.505,0.505,0.505,0.505,0.504,0.503,0.503,0.503,0.503,0.502,0.502,0.503,0.503,0.504,0.505,0.506,0.507,0.508,0.509,0.51,0.511,0.512,0.512,0.513,0.513,0.514,0.515,0.516,0.516,0.517,0.519,0.52,0.521,0.523,0.524,0.525,0.526,0.527,0.527,0.528,0.528,0.528,0.529,0.529,0.53,0.531,0.532,0.533,0.534,0.535,0.537,0.538,0.54,0.541,0.542,0.544,0.545,0.547,0.549,0.55,0.551,0.553,0.553,0.554,0.555,0.555,0.556,0.557,0.557,0.558,0.56,0.561,0.562,0.564,0.566,0.567,0.57,0.572,0.573,0.574,0.574,0.575,0.575,0.575,0.575,0.574,0.574,0.574,0.574,0.573,0.573,0.573,0.573,0.573,0.574,0.574,0.575,0.575,0.576,0.577,0.578,0.579,0.58,0.58,0.581,0.581,0.582,0.583,0.584,0.584,0.586,0.587,0.589,0.59,0.591,0.592,0.593,0.594,0.594,0.596,0.598,0.6,0.603,0.605,0.609,0.612,0.615,0.618,0.62,0.621,0.623,0.624,0.625,0.626,0.627,0.628,0.628,0.629,0.629,0.63,0.631,0.632,0.634,0.634,0.635,0.637,0.643,0.648,0.65,0.654,0,0,0,0,0,0,0.72,0.724,0.726,0.728,0.728,0.73,0.731,0.732,0.734,0.736,0.737,0.74,0.743,0.747,0.75,0.754,0.757,0.76,0.762,0.764,0.767,0.768,0,0,0,0,0,0,0,0,0,0,0,0,0,0,0,0,0,0,0,0,0,0,0,0,0,0,0,0,0,0,0,0,0,0,0,0,0,0,0,0,1.217,1.215,1.215,1.215,1.215,1.215,1.215,1.212,1.212,1.21,1.203,1.193,1.186,1.177,1.166,1.157,0,0,0,0,0,0,0,0,0,0,0,0.748,0.747,0.747,0.748,0.747,0.748,0.748,0.748,0.749,0.749,0.749,0.749,0.749,0.749,0.749,0.749,0.749,0.75,0.75,0.751,0.751,0.751,0.752,0.753,0.755,0.757,0.759,0.762,0.764,0.77,0.773,0.777,0.783,0.786,0.79,0.793,0.796,0.799,0.802,0.804,0.807,0.809,0.811,0.813,0.815,0.816,0.818,0.821,0.825,0.828,0.832,0.837,0.84,0.843,0.845,0.845,0.844,0.841,0.838,0.836,0.833,0.833,0.833,0.834,0.837,0.841,0.845,0.851,0.856,0.861,0.866,0.87,0.873,0.874,0.875,0.877,0.879,0.88,0.882,0.884,0.884,0.887,0.889,0.891,0.892,0.893,0.893,0.896,0.898,0.9,0.901,0.9,0.898,0.896,0.889,0.883,0.878,0.872,0.864,0.858,0.851,0.845,0.84,0.835,0.832,0.828,0.827,0.825,0.825,0.825,0.825,0.827,0.828,0.829,0.83,0.832,0.833,0.834,0.835,0,0,0,0,0,0,0,0,0,0,0,0,0,0,0,2.09,2.097,2.105,2.105,2.112,2.119,2.127,2.134,2.149,2.149,2.149,2.149,2.149,2.141,2.141,2.141,2.141,2.134,2.127,2.127,2.119,2.119,2.112,2.112,2.112,2.112,2.097,2.083,2.083,2.076,2.069,2.069
0,0,0,0,0,0,0,0,0,0,0,0,0,0,0,0,0,0,0,0,0,0,0,0,0,0,0,0,0,0,0,0.793,0.793,0.792,0.792,0.791,0.789,0.788,0.787,0.785,0.784,0.783,0.783,0.783,0.783,0.784,0.784,0.785,0.787,0.789,0.792,0.795,0.798,0.8,0.803,0.807,0.811,0.815,0.818,0.823,0.827,0.83,0.843,0.852,0.867,0.883,0.902,0,0,0.974,0.996,1.014,1.028,1.035,1.04,1.042,1.043,1.047,1.051,1.052,1.056,1.06,1.063,1.067,1.073,1.076,1.078,1.082,1.084,1.086,1.088,1.088,1.09,1.092,1.092,1.092,1.092,1.094,1.092,1.094,1.094,1.095,1.095,1.097,1.097,1.099,1.101,1.103,1.105,1.107,1.109,1.111,1.115,1.119,1.119,1.124,1.128,1.13,1.134,1.136,1.14,1.142,1.144,1.147,1.149,1.149,1.149,1.147,1.144,1.144,1.14,1.134,1.134,1.128,1.124,1.119,1.117,1.113,1.101,0,0,0,0,0,0,0,0,0,0,0,0,0,0,0,0,0,0,0,0,0,0,0,0,0,0,0,0,0.467,0.467,0.467,0.468,0.468,0.469,0.469,0.469,0.47,0.471,0.471,0.471,0.471,0.472,0.472,0.472,0.472,0.472,0.472,0.473,0.473,0.473,0.474,0.475,0.476,0.477,0.477,0.478,0.479,0.48,0.48,0.481,0.481,0.482,0.482,0.483,0.483,0.484,0.484,0.485,0.487,0.487,0.489,0.49,0.491,0.492,0.494,0.495,0.497,0.498,0.498,0.5,0.501,0.502,0.503,0.504,0.505,0.506,0.506,0.507,0.507,0.507,0.506,0.506,0.506,0.505,0.505,0.505,0.504,0.504,0.503,0.503,0.503,0.503,0.504,0.505,0.505,0.506,0.507,0.508,0.51,0.51,0.511,0.512,0.513,0.513,0.514,0.514,0.515,0.516,0.517,0.518,0.519,0.521,0.522,0.523,0.525,0.526,0.527,0.527,0.528,0.528,0.528,0.529,0.529,0.53,0.53,0.531,0.532,0.533,0.534,0.535,0.537,0.538,0.54,0.541,0.542,0.543,0.545,0.546,0.548,0.55,0.551,0.552,0.553,0.554,0.555,0.556,0.557,0.557,0.558,0.559,0.56,0.561,0.563,0.564,0.566,0.569,0.571,0.572,0.573,0.575,0.575,0.575,0.576,0.576,0.576,0.575,0.575,0.575,0.574,0.574,0.574,0.574,0.574,0.574,0.574,0.575,0.576,0.577,0.577,0.578,0.579,0.58,0.581,0.582,0.583,0.583,0.584,0.584,0.585,0.586,0.587,0.588,0.59,0.591,0.592,0.593,0.594,0.594,0.596,0.596,0.598,0.601,0.604,0.606,0.609,0.613,0.616,0.618,0.62,0.621,0.623,0.624,0.626,0.626,0.628,0.628,0.628,0.629,0.63,0.631,0.632,0.633,0.634,0.635,0.636,0.637,0.644,0,0,0,0,0,0,0.712,0.718,0.722,0.726,0.729,0.731,0.732,0.733,0.734,0.736,0.738,0.739,0.74,0.743,0.745,0.749,0.751,0.755,0.758,0.761,0.763,0.767,0.77,0.772,0.774,0,0.778,0.781,0,0,0,0,0,0,0,0,0,0,0,0,0,0,0,0,0,0,0,0,0,0,0,0,0,0,0,0,0,0,0,0,0,0,0,0,1.212,1.212,1.212,1.212,1.21,1.21,1.21,1.205,1.203,1.2,1.193,1.186,1.177,1.168,0,1.151,1.14,0,0,0,0,0,0,0,0,0,0,0.749,0.749,0.748,0.748,0.748,0.749,0.749,0.749,0.749,0.749,0.749,0.749,0.749,0.749,0.749,0.749,0.749,0.749,0.749,0.749,0.75,0.75,0.751,0.752,0.752,0.753,0.754,0.757,0.759,0.762,0.768,0.772,0.777,0.783,0.788,0.791,0.795,0.798,0.801,0.802,0.805,0.808,0.81,0.811,0.813,0.815,0.817,0.819,0.822,0.828,0.833,0.838,0.847,0.851,0.855,0.856,0.856,0.854,0.849,0.844,0.841,0.835,0.832,0.832,0.83,0.834,0.837,0.842,0.847,0.851,0.855,0.861,0.867,0.872,0.874,0.875,0.877,0.879,0.88,0.882,0.882,0.884,0.886,0.887,0.888,0.888,0.889,0.891,0.892,0.895,0.896,0.897,0.898,0.896,0.891,0.884,0.878,0.872,0.867,0.862,0.856,0.85,0.844,0.84,0.835,0.833,0.829,0.828,0.826,0.826,0.825,0.826,0.827,0.828,0.83,0.83,0.832,0.833,0.834,0,0,0,0,0,0,0,0,0,0,0,0,0,0,0,0,0,0,0,0,0,2.105,2.112,0,0,0,2.134,2.134,0,2.134,2.127,2.127,2.134,2.119,2.119,2.119,2.119,2.119,2.112,2.112,2.112,2.105,2.097,2.09,2.09,2.083,2.076,0
0,0,0,0,0,0,0,0,0,0,0,0,0,0,0,0,0,0,0,0,0,0,0,0,0,0,0,0,0,0,0,0.795,0.794,0.793,0.793,0.791,0.79,0.789,0.788,0.786,0.784,0.784,0.783,0.782,0.782,0.783,0.783,0.784,0.785,0.787,0.789,0.793,0.795,0.797,0.8,0.803,0.808,0.811,0.815,0.819,0.823,0.827,0.842,0.854,0.872,0.889,0.916,0,0.966,0.986,1.003,1.019,1.029,1.036,1.038,1.04,1.043,1.047,1.049,1.051,1.054,1.058,1.061,1.065,1.069,1.073,1.076,1.08,1.082,1.084,1.086,1.088,1.09,1.092,1.092,1.092,1.092,1.092,1.092,1.094,1.094,1.095,1.095,1.095,1.097,1.099,1.101,1.103,1.105,1.107,1.109,1.111,1.115,1.117,1.119,1.124,1.126,1.128,1.132,1.136,1.138,1.14,1.142,1.147,1.147,1.147,1.147,1.149,1.147,1.147,1.144,1.14,1.138,1.134,1.13,1.124,1.124,1.117,1.105,0,0,0,0,0,0,0,0,0,0,0,0,0,0,0,0,0,0,0,0,0,0,0,0,0,0,0,0,0,0.468,0.468,0.468,0.469,0.469,0.47,0.47,0.471,0.471,0.471,0.471,0.472,0.472,0.472,0.472,0.472,0.472,0.473,0.473,0.473,0.474,0.475,0.475,0.476,0.478,0.478,0.479,0.48,0.481,0.481,0.482,0.482,0.482,0.483,0.483,0.484,0.485,0.485,0.486,0.487,0.489,0.489,0.49,0.492,0.493,0.494,0.496,0.497,0.498,0.499,0.5,0.502,0.503,0.504,0.505,0.505,0.506,0.507,0.507,0.508,0.507,0.507,0.507,0.507,0.507,0.506,0.506,0.505,0.505,0.504,0.504,0.504,0.504,0.505,0.505,0.506,0.507,0.508,0.509,0.51,0.51,0.511,0.512,0.513,0.514,0.514,0.515,0.516,0.517,0.518,0.519,0.52,0.522,0.523,0.525,0.526,0.527,0.527,0.528,0.528,0.529,0.529,0.53,0.53,0.531,0.531,0.532,0.533,0.533,0.534,0.535,0.537,0.538,0.539,0.541,0.542,0.543,0.544,0.546,0.547,0.549,0.551,0.552,0.553,0.554,0.555,0.556,0.557,0.558,0.558,0.559,0.561,0.562,0.564,0.566,0.569,0.571,0.573,0.575,0.577,0.577,0.577,0.578,0.578,0.578,0.578,0.577,0.577,0.576,0.576,0.575,0.575,0.575,0.575,0.574,0.575,0.575,0.576,0.577,0.578,0.579,0.58,0.581,0.583,0.584,0.584,0.585,0.586,0.586,0.587,0.588,0.588,0.59,0.59,0.591,0.593,0.593,0.594,0.595,0.596,0.597,0.6,0.601,0.604,0.607,0.61,0.613,0.616,0.618,0.62,0.621,0.623,0.624,0.626,0.627,0.628,0.628,0.63,0.63,0.63,0.632,0.632,0.633,0.634,0.635,0.636,0.641,0.645,0.642,0,0,0,0.715,0.72,0.725,0.728,0.731,0.733,0.735,0.736,0.738,0.738,0.739,0.74,0.741,0.743,0.744,0.746,0.749,0.751,0.755,0.759,0.762,0.764,0.768,0.772,0.774,0.777,0.778,0.779,0.781,0.783,0.786,0.788,0,0,0,0,0,0,0,0,0,0,0,0,0,0,0,0,0,0,0,0,0,0,0,0,0,0,0,0,0,0,0,0,0,1.205,1.207,1.21,1.207,1.207,1.205,1.203,1.2,1.198,1.193,1.186,1.182,1.171,1.16,1.153,0,1.136,1.124,1.115,0,0,0,0,0,0,0,0,0,0.749,0.749,0.749,0.749,0.749,0.749,0.749,0.749,0.749,0.749,0.749,0.75,0.75,0.749,0.749,0.749,0.749,0.749,0.749,0.749,0.749,0.749,0.75,0.75,0.751,0.752,0.753,0.754,0.757,0.761,0.766,0.771,0.776,0.783,0.787,0.792,0.796,0.798,0.801,0.803,0.805,0.808,0.81,0.811,0.814,0.816,0.817,0.819,0.822,0.828,0.834,0.842,0.85,0.855,0.858,0.862,0.861,0.86,0.854,0.849,0.842,0.836,0.832,0.829,0.829,0.83,0.833,0.836,0.841,0.844,0.849,0.854,0.862,0.87,0.875,0.875,0.878,0.879,0.88,0.882,0.882,0.882,0.884,0.884,0.886,0.886,0.886,0.888,0.888,0.891,0.892,0.893,0.893,0.891,0.886,0.879,0.872,0.866,0.862,0.856,0.851,0.847,0.842,0.837,0.834,0.832,0.829,0.828,0.827,0.827,0.825,0.826,0.827,0.829,0.83,0.832,0.833,0.834,0.835,0,0,0,0,0,0,0,0,0,0,0,0,0,0,0,0,0,0,0,0,0,0,0,0,0,0,0,2.127,2.127,2.119,2.119,2.119,2.119,2.112,2.119,2.119,2.112,2.112,2.112,2.112,2.105,2.105,2.097,2.09,2.09,2.083,0,0
0,0,0,0,0,0,0,0,0,0,0,0,0,0,0,0,0,0,0,0,0,0,0,0,0,0,0,0,0,0,0,0.796,0.795,0.794,0.794,0.793,0.792,0.789,0.788,0.787,0.785,0.784,0.782,0.782,0.782,0.782,0.783,0.784,0.785,0.786,0.788,0.79,0.793,0.795,0.797,0.8,0.803,0.808,0.811,0.815,0.818,0.823,0.835,0.852,0.877,0,0.941,0,0.98,0.998,1.011,1.024,1.033,1.038,1.04,1.042,1.043,1.047,1.049,1.051,1.052,1.056,1.058,1.061,1.065,1.069,1.073,1.076,1.08,1.08,1.082,1.084,1.088,1.09,1.09,1.09,1.092,1.092,1.092,1.094,1.094,1.094,1.094,1.095,1.097,1.097,1.099,1.101,1.103,1.105,1.107,1.111,1.113,1.117,1.119,1.121,1.124,1.128,1.132,1.134,1.136,1.14,1.142,1.144,1.147,1.147,1.149,1.149,1.149,1.149,1.147,1.144,1.142,1.138,1.134,1.132,1.13,1.124,1.111,1.099,0,0,0,0,0,0,0,0,0,0,0,0,0,0,0,0,0,0,0,0,0,0,0,0,0,0,0,0,0.468,0.469,0.469,0.469,0.47,0.47,0.471,0.471,0.471,0.471,0.472,0.472,0.472,0.472,0.473,0.473,0.473,0.473,0.474,0.474,0.474,0.475,0.476,0.477,0.478,0.479,0.48,0.481,0.481,0.482,0.482,0.483,0.483,0.484,0.484,0.485,0.485,0.486,0.487,0.488,0.489,0.49,0.491,0.492,0.493,0.494,0.496,0.497,0.498,0.5,0.501,0.502,0.504,0.505,0.506,0.507,0.507,0.508,0.508,0.509,0.509,0.508,0.508,0.508,0.507,0.507,0.507,0.506,0.505,0.505,0.505,0.505,0.505,0.505,0.506,0.507,0.507,0.508,0.509,0.51,0.511,0.512,0.512,0.513,0.514,0.515,0.516,0.518,0.519,0.52,0.521,0.522,0.523,0.524,0.526,0.527,0.527,0.528,0.528,0.529,0.53,0.53,0.531,0.531,0.532,0.532,0.533,0.533,0.534,0.535,0.536,0.537,0.538,0.539,0.541,0.541,0.542,0.544,0.545,0.547,0.549,0.551,0.552,0.554,0.555,0.556,0.557,0.559,0.56,0.561,0.562,0.564,0.566,0.569,0.571,0.573,0.575,0.578,0.579,0.58,0.581,0.581,0.581,0.581,0.581,0.58,0.58,0.579,0.578,0.578,0.577,0.577,0.576,0.576,0.575,0.576,0.577,0.577,0.578,0.579,0.58,0.581,0.583,0.584,0.585,0.586,0.586,0.587,0.588,0.588,0.588,0.589,0.59,0.591,0.592,0.594,0.594,0.595,0.596,0.597,0.598,0.6,0.602,0.605,0.607,0.61,0.614,0.616,0.619,0.62,0.622,0.623,0.625,0.626,0.627,0.628,0.629,0.63,0.63,0.631,0.632,0.633,0.634,0.635,0.636,0.643,0.649,0.655,0,0,0.702,0.708,0.724,0.732,0.734,0.736,0.738,0.74,0.74,0.741,0.741,0.741,0.742,0.744,0.745,0.746,0.748,0.749,0.752,0.755,0.759,0.762,0.765,0.768,0.772,0.774,0.778,0.779,0.78,0.781,0.782,0.785,0.786,0.787,0.787,0,0,0,0,0,0,0,0,0,0,0,0,0,0,0,0,0,0,0,0,0,0,0,0,0,0,0,0,0,0,0,1.198,1.2,1.205,1.205,1.205,1.203,1.2,1.196,1.191,1.186,1.182,1.177,1.166,1.157,1.149,0,1.136,1.126,1.115,1.105,1.097,1.092,0,0,0,0,0,0,0,0,0.75,0.749,0.749,0.749,0.749,0.749,0.749,0.75,0.75,0.75,0.75,0.751,0.75,0.749,0.749,0.749,0.749,0.749,0.749,0.749,0.749,0.75,0.75,0.751,0.751,0.752,0.754,0.757,0.76,0.765,0.77,0.776,0.782,0.788,0.792,0.796,0.799,0.801,0.803,0.805,0.808,0.809,0.811,0.813,0.814,0.816,0.819,0.822,0.828,0.834,0.842,0,0,0,0,0,0,0,0,0.843,0.836,0.832,0.828,0.827,0.827,0.829,0.832,0.834,0,0,0,0,0,0.875,0.878,0.879,0.88,0.882,0.882,0.88,0.88,0.882,0.883,0.883,0.883,0.883,0.886,0.886,0.888,0.888,0.889,0.888,0.886,0.878,0.872,0.866,0.861,0.856,0.85,0.845,0.842,0.838,0.835,0.833,0.83,0.828,0.828,0.827,0.826,0.826,0.827,0.828,0.83,0.832,0.833,0.834,0.835,0.837,0,0,0,0,0,0,0,0,0,0,0,0,0,0,0,0,0,0,0,0,0,0,0,0,0,0,0,0,0,0,0,0,0,0,0,0,0,0,2.127,0,0,2.119,2.112,0,0,0,0,0
0,0,0,0,0,0,0,0,0,0,0,0,0,0,0,0,0,0,0,0,0,0,0,0,0,0,0,0,0,0,0,0.8,0.799,0.798,0.797,0.796,0.794,0.791,0.789,0.788,0.786,0.784,0.783,0.781,0.781,0.782,0.782,0.783,0.784,0.785,0.786,0.789,0.791,0.792,0.794,0.796,0.799,0.802,0.805,0.811,0.814,0.817,0.826,0.829,0.879,0,0.962,0.98,0.996,1.011,1.021,1.029,1.035,1.038,1.04,1.042,1.043,1.047,1.047,1.049,1.051,1.054,1.056,1.06,1.063,1.067,1.071,1.073,1.076,1.078,1.082,1.084,1.086,1.088,1.09,1.09,1.09,1.092,1.092,1.092,1.094,1.094,1.095,1.095,1.097,1.099,1.101,1.103,1.103,1.105,1.107,1.109,1.113,1.115,1.117,1.121,1.124,1.126,1.13,1.134,1.136,1.14,1.142,1.144,1.147,1.149,1.149,1.151,1.151,1.151,1.149,1.149,1.147,1.144,1.14,1.136,1.136,1.132,1.119,1.109,0,0,0,0,0,0,0,0,0,0,0,0,0,0,0,0,0,0,0,0,0,0,0,0,0,0,0,0,0.469,0.469,0.47,0.47,0.47,0.471,0.471,0.472,0.472,0.472,0.472,0.473,0.473,0.473,0.473,0.473,0.473,0.474,0.474,0.475,0.475,0.475,0.476,0.478,0.479,0.479,0.48,0.481,0.482,0.482,0.483,0.484,0.484,0.485,0.485,0.486,0.487,0.487,0.488,0.489,0.49,0.491,0.492,0.493,0.494,0.495,0.496,0.498,0.499,0.5,0.502,0.503,0.505,0.506,0.507,0.508,0.509,0.509,0.509,0.51,0.509,0.509,0.509,0.509,0.508,0.508,0.507,0.507,0.507,0.506,0.506,0.506,0.506,0.506,0.507,0.507,0.508,0.509,0.51,0.51,0.51,0.511,0.513,0.513,0.514,0.516,0.517,0.518,0.519,0.521,0.522,0.523,0.524,0.525,0.527,0.528,0.528,0.529,0.529,0.53,0.531,0.531,0.532,0.532,0.533,0.533,0.534,0.534,0.535,0.536,0.537,0.538,0.539,0.54,0.541,0.542,0.543,0.545,0.546,0.548,0.551,0.553,0.555,0.557,0.558,0.56,0.562,0.563,0.565,0.566,0.567,0.57,0.571,0.573,0.575,0.578,0.58,0.582,0.584,0.584,0.585,0.585,0.585,0.584,0.584,0.583,0.583,0.581,0.58,0.58,0.579,0.579,0.578,0.578,0.577,0.577,0.578,0.578,0.579,0.58,0.581,0.583,0.584,0.585,0.586,0.587,0.588,0.588,0.589,0.589,0.589,0.59,0.591,0.592,0.593,0.594,0.595,0.596,0.597,0.598,0.6,0.601,0.604,0.606,0.608,0.612,0.615,0.617,0.619,0.621,0.622,0.623,0.625,0.626,0.628,0.629,0.629,0.63,0.631,0.632,0.633,0.634,0.635,0.636,0.636,0.645,0.655,0.664,0,0.695,0.708,0.72,0.736,0.741,0.742,0.743,0.743,0.744,0.745,0.745,0.746,0.745,0.746,0.747,0.748,0.749,0.75,0.752,0.755,0.759,0.762,0.765,0.768,0.771,0.774,0.777,0.78,0.781,0.782,0.782,0.783,0.784,0.786,0.787,0.786,0.786,0,0,0,0,0,0,0,0,0,0,0,0,0,0,0,0,0,0,0,0,0,0,0,0,0,0,0,0,0,0,0,1.193,1.198,1.2,1.198,1.198,1.193,1.189,1.182,1.177,1.173,1.166,1.157,1.151,1.14,0,1.128,1.121,1.111,1.103,1.095,1.092,0,0,0,0,0,0,0,0,0.75,0.75,0.749,0.749,0.75,0.75,0.75,0.75,0.75,0.75,0.751,0.751,0.75,0.749,0.749,0.749,0.749,0.749,0.749,0.749,0.749,0.75,0.75,0.751,0.751,0.752,0.754,0.757,0.76,0.764,0.769,0.773,0.78,0.786,0.791,0.795,0.798,0.8,0.802,0.805,0.808,0.809,0.81,0.812,0.814,0.816,0.818,0.821,0,0,0,0,0.884,0,0,0.906,0,0,0,0,0.837,0.829,0.826,0.824,0.823,0.824,0.826,0.827,0,0,0,0,0,0,0,0,0,0,0.88,0.88,0.879,0.88,0.88,0.882,0.882,0.882,0.883,0.883,0.884,0,0,0,0,0,0,0,0,0.85,0.845,0.842,0.838,0.835,0.833,0.83,0.829,0.828,0.827,0.827,0.827,0.826,0.828,0.829,0.832,0.834,0.835,0.835,0.837,0.84,0,0,0,0,0,0,0,0,0,0,0,0,0,0,0,0,0,0,0,0,0,0,0,0,0,0,0,0,0,0,0,0,0,0,0,0,0,0,0,0,0,0,0,0,0,0,0,0
0,0,0,0,0,0,0,0,0,0,0,0,0,0,0,0,0,0,0,0,0,0,0,0,0,0,0,0,0,0,0,0,0,0.801,0.8,0.798,0.795,0.793,0.791,0.789,0.787,0.784,0.783,0.782,0.781,0.782,0.782,0.782,0.783,0.784,0.785,0.786,0.788,0.79,0.791,0.793,0.795,0.798,0.801,0.805,0.809,0.812,0.815,0.822,0,0,0.966,1.001,1.014,1.026,1.031,1.038,1.04,1.042,1.043,1.043,1.045,1.047,1.047,1.049,1.051,1.052,1.054,1.056,1.06,1.063,1.067,1.073,1.074,1.078,1.08,1.084,1.084,1.088,1.088,1.09,1.09,1.092,1.092,1.092,1.094,1.094,1.095,1.095,1.097,1.099,1.101,1.103,1.105,1.105,1.107,1.111,1.113,1.115,1.119,1.121,1.126,1.128,1.13,1.134,1.138,1.14,1.144,1.147,1.149,1.149,1.151,1.153,1.153,1.153,1.153,1.151,1.149,1.147,1.144,1.14,1.138,1.136,1.119,0,0,0,0,0,0,0,0,0,0,0,0,0,0,0,0,0,0,0,0,0,0,0,0,0,0,0,0,0.47,0.47,0.47,0.47,0.471,0.471,0.471,0.472,0.472,0.472,0.472,0.473,0.473,0.473,0.473,0.474,0.474,0.474,0.475,0.475,0.475,0.475,0.476,0.477,0.478,0.479,0.48,0.481,0.482,0.483,0.483,0.484,0.484,0.485,0.485,0.486,0.487,0.487,0.488,0.489,0.49,0.491,0.492,0.493,0.493,0.494,0.496,0.497,0.499,0.5,0.501,0.503,0.504,0.505,0.507,0.508,0.509,0.509,0.51,0.51,0.51,0.51,0.51,0.51,0.509,0.509,0.508,0.508,0.507,0.507,0.507,0.507,0.507,0.507,0.507,0.507,0.508,0.508,0.509,0.51,0.51,0.511,0.512,0.513,0.513,0.515,0.516,0.518,0.519,0.52,0.522,0.523,0.524,0.525,0.527,0.528,0.528,0.529,0.53,0.531,0.532,0.533,0.533,0.534,0.535,0.536,0.536,0.537,0.537,0.538,0.538,0.539,0.54,0.54,0.541,0.542,0.544,0.545,0.547,0.549,0.552,0.554,0.557,0.559,0.561,0.563,0.565,0.566,0.569,0.57,0.571,0.572,0.574,0.576,0.578,0.58,0.582,0.584,0.586,0.588,0.589,0.589,0.589,0.588,0.588,0.587,0.586,0.585,0.584,0.583,0.582,0.581,0.581,0.58,0.579,0.579,0.579,0.579,0.579,0.58,0.581,0.583,0.584,0.585,0.587,0.588,0.589,0.589,0.589,0.59,0.59,0.591,0.591,0.592,0.593,0.594,0.596,0.597,0.597,0.598,0.6,0.601,0.603,0.604,0.607,0.61,0.613,0.616,0.618,0.62,0.621,0.623,0.625,0.626,0.627,0.628,0.63,0.63,0.632,0.632,0.633,0.634,0.635,0.636,0.637,0.637,0.648,0.661,0.668,0,0.704,0.722,0.734,0.742,0.743,0.744,0.745,0.746,0.747,0.748,0.748,0.749,0.749,0.749,0.749,0.75,0.751,0.753,0.755,0.758,0.762,0.765,0.768,0.771,0.775,0.777,0.781,0.783,0.783,0.783,0.783,0.784,0.784,0.785,0.786,0.785,0.785,0,0,0,0,0,0,0,0,0,0,0,0,0,1.21,1.21,1.212,1.212,1.21,1.207,1.205,1.198,1.191,0,0,0,0,0,0,1.168,1.173,1.18,1.186,1.189,1.191,1.191,1.189,1.186,1.18,1.175,1.171,1.166,1.16,1.151,1.144,1.136,1.13,1.126,1.119,1.111,1.105,0,0,0,0,0,0,0,0,0,0.751,0.751,0.75,0.751,0.751,0.751,0.751,0.751,0.751,0.751,0.751,0.752,0.752,0.751,0.75,0.75,0.75,0.75,0.75,0.75,0.75,0.75,0.75,0.751,0.751,0.752,0.753,0.755,0.757,0.761,0.765,0.768,0.773,0.778,0.784,0.789,0.791,0.795,0.798,0.8,0.804,0.805,0.808,0.81,0.812,0.814,0.816,0.818,0.821,0.828,0.835,0.848,0.91,0.928,0.943,0.956,0.957,0.954,0,0,0,0,0,0,0.821,0,0.817,0.817,0.819,0.822,0,0,0,0,0,0,0,0,0,0,0.878,0.878,0.879,0.879,0.88,0.879,0.879,0.879,0.88,0.88,0,0,0,0,0,0,0,0.849,0.844,0.841,0.837,0.834,0.83,0.829,0.828,0.828,0.827,0.826,0.827,0.827,0.827,0.829,0.832,0.833,0.835,0.836,0.837,0.84,0.841,0,0,0,0,0,0,0,0,0,0,0,0,0,0,0,0,0,0,0,0,0,0,0,0,0,0,0,0,0,0,0,0,0,0,0,0,0,0,0,0,0,0,0,0,0,0,0,0
0,0,0,0,0,0,0,0,0,0,0,0,0,0,0,0,0,0,0,0,0,0,0,0,0,0,0,0,0,0,0,0,0,0.802,0.8,0.798,0.796,0.793,0.792,0.789,0.787,0.785,0.783,0.782,0.781,0.782,0.781,0.781,0.782,0.783,0.784,0.785,0.786,0.787,0.789,0.791,0.792,0.794,0.797,0.801,0.803,0.807,0.809,0.817,0,0,1.012,1.019,1.029,1.035,1.036,1.04,1.042,1.045,1.045,1.047,1.047,1.049,1.047,1.049,1.051,1.052,1.054,1.056,1.058,1.061,1.067,1.069,1.073,1.076,1.078,1.082,1.084,1.088,1.088,1.09,1.09,1.092,1.092,1.094,1.094,1.095,1.095,1.097,1.097,1.099,1.101,1.103,1.105,1.107,1.109,1.111,1.115,1.117,1.121,1.124,1.128,1.13,1.134,1.138,1.14,1.144,1.147,1.149,1.151,1.151,1.153,1.155,1.155,1.155,1.155,1.153,1.151,1.151,1.149,1.144,1.144,1.14,1.13,0,0,0,0,0,0,0,0,0,0,0,0,0,0,0,0,0,0,0,0,0,0,0,0,0,0,0.471,0.47,0.471,0.471,0.471,0.471,0.471,0.471,0.472,0.472,0.472,0.472,0.473,0.473,0.473,0.474,0.474,0.475,0.475,0.475,0.475,0.476,0.476,0.476,0.477,0.478,0.479,0.479,0.48,0.481,0.482,0.483,0.484,0.484,0.485,0.485,0.486,0.487,0.488,0.489,0.489,0.49,0.491,0.492,0.493,0.494,0.494,0.496,0.497,0.498,0.5,0.501,0.503,0.503,0.505,0.506,0.507,0.508,0.509,0.51,0.51,0.51,0.51,0.51,0.51,0.51,0.51,0.509,0.509,0.508,0.508,0.508,0.507,0.507,0.507,0.507,0.508,0.508,0.509,0.509,0.51,0.51,0.51,0.511,0.512,0.513,0.514,0.516,0.517,0.519,0.52,0.522,0.523,0.525,0.527,0.528,0.529,0.531,0.532,0.532,0.533,0.534,0.535,0.536,0.537,0.537,0.538,0.539,0.54,0.54,0.54,0.541,0.541,0.541,0.541,0.542,0.544,0.545,0.547,0.549,0.552,0.554,0.557,0.559,0.562,0.565,0.567,0.569,0.57,0.572,0.574,0.575,0.577,0.578,0.58,0.581,0.584,0.585,0.587,0.589,0.591,0.593,0.593,0.593,0.593,0.592,0.591,0.591,0.589,0.589,0.588,0.586,0.585,0.584,0.583,0.582,0.581,0.58,0.58,0.581,0.581,0.582,0.583,0.584,0.585,0.586,0.588,0.589,0.59,0.59,0.59,0.591,0.591,0.592,0.593,0.594,0.595,0.596,0.597,0.598,0.599,0.6,0.602,0.603,0.605,0.606,0.608,0.611,0.614,0.616,0.618,0.62,0.621,0.623,0.625,0.626,0.628,0.63,0.63,0.631,0.632,0.633,0.634,0.634,0.636,0.637,0.638,0.638,0.649,0.66,0.669,0,0.713,0.735,0.742,0.743,0.744,0.745,0.747,0.749,0.749,0.75,0.75,0.75,0.751,0.751,0.751,0.752,0.753,0.755,0.758,0.761,0.764,0.768,0.771,0.774,0.778,0.78,0.783,0.785,0.786,0.785,0.785,0.785,0.785,0.786,0.787,0.786,0.785,0,0,0,0,0,0,0,0,0,0,0,0,1.205,1.205,1.205,1.207,1.205,1.2,1.196,1.191,1.182,1.173,0,0,0,0,0,1.151,1.16,1.168,1.173,1.18,1.182,1.186,1.184,1.182,1.177,1.173,1.168,1.164,1.16,1.153,1.147,1.138,1.132,1.126,1.121,1.117,1.111,1.107,0,0,0,0,0,0,0,0,0,0,0.752,0.752,0.752,0.751,0.752,0.752,0.752,0.752,0.752,0.752,0.753,0.753,0.752,0.752,0.752,0.752,0.752,0.752,0.752,0.751,0.752,0.752,0.753,0.753,0.754,0.754,0.756,0.758,0.762,0.765,0.768,0.773,0.778,0.783,0.787,0.79,0.794,0.797,0.8,0.803,0.805,0.808,0.809,0.811,0.813,0.815,0.816,0.819,0.827,0.835,0,0,0,0,1.011,0,0,0,0,0,0,0,0,0,0,0,0.814,0.815,0.815,0,0,0,0,0,0,0,0,0,0,0.875,0.875,0.877,0.878,0.878,0.878,0.877,0.878,0.877,0.878,0.878,0.877,0.873,0,0,0,0.849,0.843,0.84,0.835,0.832,0.829,0.827,0.826,0.826,0.827,0.826,0.827,0.827,0.827,0.829,0.83,0.833,0.834,0.836,0.838,0.838,0.841,0.843,0.845,0,0,0,0,0,0,0,0,0,0,0,0,0,0,0,0,0,0,0,0,0,0,0,0,0,0,0,0,0,0,0,0,0,0,0,0,0,0,0,0,0,0,0,0,0,0,0
0,0,0,0,0,0,0,0,0,0,0,0,0,0,0,0,0,0,0,0,0,0,0,0,0,0,0,0,0,0,0,0,0,0,0,0.798,0.796,0.793,0.792,0.79,0.787,0.785,0.783,0.782,0.781,0.781,0.781,0.781,0.781,0.782,0.782,0.783,0.784,0.785,0.786,0.788,0.79,0.791,0.794,0.798,0.8,0.802,0.804,0.81,0,1.024,1.035,1.033,1.035,1.04,1.04,1.043,1.045,1.047,1.047,1.049,1.049,1.049,1.049,1.051,1.051,1.052,1.054,1.056,1.058,1.061,1.065,1.069,1.073,1.074,1.078,1.082,1.084,1.086,1.088,1.09,1.09,1.092,1.092,1.094,1.095,1.095,1.097,1.097,1.099,1.101,1.103,1.105,1.107,1.109,1.111,1.113,1.117,1.119,1.124,1.126,1.13,1.132,1.136,1.14,1.144,1.147,1.151,1.151,1.153,1.153,1.155,1.157,1.157,1.157,1.157,1.157,1.155,1.155,1.151,1.149,1.149,0,0,0,0,0,0,0,0,0,0,0,0,0,0,0,0,0,0,0,0,0,0,0,0,0,0,0.471,0.471,0.471,0.471,0.471,0.471,0.471,0.471,0.471,0.472,0.472,0.472,0.473,0.473,0.473,0.474,0.474,0.474,0.475,0.475,0.475,0.476,0.476,0.476,0.477,0.477,0.478,0.478,0.479,0.48,0.481,0.481,0.482,0.483,0.484,0.484,0.485,0.486,0.487,0.487,0.488,0.489,0.49,0.49,0.492,0.493,0.494,0.495,0.496,0.497,0.498,0.499,0.5,0.502,0.503,0.504,0.505,0.507,0.507,0.508,0.509,0.51,0.51,0.51,0.51,0.51,0.51,0.51,0.51,0.509,0.509,0.509,0.509,0.508,0.508,0.508,0.508,0.508,0.509,0.509,0.509,0.51,0.51,0.51,0.511,0.511,0.512,0.514,0.515,0.517,0.519,0.522,0.524,0.526,0.528,0.529,0.531,0.532,0.533,0.534,0.535,0.536,0.537,0.538,0.539,0.539,0.54,0.541,0.541,0.542,0.543,0.543,0.544,0.545,0.546,0.546,0.547,0.548,0.549,0.551,0.553,0.555,0.558,0.56,0.563,0.565,0.568,0.571,0.573,0.574,0.576,0.578,0.579,0.58,0.582,0.584,0.585,0.586,0.588,0.59,0.592,0.593,0.595,0.596,0.597,0.597,0.597,0.596,0.595,0.594,0.593,0.591,0.59,0.589,0.588,0.586,0.586,0.585,0.584,0.582,0.582,0.582,0.583,0.584,0.584,0.585,0.586,0.588,0.589,0.59,0.591,0.591,0.591,0.592,0.593,0.593,0.594,0.595,0.597,0.598,0.6,0.6,0.602,0.603,0.604,0.606,0.607,0.608,0.611,0.613,0.615,0.618,0.619,0.621,0.623,0.625,0.626,0.627,0.629,0.63,0.632,0.633,0.634,0.634,0.635,0.636,0.637,0.638,0.639,0.639,0.647,0.662,0,0.706,0.713,0.727,0.743,0.744,0.746,0.747,0.749,0.749,0.751,0.751,0.752,0.752,0.753,0.753,0.754,0.755,0.756,0.758,0.761,0.763,0.767,0.771,0.774,0.778,0.78,0.783,0.787,0.788,0.789,0.787,0.786,0.786,0.787,0.786,0.787,0.787,0.786,0.785,0,0,0,0,0,0,0,0,0,1.193,1.191,1.191,1.189,1.189,1.186,1.184,1.182,1.175,1.171,1.162,1.155,0,0,0,0,0,1.142,1.151,1.157,1.164,1.171,1.175,1.18,1.177,1.175,1.171,1.166,1.162,1.157,1.153,1.149,1.142,1.136,1.13,1.126,1.121,1.117,1.113,1.109,1.103,0,0,0,0,0,0,0,0,0,0.753,0.752,0.753,0.752,0.753,0.753,0.753,0.754,0.754,0.754,0.754,0.754,0.754,0.754,0.753,0.754,0.754,0.754,0.755,0.754,0.754,0.754,0.755,0.755,0.756,0.757,0.758,0.76,0.762,0.766,0.769,0.773,0.777,0.781,0.787,0.789,0.793,0.796,0.798,0.803,0.804,0.807,0.808,0.81,0.812,0.813,0.815,0.818,0.827,0.836,0,0,0,0,0,0,0,0,0,0,0,0,0,0,0,0,0,0,0,0,0,0,0,0,0,0.868,0.87,0.87,0.873,0.873,0.873,0.874,0.874,0.874,0.874,0.874,0.874,0.873,0.874,0.873,0.872,0.868,0.862,0.856,0.85,0.843,0.838,0.834,0.83,0.828,0.827,0.826,0.826,0.826,0.826,0.827,0.827,0.827,0.828,0.829,0.832,0.834,0.836,0.837,0.84,0.841,0.842,0.844,0.847,0,0,0,0,0,0,0,0,0,0,0,0,0,0,0,0,0,0,0,0,0,0,0,0,0,0,0,0,0,0,0,0,0,0,0,0,0,0,0,0,0,0,0,0,0,0,0
0,0,0,0,0,0,0,0,0,0,0,0,0,0,0,0,0,0,0,0,0,0,0,0,0,0,0,0,0,0,0,0.802,0.802,0.801,0.799,0.797,0.795,0.793,0.791,0.789,0.787,0.784,0.782,0.781,0.78,0.78,0.78,0.78,0.78,0.781,0.781,0.782,0.783,0.784,0.785,0.786,0.788,0.789,0.791,0.795,0.797,0.799,0.801,0.807,0,1.035,1.036,1.038,1.038,1.042,1.043,1.045,1.047,1.049,1.051,1.051,1.051,1.051,1.052,1.052,1.054,1.056,1.056,1.056,1.06,1.061,1.065,1.069,1.071,1.074,1.076,1.08,1.082,1.086,1.088,1.09,1.092,1.092,1.094,1.094,1.095,1.095,1.097,1.099,1.101,1.103,1.105,1.107,1.109,1.111,1.113,1.115,1.119,1.121,1.126,1.128,1.132,1.136,1.14,1.144,1.147,1.151,1.153,1.155,1.155,1.157,1.157,1.16,1.16,1.162,1.162,1.16,1.16,1.16,1.157,1.155,1.153,0,0,0,0,0,0,0,0,0,0,0,0,0,0,0,0,0,0,0,0,0,0,0,0,0,0,0.472,0.471,0.471,0.472,0.472,0.471,0.472,0.472,0.472,0.472,0.472,0.473,0.473,0.473,0.474,0.474,0.475,0.475,0.475,0.476,0.476,0.476,0.477,0.477,0.477,0.478,0.478,0.478,0.479,0.48,0.481,0.481,0.482,0.483,0.484,0.485,0.485,0.486,0.487,0.487,0.488,0.489,0.49,0.491,0.492,0.493,0.494,0.496,0.496,0.498,0.499,0.5,0.501,0.503,0.504,0.505,0.506,0.507,0.508,0.509,0.51,0.51,0.51,0.51,0.51,0.51,0.51,0.51,0.509,0.509,0.509,0.509,0.509,0.509,0.509,0.509,0.509,0.509,0.509,0.51,0.51,0.51,0.51,0.511,0.511,0.513,0.514,0.516,0.518,0.52,0.523,0.526,0.528,0.53,0.532,0.533,0.535,0.536,0.537,0.538,0.538,0.539,0.54,0.541,0.542,0.542,0.543,0.544,0.545,0.546,0.547,0.547,0.548,0.549,0.55,0.551,0.552,0.553,0.555,0.557,0.559,0.561,0.564,0.566,0.569,0.572,0.575,0.577,0.579,0.58,0.582,0.584,0.585,0.586,0.588,0.589,0.59,0.592,0.593,0.594,0.596,0.597,0.598,0.599,0.599,0.6,0.6,0.599,0.598,0.597,0.596,0.596,0.594,0.593,0.591,0.59,0.588,0.588,0.586,0.585,0.584,0.584,0.584,0.585,0.586,0.587,0.588,0.589,0.59,0.591,0.591,0.592,0.593,0.593,0.594,0.595,0.596,0.597,0.598,0.6,0.601,0.603,0.604,0.605,0.607,0.608,0.61,0.611,0.613,0.615,0.617,0.619,0.621,0.623,0.625,0.626,0.628,0.629,0.63,0.632,0.634,0.634,0.635,0.636,0.636,0.637,0.638,0.639,0.639,0.64,0.646,0.664,0,0.71,0.72,0.73,0.742,0.745,0.747,0.749,0.75,0.751,0.753,0.754,0.754,0.755,0.755,0.755,0.756,0.757,0.759,0.761,0.762,0.766,0.77,0.774,0.777,0.78,0.783,0.786,0.789,0.79,0.79,0.788,0.788,0.787,0.787,0.787,0.787,0.786,0.786,0.785,0,0,0,0,0,0,0,0,0,1.173,1.173,1.171,1.171,1.171,1.171,1.171,1.166,1.16,1.155,1.149,1.142,0,0,1.124,1.119,1.124,1.134,1.142,1.149,1.155,1.162,1.168,1.171,1.171,1.168,1.164,1.16,1.155,1.153,1.149,1.144,1.138,1.134,1.13,1.126,1.124,1.119,1.115,1.111,1.109,0,0,0,0,0,0,0,0,0,0.754,0.754,0.754,0.754,0.754,0.754,0.754,0.754,0.754,0.755,0.756,0.756,0.756,0.756,0.756,0.756,0.757,0.758,0.758,0.757,0.757,0.757,0.758,0.758,0.758,0.759,0.76,0.762,0.762,0.767,0.769,0.773,0.777,0.781,0.786,0.789,0.792,0.795,0.797,0.801,0.803,0.805,0.808,0.809,0.811,0.812,0.814,0,0,0,0,0,1.067,1.067,1.069,1.071,1.073,1.08,1.086,1.092,1.101,1.107,0,0,0,0,0,0,0,0,0,0,0,0.85,0.855,0.861,0.863,0.866,0.867,0.868,0.869,0.87,0.87,0.87,0.87,0.87,0.87,0.869,0.869,0.869,0.867,0.862,0.858,0.852,0.845,0.84,0.836,0.833,0.829,0.827,0.826,0.826,0.826,0.826,0.827,0.828,0.828,0.829,0.829,0.83,0.833,0.835,0.837,0.84,0.842,0.843,0.844,0.847,0.849,0.85,0,0,0,0,0,0,0,0,0,0,0,0,0,0,0,0,0,0,0,0,0,0,0,0,0,0,0,0,0,0,0,0,0,0,0,0,0,0,0,0,0,0,0,0,0,0
0,0,0,0,0,0,0,0,0,0,0,0,0,0,0,0,0,0,0,0,0,0,0,0,0,0,0,0,0,0,0,0,0.802,0.8,0.799,0.797,0.795,0.793,0.79,0.788,0.787,0.784,0.782,0.781,0.78,0.78,0.779,0.779,0.78,0.78,0.781,0.781,0.782,0.783,0.784,0.785,0.787,0.788,0.79,0.794,0.796,0.798,0.799,0.804,0,1.04,1.04,1.042,1.043,1.045,1.047,1.049,1.051,1.052,1.052,1.054,1.054,1.054,1.054,1.054,1.056,1.058,1.058,1.058,1.06,1.063,1.065,1.069,1.071,1.074,1.078,1.08,1.084,1.086,1.088,1.09,1.092,1.094,1.094,1.095,1.095,1.097,1.099,1.101,1.101,1.103,1.105,1.107,1.109,1.111,1.113,1.117,1.119,1.121,1.126,1.13,1.134,1.138,1.142,1.147,1.151,1.153,1.155,1.157,1.157,1.16,1.16,1.162,1.162,1.164,1.164,1.164,1.164,1.164,1.162,1.162,1.162,0,0,0,0,0,0,0,0,0,0,0,0,0,0,0,0,0,0,0,0,0,0,0,0,0,0,0.472,0.472,0.472,0.472,0.472,0.472,0.472,0.472,0.472,0.473,0.473,0.473,0.473,0.474,0.475,0.475,0.475,0.476,0.476,0.476,0.476,0.477,0.477,0.478,0.478,0.478,0.478,0.479,0.479,0.48,0.481,0.482,0.482,0.483,0.484,0.484,0.485,0.486,0.487,0.487,0.488,0.489,0.49,0.491,0.493,0.494,0.495,0.496,0.498,0.498,0.5,0.501,0.502,0.503,0.504,0.505,0.506,0.507,0.508,0.509,0.509,0.51,0.51,0.51,0.51,0.51,0.51,0.509,0.509,0.509,0.509,0.509,0.509,0.509,0.51,0.509,0.51,0.51,0.51,0.51,0.51,0.511,0.511,0.512,0.513,0.515,0.517,0.52,0.522,0.525,0.528,0.531,0.533,0.535,0.536,0.537,0.538,0.539,0.54,0.541,0.541,0.542,0.543,0.544,0.545,0.546,0.547,0.548,0.549,0.55,0.551,0.552,0.552,0.554,0.555,0.556,0.558,0.559,0.561,0.563,0.565,0.569,0.571,0.574,0.577,0.579,0.581,0.584,0.585,0.587,0.588,0.59,0.591,0.593,0.594,0.594,0.596,0.597,0.597,0.598,0.6,0.6,0.601,0.602,0.602,0.603,0.603,0.602,0.601,0.601,0.6,0.598,0.597,0.596,0.594,0.593,0.591,0.589,0.588,0.587,0.586,0.586,0.586,0.586,0.587,0.588,0.589,0.59,0.591,0.592,0.593,0.593,0.593,0.594,0.595,0.596,0.597,0.598,0.6,0.601,0.603,0.604,0.606,0.607,0.608,0.61,0.612,0.613,0.615,0.617,0.619,0.621,0.623,0.624,0.626,0.628,0.629,0.63,0.632,0.634,0.635,0.635,0.636,0.637,0.638,0.638,0.64,0.64,0.64,0.642,0.656,0,0,0.71,0.732,0.74,0.745,0.745,0.748,0.749,0.751,0.753,0.754,0.756,0.756,0.756,0.757,0.758,0.759,0.76,0.761,0.762,0.765,0.768,0.772,0.776,0.779,0.782,0.785,0.788,0.79,0.791,0.79,0.789,0.788,0.787,0.787,0.787,0.787,0.786,0.784,0,0,0,0,0,0,0,0,1.153,1.155,1.155,1.155,1.157,1.157,1.157,1.16,1.16,1.155,1.151,1.144,1.138,1.132,1.126,1.121,1.117,1.115,1.119,1.126,1.134,1.14,1.147,1.153,1.16,1.164,1.164,1.164,1.16,1.155,1.151,1.149,1.144,1.14,1.136,1.132,1.126,1.121,1.121,1.119,1.117,1.115,1.109,0,0,0,0,0,0,0,0,0,0.754,0.754,0.755,0.755,0.755,0.755,0.755,0.756,0.756,0.756,0.757,0.757,0.757,0.758,0.759,0.759,0.761,0.761,0.762,0.761,0.761,0.76,0.761,0.761,0.76,0.76,0.761,0.762,0.763,0.766,0.769,0.771,0.775,0.78,0.783,0.787,0.791,0.794,0.796,0.8,0.802,0,0,0,0,0,0,0,1.09,1.086,1.08,1.078,1.076,1.078,1.08,1.08,1.082,1.086,1.092,1.097,1.103,1.109,0,0,0,0,0,0,0,0,0,0,0,0,0,0,0.855,0.857,0.86,0.862,0.864,0.867,0.867,0.868,0.868,0.868,0.868,0.868,0.867,0.866,0.864,0.861,0.856,0.851,0.845,0.841,0.836,0.833,0.829,0.828,0.827,0.827,0.826,0.827,0.828,0.828,0.829,0.829,0.83,0.833,0.835,0.836,0.838,0.841,0.844,0.845,0.847,0.849,0.851,0,0,0,0,0,0,0,0,0,0,0,0,1.726,1.726,1.721,1.717,1.717,1.717,1.712,0,0,0,1.721,1.726,1.731,1.741,1.746,1.756,1.766,1.776,1.781,1.787,1.792,1.797,1.802,1.808,1.808,1.813,1.813,1.818,0,0,0,1.897,0,0,0
0,0,0,0,0,0,0,0,0,0,0,0,0,0,0,0,0,0,0,0,0,0,0,0,0,0,0,0,0,0,0,0.802,0.802,0.8,0.8,0.797,0.795,0.793,0.79,0.788,0.786,0.784,0.782,0.78,0.779,0.779,0.779,0.779,0.779,0.779,0.78,0.781,0.782,0.783,0.784,0.785,0.786,0.787,0.789,0.792,0.796,0.796,0.798,0.8,0,1.042,1.043,1.045,1.047,1.047,1.049,1.052,1.052,1.056,1.058,1.058,1.058,1.058,1.058,1.058,1.058,1.06,1.06,1.061,1.061,1.065,1.067,1.071,1.073,1.076,1.078,1.082,1.084,1.086,1.088,1.09,1.09,1.094,1.094,1.095,1.095,1.097,1.099,1.101,1.103,1.105,1.107,1.107,1.109,1.111,1.115,1.117,1.119,1.124,1.126,1.13,1.134,1.14,1.144,1.149,1.153,1.155,1.16,1.16,1.162,1.162,1.164,1.164,1.166,1.166,1.168,1.168,1.168,1.168,1.168,1.168,1.168,1.166,0,0,0,0,0,0,0,0,0,0,0,0,0,0,0,0,0,0,0,0,0,0,0,0,0,0.472,0.472,0.472,0.472,0.473,0.473,0.473,0.473,0.473,0.473,0.473,0.474,0.474,0.475,0.475,0.475,0.475,0.476,0.476,0.477,0.477,0.478,0.478,0.478,0.478,0.478,0.479,0.479,0.48,0.48,0.481,0.482,0.482,0.483,0.484,0.484,0.485,0.486,0.486,0.487,0.488,0.489,0.491,0.492,0.493,0.494,0.496,0.497,0.498,0.5,0.501,0.502,0.503,0.504,0.505,0.505,0.507,0.507,0.508,0.508,0.509,0.51,0.51,0.51,0.51,0.509,0.509,0.509,0.509,0.509,0.509,0.509,0.51,0.509,0.51,0.51,0.51,0.51,0.511,0.511,0.511,0.512,0.513,0.515,0.516,0.519,0.522,0.524,0.528,0.53,0.533,0.536,0.538,0.539,0.54,0.541,0.541,0.543,0.543,0.544,0.544,0.545,0.546,0.547,0.548,0.549,0.55,0.551,0.552,0.553,0.554,0.555,0.556,0.558,0.559,0.561,0.563,0.565,0.567,0.569,0.572,0.575,0.578,0.581,0.584,0.586,0.588,0.59,0.591,0.593,0.594,0.595,0.596,0.597,0.598,0.598,0.599,0.6,0.601,0.601,0.602,0.603,0.603,0.604,0.604,0.604,0.604,0.604,0.604,0.603,0.602,0.601,0.6,0.598,0.596,0.594,0.593,0.591,0.59,0.589,0.588,0.587,0.587,0.588,0.588,0.589,0.59,0.591,0.591,0.592,0.593,0.593,0.594,0.594,0.596,0.597,0.598,0.6,0.601,0.603,0.605,0.606,0.608,0.61,0.611,0.612,0.614,0.615,0.617,0.62,0.621,0.623,0.625,0.626,0.628,0.629,0.63,0.632,0.633,0.635,0.636,0.636,0.636,0.638,0.638,0.638,0.64,0.64,0.641,0.652,0.664,0,0,0.716,0.736,0.743,0.745,0.746,0.749,0.75,0.753,0.755,0.756,0.757,0.757,0.758,0.759,0.759,0.761,0.762,0.762,0.765,0.767,0.771,0.775,0.777,0.78,0.784,0.786,0.788,0.79,0.791,0.791,0.789,0.788,0.787,0.787,0.787,0.787,0.785,0.784,0,0,0,0,0,0,1.128,1.134,1.136,1.138,1.14,1.14,1.14,1.14,1.142,1.142,1.142,1.138,1.132,0,1.124,1.119,1.115,1.113,1.111,1.107,1.111,1.119,1.128,1.132,1.138,1.144,1.151,1.155,1.157,1.155,1.151,1.147,1.144,1.142,1.138,1.134,1.132,1.128,1.124,1.119,1.119,1.117,1.115,1.113,1.111,0,0,0,0,0,0,0,0,0,0.756,0.755,0.755,0.756,0.756,0.756,0.756,0.756,0.757,0.757,0.758,0.759,0.76,0.76,0.762,0.762,0.763,0.764,0.765,0.764,0.763,0.763,0.763,0.763,0.762,0.762,0.762,0.762,0.764,0.767,0.769,0.77,0.774,0.777,0.781,0.784,0,0,0,0,0,0,1.101,1.101,1.099,1.097,1.099,1.099,1.097,1.097,1.095,1.095,1.095,1.095,1.097,1.095,1.097,1.099,1.103,1.107,1.109,1.111,1.113,1.115,0,0,0,0,0,0,0,0,0,0.834,0,0,0.845,0.848,0.851,0.855,0.858,0.861,0.863,0.864,0.864,0.866,0.866,0.866,0.864,0.863,0.861,0.858,0.855,0.85,0.845,0.841,0.836,0.833,0.83,0.828,0.828,0.827,0.827,0.828,0.829,0.829,0.829,0.832,0.833,0.834,0.836,0.838,0.84,0.843,0.845,0.847,0.848,0.85,0.852,0,0,0,0,0,0,0,0,0,0,0,0,1.726,1.721,1.721,1.717,1.717,1.712,1.707,1.707,1.707,1.712,1.717,1.721,1.731,1.736,1.741,1.751,1.761,1.771,1.776,1.787,1.787,1.797,1.802,1.802,1.808,1.813,1.813,1.813,1.818,1.84,1.885,1.897,0,0,0
0,0,0,0,0,0,0,0,0,0,0,0,0,0,0,0,0,0,0,0,0,0,0,0,0,0,0,0,0,0,0,0.804,0.804,0.802,0.8,0.798,0.796,0.793,0.791,0.789,0.786,0.783,0.781,0.779,0.778,0.778,0.778,0.778,0.778,0.778,0.779,0.78,0.781,0.782,0.783,0.784,0.785,0.786,0.788,0.791,0.794,0.796,0.797,0.799,0.801,1.043,1.045,1.047,1.049,1.051,1.052,1.054,1.056,1.058,1.06,1.061,1.061,1.061,1.06,1.061,1.061,1.061,1.063,1.063,1.065,1.067,1.069,1.073,1.074,1.076,1.08,1.082,1.084,1.086,1.088,1.09,1.09,1.094,1.095,1.095,1.097,1.097,1.099,1.101,1.101,1.103,1.105,1.107,1.109,1.111,1.113,1.117,1.119,1.124,1.128,1.13,1.136,1.14,1.147,1.151,1.155,1.157,1.16,1.162,1.164,1.164,1.166,1.168,1.168,1.171,1.171,1.171,1.171,1.171,1.173,1.173,1.175,1.175,0,0,0,0,0,0,0,0,0,0,0,0,0,0,0,0,0,0,0,0,0,0,0,0,0,0.473,0.473,0.473,0.473,0.473,0.473,0.473,0.474,0.474,0.474,0.474,0.474,0.475,0.475,0.475,0.476,0.476,0.476,0.477,0.478,0.478,0.478,0.478,0.479,0.479,0.479,0.479,0.48,0.48,0.481,0.481,0.482,0.482,0.483,0.484,0.484,0.485,0.486,0.487,0.487,0.488,0.49,0.491,0.492,0.494,0.495,0.497,0.498,0.5,0.5,0.502,0.503,0.503,0.505,0.505,0.506,0.507,0.507,0.508,0.509,0.509,0.509,0.51,0.509,0.51,0.509,0.509,0.509,0.509,0.509,0.509,0.509,0.51,0.51,0.51,0.51,0.511,0.511,0.511,0.512,0.513,0.515,0.516,0.519,0.521,0.524,0.527,0.53,0.533,0.535,0.538,0.541,0.542,0.543,0.544,0.545,0.545,0.546,0.547,0.547,0.548,0.548,0.549,0.55,0.551,0.552,0.553,0.554,0.555,0.556,0.557,0.558,0.56,0.562,0.563,0.565,0.568,0.571,0.573,0.575,0.579,0.581,0.584,0.586,0.588,0.59,0.592,0.594,0.596,0.597,0.598,0.598,0.599,0.6,0.601,0.601,0.602,0.602,0.603,0.603,0.604,0.604,0.604,0.604,0.605,0.605,0.605,0.605,0.604,0.604,0.603,0.602,0.601,0.6,0.598,0.596,0.594,0.593,0.591,0.59,0.589,0.588,0.588,0.588,0.588,0.589,0.59,0.591,0.591,0.592,0.592,0.593,0.593,0.594,0.596,0.597,0.599,0.601,0.603,0.604,0.606,0.608,0.61,0.611,0.613,0.614,0.616,0.617,0.619,0.621,0.623,0.625,0.626,0.628,0.629,0.63,0.632,0.633,0.634,0.636,0.637,0.638,0.638,0.638,0.64,0.64,0.641,0.642,0.643,0.655,0.668,0,0,0.716,0.734,0.743,0.745,0.747,0.749,0.751,0.754,0.756,0.758,0.759,0.759,0.76,0.76,0.762,0.762,0.763,0.764,0.767,0.769,0.772,0.776,0.779,0.782,0.784,0.787,0.789,0.791,0.792,0.792,0.791,0.789,0.788,0.787,0.787,0.787,0.786,0.784,0,0,0,0,1.111,1.111,1.115,1.119,1.121,1.124,1.126,0,1.128,1.126,1.128,1.126,1.124,1.121,1.117,1.115,1.111,1.109,1.105,1.103,1.103,1.103,1.105,1.113,1.117,1.124,1.13,1.134,1.142,1.147,1.149,1.147,1.144,1.14,1.138,1.136,1.132,1.13,1.126,1.124,1.121,1.117,1.117,1.115,1.115,1.113,1.111,0,0,0,0,0,0,0,0,0,0.756,0.757,0.757,0.757,0.756,0.757,0.757,0.757,0.758,0.759,0.76,0.761,0.762,0.762,0.763,0.765,0.767,0.767,0.767,0.767,0.767,0.766,0.766,0.766,0.764,0.764,0.763,0.764,0.766,0.768,0.769,0.77,0,0,0,0,0,1.107,1.107,1.105,1.105,1.103,1.101,1.101,1.101,1.099,1.101,1.101,1.101,1.099,1.099,1.099,1.099,1.099,1.101,1.101,1.101,1.103,1.107,1.109,1.111,1.113,0,0,0,0,0,0,0,0,0,0,0,0.829,0.834,0.835,0.838,0.841,0.844,0.848,0.851,0.855,0.857,0.86,0.861,0.863,0.863,0.863,0.862,0.861,0.858,0.856,0.852,0.849,0.845,0.841,0.837,0.834,0.83,0.828,0.828,0.828,0.828,0.829,0.83,0.832,0.832,0.833,0.834,0.835,0.837,0.84,0.842,0.844,0.848,0.848,0.85,0.852,0,0,0,0,0,0,0,0,0,0,0,0,0,1.726,1.721,1.721,1.717,1.712,1.712,1.712,1.707,1.707,1.712,1.717,1.721,1.726,1.736,1.741,1.746,1.756,1.766,1.776,1.781,1.787,1.792,1.797,1.802,1.808,1.808,1.808,1.813,1.818,1.84,1.879,1.891,1.909,0,0
0,0,0,0,0,0,0,0,0,0,0,0,0,0,0,0,0,0,0,0,0,0,0,0,0,0,0,0,0,0,0.807,0.807,0.805,0.804,0.802,0.8,0.797,0.795,0.792,0.789,0.786,0.783,0.781,0.779,0.778,0.777,0.777,0.777,0.777,0.778,0.778,0.78,0.781,0.781,0.782,0.783,0.784,0.786,0.787,0.79,0.793,0.795,0.796,0.797,0.8,0,1.047,1.049,1.051,1.052,1.054,1.056,1.058,1.06,1.061,1.063,1.063,1.063,1.063,1.063,1.063,1.065,1.065,1.067,1.069,1.071,1.073,1.074,1.076,1.078,1.08,1.082,1.084,1.086,1.088,1.09,1.092,1.094,1.095,1.095,1.097,1.097,1.099,1.099,1.101,1.103,1.105,1.107,1.109,1.111,1.113,1.115,1.119,1.124,1.126,1.13,1.136,1.142,1.147,1.153,1.155,1.16,1.164,1.164,1.166,1.166,1.168,1.171,1.171,1.173,1.175,1.175,1.175,1.177,1.177,1.177,1.177,1.18,0,0,0,0,0,0,0,0,0,0,0,0,0,0,0,0,0,0,0,0,0,0,0,0,0,0.474,0.474,0.474,0.474,0.475,0.475,0.475,0.475,0.475,0.475,0.475,0.475,0.475,0.476,0.476,0.476,0.477,0.477,0.478,0.478,0.478,0.479,0.479,0.479,0.479,0.48,0.48,0.481,0.481,0.481,0.482,0.482,0.483,0.484,0.484,0.485,0.486,0.486,0.487,0.488,0.489,0.49,0.492,0.493,0.495,0.496,0.498,0.499,0.5,0.501,0.503,0.503,0.504,0.505,0.506,0.506,0.507,0.507,0.508,0.509,0.509,0.509,0.51,0.51,0.51,0.509,0.51,0.509,0.509,0.509,0.51,0.51,0.51,0.51,0.51,0.511,0.512,0.513,0.513,0.515,0.516,0.519,0.521,0.523,0.527,0.529,0.532,0.535,0.538,0.541,0.543,0.545,0.546,0.547,0.548,0.548,0.548,0.549,0.55,0.55,0.55,0.551,0.552,0.552,0.553,0.553,0.554,0.555,0.556,0.557,0.559,0.56,0.562,0.564,0.567,0.569,0.572,0.574,0.577,0.58,0.583,0.585,0.588,0.59,0.591,0.593,0.595,0.597,0.598,0.6,0.6,0.601,0.601,0.602,0.603,0.603,0.603,0.603,0.604,0.604,0.604,0.604,0.605,0.605,0.605,0.605,0.605,0.605,0.604,0.604,0.603,0.602,0.601,0.6,0.598,0.597,0.595,0.594,0.592,0.591,0.59,0.589,0.589,0.589,0.589,0.589,0.59,0.59,0.591,0.591,0.592,0.593,0.593,0.594,0.596,0.598,0.6,0.601,0.603,0.605,0.607,0.609,0.611,0.612,0.614,0.616,0.617,0.619,0.621,0.623,0.625,0.626,0.628,0.629,0.63,0.632,0.633,0.634,0.636,0.637,0.638,0.639,0.64,0.64,0.64,0.641,0.642,0.644,0.645,0.657,0.669,0,0,0.72,0.735,0.743,0.746,0.748,0.75,0.752,0.755,0.758,0.759,0.76,0.761,0.761,0.762,0.762,0.763,0.765,0.767,0.769,0.771,0.773,0.777,0.779,0.783,0.785,0.787,0.789,0.791,0.792,0.792,0.791,0.79,0.789,0.788,0.788,0.787,0.786,0.784,0,0,0,1.099,0,1.101,1.103,0,1.109,1.111,1.111,1.111,1.111,1.109,1.109,1.109,1.109,1.105,1.103,1.103,1.101,1.099,1.099,1.099,1.097,1.097,1.101,1.107,1.111,1.115,1.119,1.126,1.132,1.138,1.14,1.14,1.138,1.136,1.134,1.132,1.128,1.124,1.121,1.119,1.117,1.115,1.115,1.113,1.113,1.111,1.109,0,0,0,0,0,0,0,0,0,0.758,0.758,0.758,0.758,0.759,0.759,0.759,0.759,0.759,0.76,0.761,0.762,0.763,0.764,0.766,0.767,0.769,0.77,0.771,0.771,0.77,0.77,0.769,0.768,0.768,0.766,0.766,0,0,0.769,0,0,0,0,0,1.111,1.109,1.107,1.107,1.105,1.105,1.103,1.101,1.103,1.103,1.101,1.103,1.103,1.103,1.101,1.101,1.103,1.103,1.103,1.103,1.105,1.105,1.105,1.107,1.111,1.113,1.115,1.115,1.117,1.119,0,0,0,0,0,0,0,0,0,0.828,0.829,0.832,0.833,0.835,0.838,0.842,0.845,0.849,0.852,0.854,0.856,0.858,0.858,0.858,0.857,0.855,0.854,0.85,0.847,0.843,0.84,0.836,0.834,0.83,0.829,0.829,0.829,0.829,0.83,0.832,0.833,0.833,0.834,0.835,0.836,0.838,0.841,0.844,0.845,0.848,0.85,0.851,0.854,0,0,0,0,0,0,0,0,0,0,0,0,0,1.726,1.721,1.717,1.712,1.707,1.712,1.707,1.707,1.707,1.707,1.712,1.717,1.721,1.731,1.736,1.741,1.751,1.761,1.766,1.776,1.781,1.787,1.792,1.797,1.802,1.808,1.808,1.808,1.824,1.84,1.879,1.891,1.903,0,0
0,0,0,0,0,0,0,0,0,0,0,0,0,0,0,0,0,0,0,0,0,0,0,0,0,0,0,0,0,0.808,0.807,0.805,0.804,0.803,0.801,0.799,0.796,0.794,0.792,0.789,0.786,0.783,0.781,0.78,0.778,0.777,0.777,0.777,0.778,0.777,0.778,0.779,0.78,0.781,0.782,0.782,0.783,0.784,0.785,0.788,0.79,0.792,0.793,0.795,0.797,0,1.047,1.049,0,1.052,1.054,1.058,1.06,1.061,1.063,1.065,1.065,1.065,1.065,1.067,1.067,1.067,1.069,1.071,1.071,1.073,1.074,1.076,1.078,1.08,1.082,1.084,1.086,1.086,1.088,1.09,1.092,1.092,1.094,1.095,1.095,1.097,1.097,1.099,1.101,1.103,1.105,1.107,1.107,1.109,1.113,1.115,1.119,1.121,1.126,1.13,1.136,1.142,1.147,1.153,1.157,1.162,1.164,1.166,1.168,1.168,1.171,1.173,1.175,1.177,1.177,1.177,1.18,1.182,1.182,1.182,1.184,1.184,1.184,0,0,0,0,0,0,0,0,0,0,0,0,0,0,0,0,0,0,0,0,0,0,0,0,0,0.475,0.476,0.475,0.476,0.476,0.476,0.476,0.476,0.476,0.476,0.476,0.476,0.476,0.476,0.477,0.477,0.478,0.478,0.479,0.479,0.479,0.479,0.48,0.48,0.481,0.481,0.482,0.482,0.482,0.483,0.483,0.484,0.484,0.485,0.486,0.487,0.487,0.488,0.489,0.49,0.491,0.492,0.494,0.496,0.497,0.498,0.5,0.501,0.502,0.503,0.504,0.505,0.505,0.506,0.507,0.507,0.508,0.509,0.509,0.509,0.51,0.51,0.51,0.51,0.51,0.51,0.51,0.51,0.51,0.51,0.51,0.511,0.511,0.512,0.512,0.513,0.515,0.516,0.518,0.52,0.523,0.525,0.528,0.532,0.534,0.537,0.54,0.542,0.545,0.546,0.547,0.549,0.55,0.55,0.55,0.551,0.551,0.551,0.551,0.552,0.553,0.553,0.554,0.554,0.555,0.556,0.556,0.557,0.559,0.56,0.562,0.564,0.566,0.57,0.572,0.575,0.578,0.581,0.584,0.585,0.588,0.59,0.592,0.594,0.596,0.597,0.598,0.6,0.601,0.601,0.602,0.603,0.603,0.603,0.604,0.604,0.604,0.604,0.604,0.604,0.605,0.605,0.605,0.605,0.605,0.605,0.605,0.604,0.603,0.602,0.601,0.601,0.599,0.598,0.597,0.594,0.593,0.593,0.591,0.59,0.59,0.589,0.589,0.589,0.589,0.59,0.59,0.59,0.591,0.591,0.593,0.593,0.594,0.596,0.598,0.6,0.601,0.604,0.605,0.607,0.61,0.612,0.613,0.615,0.616,0.618,0.62,0.622,0.624,0.626,0.627,0.628,0.63,0.631,0.633,0.634,0.636,0.637,0.638,0.64,0.64,0.64,0.641,0.642,0.642,0.644,0.644,0.646,0.658,0,0,0,0.716,0.733,0.744,0.747,0.749,0.751,0.754,0.757,0.759,0.761,0.761,0.762,0.762,0.763,0.764,0.765,0.767,0.768,0.77,0.772,0.774,0.777,0.781,0.783,0.786,0.788,0.789,0.791,0.793,0.793,0.791,0.791,0.79,0.788,0.788,0.787,0.786,0.785,0,0,0,0,1.095,1.095,1.095,1.095,1.097,1.099,1.099,1.097,1.099,1.097,1.095,1.094,1.094,1.094,1.094,1.092,1.092,1.092,1.092,1.094,1.092,1.094,1.095,1.099,1.105,1.109,1.113,1.119,1.126,1.132,1.134,1.136,1.134,1.132,1.13,1.128,1.126,1.121,1.119,1.117,1.115,1.113,1.113,1.111,1.109,1.107,1.107,0,0,0,0,0,0,0,0,0,0.759,0.759,0.759,0.759,0.759,0.76,0.76,0.76,0.76,0.761,0.762,0.764,0.765,0.767,0.769,0.77,0.772,0.773,0.774,0.773,0.773,0.772,0.773,0,0.771,0,0,0,0,0,0,0,0,1.111,1.109,1.107,1.107,1.105,1.105,1.105,1.105,1.103,1.103,1.103,1.103,1.103,1.103,1.105,1.105,1.105,1.105,1.107,1.107,1.107,1.107,1.107,1.109,1.109,1.111,1.113,1.115,1.115,1.117,1.119,1.121,1.124,0,0,0,0,0,0,0,0,0.821,0.822,0.824,0.824,0.827,0.829,0.833,0.836,0.84,0.843,0.847,0.849,0.851,0.852,0.854,0.854,0.851,0.849,0.847,0.844,0.842,0.838,0.836,0.834,0.832,0.83,0.83,0.83,0.83,0.833,0.833,0.833,0.834,0.835,0.836,0.838,0.84,0.843,0.845,0.848,0.85,0.851,0.854,0.855,0,0,0,0,0,0,0,0,0,0,0,0,0,1.726,1.721,1.717,1.712,1.712,1.712,1.707,1.707,1.707,1.707,1.712,1.717,1.721,1.731,1.736,1.741,1.751,1.756,1.761,1.766,1.776,1.781,1.787,1.792,1.797,1.802,1.802,1.808,1.818,1.84,1.879,1.891,1.909,0,1.963
0,0,0,0,0,0,0,0,0,0,0,0,0,0,0,0,0,0,0,0,0,0,0,0,0,0,0,0,0,0,0,0.805,0.804,0.803,0.8,0.797,0.795,0.793,0.79,0.788,0.785,0.783,0.781,0.78,0.779,0.777,0.777,0.777,0.778,0.777,0.778,0.778,0.779,0.78,0.78,0.781,0.781,0.782,0.783,0.785,0.788,0.79,0.791,0.792,0.795,0.796,1.045,1.049,1.051,1.052,1.054,1.056,1.058,1.061,1.065,1.065,1.067,1.067,1.069,1.069,1.069,1.071,1.071,1.073,1.074,1.074,1.076,1.078,1.08,1.08,1.082,1.084,1.086,1.086,1.088,1.09,1.09,1.092,1.092,1.094,1.094,1.095,1.095,1.097,1.099,1.101,1.103,1.105,1.107,1.109,1.111,1.115,1.117,1.121,1.124,1.128,1.134,1.14,1.147,1.151,1.157,1.162,1.164,1.166,1.168,1.171,1.173,1.175,1.177,1.18,1.182,1.182,1.184,1.186,1.186,1.189,1.189,1.189,1.189,0,0,0,0,0,0,0,0,0,0,0,0,0,0,0,0,0,0,0,0,0,0,0,0,0,0.477,0.477,0.477,0.477,0.477,0.477,0.477,0.477,0.476,0.476,0.476,0.476,0.477,0.477,0.478,0.478,0.478,0.479,0.479,0.48,0.48,0.481,0.481,0.481,0.482,0.482,0.482,0.483,0.483,0.484,0.484,0.485,0.485,0.486,0.487,0.487,0.488,0.489,0.49,0.49,0.492,0.494,0.495,0.496,0.498,0.5,0.501,0.502,0.503,0.504,0.505,0.505,0.506,0.507,0.507,0.508,0.509,0.509,0.509,0.51,0.51,0.51,0.51,0.51,0.51,0.51,0.51,0.51,0.511,0.511,0.511,0.512,0.513,0.513,0.515,0.516,0.518,0.519,0.522,0.524,0.528,0.53,0.533,0.536,0.54,0.541,0.544,0.545,0.548,0.549,0.55,0.551,0.551,0.552,0.552,0.553,0.553,0.553,0.553,0.553,0.553,0.554,0.554,0.555,0.555,0.556,0.557,0.558,0.56,0.562,0.564,0.566,0.569,0.572,0.575,0.578,0.58,0.583,0.585,0.588,0.59,0.592,0.594,0.595,0.597,0.598,0.599,0.6,0.601,0.602,0.603,0.603,0.604,0.604,0.604,0.604,0.604,0.605,0.605,0.605,0.605,0.605,0.605,0.605,0.605,0.605,0.605,0.604,0.603,0.602,0.601,0.6,0.598,0.597,0.596,0.594,0.594,0.593,0.592,0.591,0.59,0.589,0.588,0.589,0.589,0.589,0.59,0.59,0.591,0.591,0.592,0.593,0.594,0.596,0.598,0.6,0.601,0.604,0.605,0.608,0.61,0.612,0.614,0.616,0.618,0.619,0.621,0.623,0.625,0.626,0.628,0.63,0.631,0.632,0.634,0.635,0.636,0.637,0.638,0.64,0.64,0.641,0.642,0.643,0.643,0.644,0.646,0.649,0.661,0,0,0,0.717,0.733,0.743,0.747,0.749,0.752,0.754,0.757,0.76,0.761,0.762,0.762,0.763,0.764,0.765,0.767,0.768,0.769,0.771,0.773,0.775,0.778,0.781,0.784,0.786,0.788,0.789,0.791,0.793,0.793,0.792,0.791,0.79,0.789,0.788,0.788,0.787,0.785,0,0,1.086,0,1.086,1.086,1.086,1.084,1.086,1.086,1.086,1.084,1.086,1.084,1.084,1.084,1.086,1.086,1.088,1.088,1.086,1.086,1.088,1.088,1.088,1.09,1.092,1.095,1.101,1.105,1.107,1.115,1.121,1.128,1.13,1.134,1.132,1.128,1.128,1.126,1.121,1.119,1.117,1.115,1.113,1.111,1.109,1.107,1.105,1.105,1.103,1.101,0,0,0,0,0,0,0,0,0,0.759,0.76,0.76,0.76,0.76,0.761,0.761,0.761,0.762,0.763,0.765,0.767,0.768,0.77,0.772,0.774,0.775,0.776,0.776,0.776,0.775,0,0,0,0,0,0,0,1.109,1.109,1.109,1.109,1.107,1.107,1.107,1.105,1.105,1.105,1.105,1.103,1.103,1.103,1.103,1.103,1.105,1.105,1.107,1.109,1.109,1.111,1.111,1.113,1.113,1.111,1.111,1.113,1.113,1.115,1.115,1.119,1.119,1.121,1.121,1.124,1.126,0,0,0,0,0,0,0,0.815,0.816,0.817,0.817,0.818,0.819,0.821,0.824,0.827,0.83,0.834,0.838,0.842,0.845,0.848,0.85,0.85,0.849,0.848,0.845,0.842,0.841,0.838,0.836,0.833,0.832,0.83,0.83,0.832,0.833,0.833,0.834,0.834,0.835,0.836,0.837,0.838,0.841,0.843,0.845,0.849,0.85,0.852,0.854,0.856,0,0,0,0,0,0,0,0,0,0,0,0,0,1.717,1.717,1.712,1.707,1.707,1.707,1.707,1.702,1.702,1.702,1.707,1.712,1.717,1.721,1.726,1.731,1.741,1.751,1.756,1.761,1.766,1.771,1.776,1.781,1.792,1.792,1.797,1.802,1.818,1.835,1.874,1.885,1.897,1.921,1.957
0,0,0,0,0,0,0,0,0,0,0,0,0,0,0,0,0,0,0,0,0,0,0,0,0,0,0,0,0,0.809,0.807,0.805,0.803,0.801,0.799,0.796,0.794,0.792,0.79,0.787,0.785,0.783,0.781,0.78,0.779,0.778,0.778,0.778,0.778,0.778,0.777,0.778,0.778,0.779,0.779,0.779,0.779,0.779,0.78,0.782,0.785,0.787,0.788,0.789,0.791,0.793,0,1.047,1.051,1.052,1.054,1.056,1.058,1.061,1.065,1.067,1.069,1.069,1.071,1.071,1.071,1.073,1.074,1.074,1.076,1.076,1.078,1.08,1.08,1.082,1.084,1.084,1.086,1.088,1.088,1.09,1.09,1.092,1.092,1.094,1.094,1.094,1.095,1.097,1.099,1.099,1.101,1.103,1.105,1.107,1.109,1.111,1.115,1.117,1.121,1.126,1.132,1.138,1.144,1.149,1.155,1.16,1.164,1.168,1.171,1.173,1.175,1.177,1.18,1.182,1.184,1.186,1.189,1.189,1.191,1.191,1.191,1.191,1.193,0,0,0,0,0,0,0,0,0,0,0,0,0,0,0,0,0,0,0,0,0,0,0,0,0,0.479,0.479,0.479,0.478,0.478,0.478,0.478,0.478,0.478,0.477,0.477,0.477,0.477,0.478,0.478,0.478,0.479,0.479,0.48,0.48,0.481,0.481,0.482,0.482,0.482,0.483,0.484,0.484,0.484,0.485,0.485,0.486,0.487,0.487,0.488,0.489,0.489,0.49,0.491,0.492,0.494,0.495,0.496,0.498,0.499,0.5,0.502,0.503,0.503,0.505,0.505,0.506,0.507,0.507,0.508,0.508,0.509,0.51,0.51,0.51,0.51,0.511,0.511,0.511,0.511,0.511,0.511,0.511,0.512,0.512,0.513,0.513,0.514,0.515,0.517,0.519,0.521,0.523,0.526,0.529,0.532,0.535,0.537,0.541,0.542,0.545,0.547,0.548,0.55,0.551,0.552,0.553,0.553,0.553,0.553,0.553,0.553,0.553,0.553,0.554,0.554,0.554,0.555,0.555,0.555,0.556,0.557,0.558,0.56,0.562,0.565,0.567,0.57,0.573,0.577,0.58,0.583,0.585,0.587,0.589,0.591,0.593,0.594,0.596,0.597,0.598,0.6,0.601,0.602,0.603,0.603,0.604,0.604,0.604,0.604,0.604,0.605,0.605,0.605,0.605,0.605,0.605,0.605,0.605,0.605,0.605,0.604,0.604,0.603,0.601,0.6,0.599,0.597,0.596,0.595,0.593,0.593,0.591,0.59,0.59,0.589,0.588,0.588,0.588,0.589,0.589,0.589,0.59,0.59,0.591,0.592,0.593,0.594,0.596,0.598,0.6,0.601,0.604,0.605,0.608,0.61,0.612,0.615,0.616,0.618,0.62,0.622,0.624,0.626,0.628,0.629,0.63,0.631,0.632,0.634,0.635,0.636,0.638,0.639,0.64,0.642,0.642,0.644,0.645,0.646,0.648,0.65,0.654,0.665,0.678,0.691,0,0.718,0.733,0.742,0.747,0.75,0.753,0.755,0.758,0.76,0.762,0.762,0.763,0.764,0.765,0.767,0.768,0.769,0.77,0.771,0.773,0.776,0.778,0.781,0.784,0.786,0.787,0.789,0.791,0.792,0.792,0.791,0.791,0.79,0.789,0.789,0.788,0.787,0.785,0,0,0,1.078,1.076,1.076,1.074,1.076,1.074,1.076,1.074,1.074,1.076,1.076,1.078,1.078,1.08,1.082,1.082,1.082,1.084,1.084,1.086,1.088,1.088,1.088,1.092,1.094,1.099,1.103,1.107,1.111,1.117,1.124,1.128,1.13,1.13,1.126,1.124,1.124,1.119,1.117,1.115,1.113,1.111,1.109,1.107,1.105,1.103,1.103,1.101,1.099,0,0,0,0,0,0,0,0,0,0,0.76,0.761,0.761,0.761,0.761,0.762,0.762,0.763,0.764,0.766,0.768,0.769,0.772,0.774,0.775,0,0,0.779,0,0,0,0,0,1.109,1.107,1.105,1.105,1.105,1.105,1.105,1.105,1.105,1.105,1.105,1.105,1.103,1.103,1.103,1.103,1.103,1.103,1.105,1.105,1.107,1.109,1.111,1.111,1.113,1.115,1.115,1.115,1.115,1.117,1.115,1.117,1.115,1.119,1.117,1.121,1.121,1.121,1.124,1.126,0,0,0,0,0,0,0,0,0.812,0.812,0.812,0.812,0.812,0.813,0.814,0.816,0.817,0.822,0.825,0.828,0.833,0.837,0.842,0.844,0.847,0.847,0.844,0.843,0.841,0.84,0.837,0.835,0.834,0.832,0.832,0.832,0.833,0.833,0.834,0.834,0.835,0.835,0.836,0.838,0.84,0.841,0.842,0.845,0.848,0.85,0.852,0.855,0.856,0,0,0,0,0,0,0,0,0,0,0,0,0,0,0,1.707,1.707,1.702,1.702,1.702,1.702,1.702,1.702,1.707,1.707,1.712,1.717,1.721,1.726,1.736,1.746,1.751,1.756,1.761,1.766,1.771,1.776,1.787,1.792,1.792,1.797,1.813,1.829,1.868,1.879,1.891,1.915,1.945
0,0,0,0,0,0,0,0,0,0,0,0,0,0,0,0,0,0,0,0,0,0,0,0,0,0,0,0,0,0,0.805,0.804,0.803,0.801,0.799,0.796,0.794,0.792,0.79,0.787,0.785,0.783,0.782,0.78,0.779,0.779,0.778,0.778,0.779,0.778,0.777,0.778,0.778,0.777,0.777,0.777,0.777,0.777,0.778,0.779,0.781,0.783,0.784,0.785,0.786,0.788,0,0,1.051,1.052,1.054,1.056,1.058,1.061,1.065,1.067,1.069,1.071,1.073,1.073,1.074,1.074,1.074,1.076,1.078,1.08,1.08,1.082,1.082,1.084,1.084,1.086,1.086,1.088,1.088,1.09,1.09,1.092,1.092,1.092,1.094,1.094,1.095,1.097,1.097,1.099,1.101,1.103,1.103,1.105,1.109,1.109,1.113,1.115,1.119,1.126,1.132,1.136,1.144,1.149,1.155,1.162,1.166,1.171,1.171,1.175,1.177,1.18,1.182,1.186,1.189,1.191,1.191,1.193,1.196,1.196,1.196,1.196,0,0,0,0,0,0,0,0,0,0,0,0,0,0,0,0,0,0,0,0,0,0,0,0,0,0,0.48,0.48,0.48,0.48,0.479,0.479,0.479,0.478,0.478,0.478,0.478,0.478,0.478,0.478,0.478,0.479,0.479,0.48,0.48,0.481,0.482,0.482,0.482,0.483,0.484,0.484,0.485,0.485,0.485,0.486,0.487,0.487,0.488,0.489,0.489,0.49,0.491,0.492,0.492,0.494,0.495,0.497,0.498,0.499,0.5,0.502,0.503,0.503,0.504,0.505,0.505,0.506,0.507,0.508,0.508,0.509,0.51,0.51,0.51,0.511,0.511,0.511,0.512,0.512,0.512,0.512,0.512,0.513,0.513,0.513,0.514,0.515,0.516,0.518,0.52,0.522,0.524,0.527,0.53,0.533,0.535,0.538,0.54,0.543,0.545,0.547,0.549,0.55,0.551,0.553,0.553,0.554,0.554,0.554,0.554,0.554,0.554,0.553,0.554,0.554,0.554,0.554,0.555,0.555,0.555,0.556,0.557,0.559,0.561,0.563,0.565,0.569,0.572,0.575,0.578,0.582,0.585,0.587,0.589,0.59,0.592,0.594,0.596,0.597,0.598,0.6,0.601,0.601,0.603,0.603,0.604,0.604,0.604,0.605,0.605,0.605,0.605,0.605,0.605,0.605,0.605,0.605,0.605,0.605,0.605,0.605,0.604,0.603,0.602,0.601,0.6,0.598,0.596,0.595,0.593,0.592,0.591,0.59,0.589,0.588,0.588,0.588,0.587,0.587,0.588,0.588,0.589,0.59,0.59,0.591,0.592,0.593,0.594,0.596,0.597,0.6,0.601,0.604,0.605,0.608,0.61,0.613,0.615,0.617,0.619,0.621,0.623,0.625,0.627,0.628,0.63,0.63,0.632,0.633,0.634,0.636,0.636,0.638,0.64,0.641,0.642,0.644,0.646,0.648,0.649,0.651,0.655,0.659,0.669,0.682,0,0.707,0.72,0.733,0.742,0.748,0.751,0.754,0.756,0.759,0.761,0.762,0.763,0.764,0.765,0.766,0.767,0.768,0.769,0.771,0.772,0.774,0.776,0.779,0.781,0.784,0.786,0.787,0.789,0.79,0.791,0.792,0.791,0.79,0.79,0.788,0.788,0.788,0.787,0.786,0,0,1.063,1.063,1.063,1.065,1.063,1.063,1.065,1.067,1.067,1.069,1.071,1.073,1.074,1.076,1.078,1.08,1.08,1.082,1.084,1.084,1.086,1.086,1.088,1.088,1.09,1.094,1.097,1.103,1.105,1.111,1.115,1.121,1.126,1.13,1.128,1.126,1.121,1.119,1.117,1.115,1.113,1.111,1.109,1.107,1.105,1.101,1.101,1.099,1.097,1.094,1.092,0,0,0,0,0,0,0,0,0,0,0.761,0.761,0.761,0.762,0.762,0.762,0.764,0.766,0.768,0.77,0.771,0.773,0.776,0,0,0,0,0,0,1.111,1.111,1.109,1.107,1.105,1.103,1.101,1.101,1.099,1.099,1.099,1.099,1.097,1.099,1.101,1.101,1.101,1.103,1.103,1.103,1.105,1.105,1.107,1.109,1.113,1.115,1.117,1.117,1.119,1.121,1.121,1.121,1.121,1.121,1.121,1.121,1.121,1.124,1.121,1.124,1.126,1.126,1.126,0,0,0,0,0,0,0,0,0,0.807,0.805,0.805,0.805,0.807,0.807,0.808,0.81,0.812,0.815,0.819,0.824,0.829,0.834,0.838,0.841,0.842,0.842,0.841,0.84,0.838,0.837,0.835,0.834,0.833,0.832,0.833,0.833,0.834,0.834,0.835,0.835,0.836,0.837,0.838,0.84,0.841,0.843,0.845,0.848,0.85,0.852,0.855,0,0,0,0,0,0,0,0,0,0,0,0,0,0,0,0,0,1.702,0,1.702,1.702,1.698,1.698,1.702,1.702,1.707,1.712,1.717,1.721,1.726,1.736,1.741,1.746,1.751,1.756,1.761,1.766,1.771,1.781,1.787,1.792,1.797,1.808,1.824,1.862,0,1.885,1.909,1.939
0,0,0,0,0,0,0,0,0,0,0,0,0,0,0,0,0,0,0,0,0,0,0,0,0,0,0,0,0,0,0,0.803,0.802,0.8,0.798,0.796,0.794,0.792,0.79,0.788,0.785,0.783,0.782,0.781,0.781,0.78,0.779,0.779,0.779,0.778,0.777,0.777,0.777,0.776,0.776,0.776,0.775,0.775,0.775,0.777,0.778,0.78,0.782,0.783,0.784,0,0,0,1.051,1.052,1.054,1.056,1.058,1.061,1.065,1.069,1.071,1.071,1.073,1.074,1.074,1.076,1.076,1.078,1.08,1.082,1.082,1.082,1.084,1.084,1.086,1.086,1.086,1.088,1.088,1.09,1.09,1.092,1.092,1.092,1.094,1.094,1.095,1.097,1.097,1.099,1.101,1.103,1.103,1.105,1.107,1.109,1.111,1.115,1.119,1.126,1.13,1.136,1.142,1.149,1.155,1.16,1.166,1.171,1.173,1.177,1.18,1.182,1.186,1.189,1.191,1.193,1.196,1.198,1.198,1.2,1.2,1.2,0,0,0,0,0,0,0,0,0,0,0,0,0,0,0,0,0,0,0,0,0,0,0,0,0,0.482,0.481,0.481,0.481,0.481,0.48,0.48,0.48,0.479,0.479,0.479,0.478,0.478,0.479,0.479,0.479,0.479,0.48,0.481,0.481,0.481,0.482,0.483,0.483,0.484,0.485,0.485,0.485,0.486,0.487,0.487,0.488,0.489,0.489,0.49,0.491,0.492,0.492,0.493,0.494,0.496,0.497,0.498,0.499,0.5,0.501,0.503,0.503,0.504,0.505,0.505,0.506,0.507,0.507,0.508,0.509,0.51,0.51,0.51,0.511,0.511,0.512,0.512,0.513,0.513,0.513,0.513,0.513,0.514,0.515,0.516,0.516,0.518,0.519,0.521,0.523,0.526,0.528,0.531,0.533,0.536,0.538,0.541,0.542,0.545,0.546,0.548,0.55,0.551,0.552,0.553,0.554,0.554,0.554,0.554,0.554,0.554,0.554,0.554,0.554,0.554,0.554,0.554,0.555,0.555,0.556,0.556,0.557,0.559,0.561,0.563,0.566,0.57,0.573,0.577,0.58,0.584,0.586,0.588,0.59,0.592,0.593,0.595,0.596,0.597,0.598,0.6,0.601,0.602,0.603,0.604,0.604,0.604,0.604,0.605,0.605,0.605,0.605,0.605,0.605,0.605,0.605,0.605,0.605,0.605,0.605,0.605,0.604,0.603,0.601,0.6,0.598,0.597,0.595,0.593,0.591,0.59,0.59,0.589,0.588,0.588,0.587,0.587,0.587,0.587,0.588,0.589,0.589,0.59,0.591,0.591,0.593,0.593,0.595,0.596,0.598,0.6,0.601,0.604,0.605,0.608,0.61,0.613,0.615,0.618,0.62,0.621,0.624,0.626,0.627,0.629,0.63,0.631,0.632,0.633,0.634,0.635,0.636,0.638,0.64,0.642,0.644,0.646,0.648,0.651,0.653,0.655,0.659,0,0.674,0.685,0,0,0.72,0.734,0.742,0.749,0.752,0.755,0.757,0.76,0.762,0.763,0.764,0.765,0.766,0.767,0.768,0.768,0.77,0.771,0.772,0.774,0.776,0.779,0.781,0.783,0.785,0.787,0.788,0.789,0.792,0.792,0.791,0.79,0.789,0.788,0.788,0.787,0.787,0.785,0,0,1.056,1.056,1.058,1.056,1.058,1.058,1.06,1.061,1.063,1.065,1.067,1.069,1.073,1.074,1.076,1.078,1.08,1.082,1.084,1.084,1.086,1.086,1.086,1.088,1.09,1.094,1.097,1.101,1.105,1.109,1.113,1.119,1.124,1.126,1.126,1.124,1.121,1.119,1.117,1.115,1.113,1.111,1.109,1.107,1.103,1.101,1.099,1.095,1.095,1.092,1.088,1.086,0,0,0,0,0,0,0,0,0,0,0,0,0,0,0,0,0,0,0.77,0.773,0.775,0,0,0,1.117,1.115,1.113,1.111,1.111,1.109,1.109,1.105,1.103,1.101,1.099,1.099,1.097,1.095,1.094,1.092,1.092,1.094,1.094,1.095,1.097,1.099,1.101,1.101,1.105,1.107,1.109,1.111,1.115,1.117,1.121,1.121,1.126,1.126,1.126,1.126,1.126,1.126,1.126,1.126,1.128,1.126,1.126,1.128,1.128,1.13,1.13,0,0,0,0,0,0,0,0,0,0,0.802,0.801,0.801,0.8,0.801,0.801,0.802,0.803,0.805,0.81,0.814,0.818,0.825,0.829,0.835,0.836,0.837,0.838,0.838,0.838,0.836,0.835,0.834,0.833,0.833,0.833,0.834,0.835,0.835,0.836,0.836,0.837,0.837,0.838,0.841,0.842,0.843,0.844,0.848,0.849,0.851,0.854,0.856,0,0,0,0,0,0,0,0,0,0,0,0,0,0,0,0,0,0,0,0,0,1.702,1.702,1.702,1.707,1.712,1.717,1.726,1.726,1.731,1.736,1.746,1.751,1.756,1.756,1.766,1.771,1.781,1.787,1.787,1.797,1.802,1.824,1.851,1.868,1.879,1.897,1.927
0,0,0,0,0,0,0,0,0,0,0,0,0,0,0,0,0,0,0,0,0,0,0,0,0,0,0,0,0,0,0.801,0.8,0.799,0.798,0.796,0.794,0.793,0.791,0.789,0.787,0.785,0.783,0.782,0.781,0.781,0.78,0.779,0.779,0.779,0.778,0.777,0.776,0.776,0.775,0.774,0.774,0.773,0.773,0.773,0.774,0.776,0.777,0.779,0.781,0.782,0.784,0.786,0,1.049,1.051,1.054,1.056,1.06,1.063,1.067,1.069,1.073,1.073,1.074,1.076,1.076,1.078,1.078,1.08,1.082,1.082,1.084,1.084,1.086,1.086,1.086,1.088,1.088,1.088,1.088,1.09,1.09,1.092,1.092,1.094,1.094,1.094,1.095,1.097,1.099,1.099,1.101,1.103,1.105,1.107,1.109,1.111,1.113,1.115,1.121,1.126,1.13,1.136,1.144,1.149,1.155,1.162,1.166,1.173,1.175,1.18,1.182,1.186,1.189,1.193,1.196,1.198,1.2,1.203,1.203,1.203,1.203,0,0,0,0,0,0,0,0,0,0,0,0,0,0,0,0,0,0,0,0,0,0,0,0,0,0.482,0.482,0.482,0.482,0.482,0.482,0.481,0.481,0.481,0.48,0.48,0.479,0.479,0.479,0.479,0.479,0.479,0.48,0.48,0.481,0.482,0.482,0.483,0.484,0.484,0.485,0.485,0.486,0.486,0.487,0.488,0.488,0.489,0.49,0.49,0.491,0.492,0.493,0.494,0.495,0.496,0.497,0.498,0.499,0.5,0.501,0.502,0.503,0.504,0.504,0.505,0.505,0.506,0.507,0.508,0.509,0.509,0.51,0.511,0.511,0.512,0.512,0.513,0.513,0.514,0.514,0.514,0.515,0.515,0.516,0.517,0.518,0.519,0.52,0.522,0.524,0.527,0.528,0.531,0.534,0.536,0.539,0.541,0.542,0.544,0.546,0.548,0.549,0.55,0.552,0.553,0.553,0.554,0.554,0.554,0.554,0.554,0.554,0.554,0.554,0.554,0.554,0.554,0.555,0.555,0.555,0.556,0.556,0.557,0.559,0.561,0.564,0.567,0.571,0.574,0.578,0.582,0.585,0.588,0.59,0.591,0.593,0.594,0.596,0.597,0.598,0.6,0.6,0.601,0.602,0.603,0.604,0.604,0.604,0.604,0.605,0.605,0.605,0.605,0.605,0.605,0.605,0.605,0.605,0.605,0.605,0.605,0.604,0.603,0.602,0.601,0.599,0.597,0.596,0.594,0.592,0.591,0.59,0.589,0.588,0.588,0.588,0.587,0.587,0.587,0.588,0.589,0.589,0.59,0.59,0.591,0.592,0.593,0.594,0.596,0.597,0.598,0.6,0.602,0.604,0.606,0.608,0.611,0.613,0.616,0.618,0.62,0.622,0.625,0.626,0.628,0.629,0.63,0.63,0.632,0.632,0.634,0.635,0.636,0.638,0.64,0.643,0.646,0.648,0.652,0.654,0.657,0.66,0.664,0.669,0.678,0,0.7,0.711,0.721,0.733,0.742,0.749,0.754,0.757,0.758,0.76,0.762,0.763,0.764,0.765,0.766,0.767,0.768,0.769,0.77,0.771,0.773,0.775,0.776,0.778,0.78,0.782,0.784,0.786,0.787,0.789,0.79,0.791,0.79,0.789,0.789,0.788,0.788,0.788,0.788,0.785,0,0,1.052,1.054,1.054,1.056,1.054,1.056,1.058,1.06,1.061,1.063,1.065,1.067,1.071,1.073,1.076,1.078,1.08,1.082,1.082,1.084,1.086,1.088,1.086,1.088,1.09,1.094,1.097,1.103,1.105,1.109,1.113,1.119,1.121,1.124,1.124,1.121,1.119,1.119,1.115,1.115,1.113,1.111,1.111,1.107,1.105,1.101,1.099,1.097,1.094,1.09,1.086,1.084,0,0,0,0,0,0,0,0,0,0,0,0,0,0,0,0,0,0,0,0,0,0,0,1.119,1.117,1.115,1.113,1.111,1.111,1.109,1.107,1.105,1.103,1.101,1.097,1.095,1.092,1.09,1.088,1.088,1.086,1.086,1.086,1.09,1.092,1.095,1.097,1.101,1.105,1.107,1.111,1.115,1.119,1.124,1.128,1.128,1.132,1.132,1.132,1.132,1.132,1.132,1.132,1.132,1.132,1.132,1.13,1.132,1.13,1.132,1.132,0,0,0,0,0,0,0,0,0,0,0,0.799,0.798,0.797,0.796,0.795,0.795,0.797,0.798,0.799,0.804,0.81,0.815,0.821,0.827,0.832,0.834,0.836,0.837,0.837,0.836,0.836,0.834,0.834,0.834,0.834,0.835,0.835,0.836,0.837,0.837,0.837,0.838,0.84,0.841,0.842,0.843,0.844,0.847,0,0,0,0,0,0,0,0,0,0,0,0,0,0,0,0,0,0,0,0,0,0,1.702,1.702,1.702,1.702,1.702,1.707,1.707,1.712,1.721,1.721,1.726,1.731,1.736,1.741,1.746,1.751,1.756,1.761,1.766,1.776,1.781,1.787,1.792,1.802,1.818,1.846,1.857,1.862,1.885,1.915
0,0,0,0,0,0,0,0,0,0,0,0,0,0,0,0,0,0,0,0,0,0,0,0,0,0,0,0,0,0,0.798,0.797,0.796,0.794,0.794,0.791,0.79,0.789,0.787,0.785,0.783,0.782,0.781,0.78,0.78,0.779,0.778,0.778,0.778,0.777,0.776,0.775,0.775,0.774,0.773,0.773,0.772,0.772,0.772,0.772,0.774,0.775,0.777,0.779,0.78,0.782,0,0,1.049,1.052,1.054,1.058,1.06,1.063,1.067,1.071,1.073,1.074,1.076,1.078,1.078,1.08,1.08,1.082,1.082,1.084,1.086,1.086,1.086,1.088,1.088,1.088,1.09,1.09,1.09,1.092,1.092,1.092,1.094,1.094,1.094,1.095,1.097,1.097,1.099,1.101,1.103,1.105,1.107,1.109,1.111,1.113,1.115,1.117,1.121,1.128,1.132,1.138,1.144,1.151,1.157,1.164,1.168,1.173,1.177,1.182,1.184,1.189,1.193,1.196,1.198,1.2,1.203,1.205,1.207,1.207,1.207,0,0,0,0,0,0,0,0,0,0,0,0,0,0,0,0,0,0,0,0,0,0,0,0,0,0.483,0.483,0.483,0.483,0.483,0.482,0.482,0.481,0.481,0.481,0.48,0.48,0.479,0.479,0.479,0.479,0.479,0.48,0.481,0.481,0.482,0.482,0.483,0.484,0.485,0.485,0.486,0.487,0.487,0.488,0.489,0.489,0.49,0.491,0.492,0.492,0.494,0.494,0.495,0.496,0.498,0.498,0.5,0.501,0.502,0.502,0.503,0.503,0.504,0.505,0.505,0.506,0.507,0.507,0.508,0.509,0.51,0.51,0.511,0.512,0.512,0.513,0.513,0.514,0.515,0.515,0.516,0.516,0.517,0.518,0.519,0.52,0.521,0.523,0.525,0.527,0.529,0.532,0.534,0.537,0.539,0.541,0.542,0.544,0.545,0.547,0.548,0.55,0.551,0.552,0.553,0.553,0.554,0.554,0.554,0.554,0.554,0.554,0.554,0.554,0.554,0.554,0.554,0.555,0.555,0.555,0.556,0.556,0.557,0.559,0.561,0.564,0.567,0.571,0.575,0.579,0.583,0.587,0.589,0.591,0.593,0.594,0.596,0.597,0.598,0.599,0.6,0.601,0.602,0.603,0.603,0.604,0.604,0.604,0.604,0.605,0.605,0.605,0.605,0.605,0.605,0.605,0.605,0.605,0.605,0.605,0.605,0.604,0.603,0.601,0.6,0.598,0.597,0.595,0.593,0.591,0.59,0.589,0.588,0.588,0.587,0.587,0.587,0.587,0.588,0.588,0.589,0.59,0.59,0.591,0.593,0.593,0.594,0.596,0.597,0.598,0.599,0.601,0.603,0.604,0.607,0.608,0.612,0.614,0.616,0.618,0.621,0.623,0.625,0.626,0.628,0.629,0.63,0.63,0.632,0.632,0.634,0.635,0.636,0.638,0.642,0.644,0.648,0.652,0.655,0.659,0.662,0.664,0.669,0.673,0.681,0.691,0.702,0.712,0.723,0.734,0.744,0.751,0.756,0.758,0.76,0.762,0.762,0.764,0.765,0.766,0.766,0.768,0.768,0.769,0.77,0.772,0.773,0.775,0.776,0.778,0.78,0.782,0.784,0.785,0.787,0.788,0.79,0.791,0.789,0.788,0.788,0.788,0.787,0.787,0.787,0,0,0,1.051,1.051,1.052,1.052,1.052,1.054,1.056,1.058,1.06,1.061,1.063,1.067,1.069,1.073,1.074,1.076,1.08,1.08,1.082,1.084,1.086,1.088,1.088,1.09,1.092,1.094,1.097,1.103,1.107,1.111,1.115,1.121,1.124,1.126,1.126,1.124,1.121,1.119,1.117,1.115,1.113,1.113,1.111,1.109,1.105,1.103,1.099,1.097,1.095,1.088,1.084,1.08,1.078,1.078,0,0,0,0,0,0,0,0,0,0,0,0,0,0,0,0,0,0,0,0,0,1.121,1.117,1.115,1.113,1.111,1.111,1.109,1.105,1.103,1.103,1.099,1.095,1.094,1.088,1.084,1.082,1.078,1.076,1.078,1.078,1.08,1.084,1.09,1.095,1.099,1.103,1.109,1.115,1.119,1.124,1.13,1.132,1.134,1.136,1.138,1.138,1.138,1.138,1.138,1.138,1.136,1.136,1.134,1.134,1.134,1.134,1.134,1.134,0,0,0,0,0,0,0,0,0,0,0,0,0.797,0.794,0.793,0.791,0.791,0.79,0.791,0.793,0.795,0.8,0.807,0.813,0.818,0.824,0.829,0.833,0.835,0.836,0.836,0.836,0.835,0.835,0.835,0.836,0.836,0.837,0.837,0.838,0.838,0.84,0.841,0.841,0.842,0.843,0.842,0.844,0.845,0.845,0.848,0,0,0,0,0,0,0,0,0,0,0,0,0,0,0,0,0,0,0,0,0,0,0,0,0,0,0,0,0,1.726,1.731,1.731,1.736,1.741,1.746,1.751,1.756,1.761,1.766,1.771,1.776,1.787,1.792,1.802,1.818,1.835,1.84,1.851,1.868,1.891
0,0,0,0,0,0,0,0,0,0,0,0,0,0,0,0,0,0,0,0,0,0,0,0,0,0,0,0,0,0,0,0.792,0.791,0.79,0.789,0.787,0.786,0.785,0.784,0.782,0.781,0.78,0.779,0.778,0.778,0.778,0.777,0.777,0.777,0.777,0.776,0.775,0.774,0.773,0.772,0.771,0.771,0.77,0.771,0.772,0.772,0.774,0.777,0.779,0.781,0.781,0,0,0,1.051,1.056,1.058,1.061,1.065,1.067,1.071,1.073,1.074,1.076,1.078,1.08,1.082,1.082,1.082,1.084,1.086,1.086,1.086,1.088,1.088,1.088,1.09,1.09,1.092,1.092,1.092,1.094,1.094,1.095,1.095,1.095,1.097,1.099,1.101,1.101,1.103,1.105,1.107,1.109,1.111,1.113,1.115,1.117,1.121,1.124,1.13,1.134,1.14,1.147,1.153,1.157,1.164,1.171,1.175,1.18,1.182,1.186,1.191,1.193,1.198,1.2,1.203,1.205,1.207,1.21,1.21,1.212,0,0,0,0,0,0,0,0,0,0,0,0,0,0,0,0,0,0,0,0,0,0,0,0,0,0.484,0.484,0.484,0.484,0.483,0.483,0.482,0.482,0.481,0.481,0.481,0.48,0.48,0.479,0.479,0.48,0.48,0.48,0.481,0.481,0.482,0.483,0.484,0.484,0.485,0.486,0.487,0.487,0.488,0.488,0.489,0.49,0.491,0.492,0.492,0.494,0.495,0.496,0.496,0.498,0.498,0.5,0.5,0.501,0.502,0.503,0.503,0.504,0.504,0.505,0.505,0.506,0.507,0.507,0.508,0.509,0.51,0.51,0.511,0.512,0.513,0.513,0.514,0.515,0.516,0.516,0.517,0.518,0.519,0.52,0.521,0.523,0.524,0.526,0.528,0.53,0.532,0.535,0.537,0.539,0.541,0.542,0.543,0.544,0.546,0.547,0.548,0.55,0.551,0.552,0.553,0.553,0.554,0.554,0.555,0.555,0.555,0.555,0.554,0.554,0.554,0.554,0.555,0.555,0.555,0.555,0.556,0.556,0.557,0.559,0.562,0.565,0.569,0.572,0.576,0.58,0.584,0.588,0.591,0.593,0.594,0.596,0.597,0.598,0.599,0.6,0.601,0.602,0.603,0.603,0.604,0.604,0.604,0.604,0.604,0.605,0.605,0.605,0.605,0.605,0.605,0.605,0.605,0.605,0.605,0.605,0.604,0.604,0.603,0.601,0.599,0.597,0.596,0.594,0.593,0.59,0.589,0.589,0.588,0.587,0.587,0.587,0.588,0.588,0.588,0.589,0.59,0.591,0.591,0.593,0.594,0.595,0.596,0.597,0.598,0.599,0.6,0.602,0.603,0.605,0.607,0.61,0.612,0.615,0.617,0.62,0.622,0.624,0.625,0.627,0.628,0.629,0.63,0.63,0.632,0.632,0.634,0.635,0.637,0.639,0.642,0.646,0.65,0.654,0.658,0.662,0.665,0.667,0.671,0.675,0.684,0.694,0.705,0.715,0.725,0.735,0.745,0.753,0.758,0.76,0.761,0.762,0.763,0.764,0.765,0.766,0.767,0.768,0.769,0.77,0.771,0.772,0.773,0.775,0.776,0.778,0.78,0.782,0.783,0.785,0.786,0.788,0.788,0.789,0.789,0.788,0.787,0.788,0.787,0.787,0.786,0,0,0,1.049,1.049,1.051,1.051,1.052,1.054,1.054,1.056,1.058,1.061,1.063,1.065,1.069,1.071,1.074,1.076,1.08,1.082,1.084,1.084,1.086,1.088,1.088,1.09,1.092,1.094,1.099,1.105,1.107,1.113,1.117,1.119,1.124,1.128,1.128,1.126,1.121,1.119,1.117,1.115,1.115,1.113,1.111,1.109,1.107,1.103,1.101,1.099,1.095,1.088,1.086,1.08,1.078,1.078,0,0,0,0,0,0,0,0,0,0,0,0,0,0,0,0,0,0,0,1.128,1.124,1.121,1.117,1.115,1.113,1.111,1.109,1.107,1.105,1.103,1.101,1.097,1.092,1.088,1.084,1.078,1.074,1.071,1.071,1.071,1.073,1.076,1.08,1.086,1.092,1.097,1.103,1.111,1.117,1.124,1.13,1.134,1.138,1.14,1.142,1.144,1.142,1.142,1.144,1.142,1.142,1.142,1.142,1.14,1.14,1.138,1.14,0,0,0,0,0,0,0,0,0,0,0,0,0,0,0,0.791,0.789,0.788,0.786,0.786,0.785,0.786,0.788,0.791,0.796,0.802,0.809,0.815,0.823,0.828,0.833,0.835,0.836,0.837,0.837,0.836,0.837,0.837,0.837,0.838,0.84,0.841,0.841,0.841,0.842,0.842,0.843,0.843,0.843,0.844,0.844,0,0,0,0,0,0,0,0,0,0,0,0,0,0,0,0,0,0,0,0,0,0,0,0,0,0,0,0,0,0,0,0,1.731,1.731,1.741,1.741,1.746,1.751,1.756,1.761,1.766,1.771,1.776,1.781,1.792,1.802,1.813,1.829,1.835,1.846,1.851,1.879
0,0,0,0,0,0,0,0,0,0,0,0,0,0,0,0,0,0,0,0,0,0,0,0,0,0,0,0,0,0,0,0.787,0.786,0.786,0.784,0.783,0.782,0.781,0.78,0.779,0.779,0.778,0.777,0.777,0.777,0.776,0.775,0.775,0.775,0.775,0.774,0.773,0.772,0.771,0.77,0.77,0.769,0.768,0.769,0.77,0.771,0.772,0.775,0.777,0.78,0.781,0.784,0.787,0.79,0,1.056,1.06,1.063,1.065,1.069,1.073,1.074,1.076,1.078,1.08,1.082,1.082,1.082,1.084,1.086,1.086,1.086,1.088,1.088,1.088,1.09,1.09,1.092,1.092,1.094,1.094,1.095,1.095,1.097,1.097,1.099,1.099,1.101,1.103,1.105,1.107,1.109,1.111,1.113,1.115,1.117,1.119,1.121,1.124,1.128,1.134,1.138,1.144,1.151,1.155,1.16,1.164,1.171,1.175,1.18,1.184,1.189,1.191,1.196,1.198,1.203,1.205,1.207,1.21,1.212,1.212,1.212,1.215,0,0,0,0,0,0,0,0,0,0,0,0,0,0,0,0,0,0,0,0,0,0,0,0,0,0.484,0.484,0.484,0.484,0.484,0.483,0.482,0.482,0.481,0.481,0.481,0.48,0.48,0.48,0.48,0.48,0.48,0.481,0.482,0.482,0.483,0.484,0.484,0.485,0.486,0.487,0.487,0.488,0.489,0.49,0.49,0.492,0.492,0.494,0.495,0.496,0.497,0.498,0.498,0.5,0.5,0.501,0.502,0.502,0.503,0.503,0.503,0.504,0.505,0.505,0.506,0.507,0.507,0.508,0.509,0.51,0.51,0.511,0.512,0.513,0.513,0.514,0.515,0.516,0.518,0.519,0.52,0.521,0.522,0.523,0.525,0.527,0.528,0.531,0.533,0.535,0.536,0.539,0.54,0.541,0.543,0.544,0.545,0.546,0.547,0.548,0.55,0.551,0.552,0.553,0.554,0.554,0.555,0.555,0.555,0.555,0.555,0.555,0.555,0.555,0.555,0.555,0.555,0.555,0.556,0.556,0.557,0.557,0.559,0.562,0.565,0.569,0.573,0.577,0.581,0.585,0.589,0.592,0.594,0.595,0.597,0.598,0.599,0.6,0.601,0.601,0.602,0.603,0.604,0.604,0.604,0.605,0.605,0.605,0.604,0.604,0.604,0.604,0.605,0.605,0.605,0.605,0.605,0.604,0.604,0.604,0.603,0.601,0.6,0.598,0.597,0.595,0.593,0.591,0.59,0.589,0.588,0.587,0.587,0.587,0.587,0.588,0.588,0.589,0.59,0.591,0.592,0.593,0.594,0.596,0.597,0.598,0.599,0.6,0.601,0.602,0.603,0.604,0.606,0.608,0.61,0.613,0.616,0.618,0.621,0.623,0.625,0.626,0.628,0.628,0.63,0.63,0.631,0.632,0.633,0.634,0.635,0.637,0.64,0.644,0.648,0.652,0.657,0.661,0.664,0.668,0.67,0.673,0.677,0.685,0.696,0.706,0.716,0.726,0.737,0.746,0.755,0.759,0.761,0.762,0.763,0.764,0.765,0.766,0.767,0.767,0.769,0.769,0.77,0.771,0.773,0.774,0.775,0.776,0.778,0.78,0.781,0.783,0.784,0.786,0.786,0.787,0.789,0.787,0.786,0,0.786,0.786,0.785,0,0,0,0,1.047,1.047,1.051,1.049,1.051,1.052,1.054,1.056,1.058,1.06,1.061,1.065,1.067,1.071,1.073,1.076,1.08,1.082,1.084,1.086,1.086,1.088,1.088,1.09,1.092,1.094,1.099,1.103,1.109,1.113,1.117,1.121,1.124,1.126,1.128,1.126,1.121,1.119,1.117,1.115,1.115,1.115,1.111,1.109,1.107,1.103,1.101,1.099,1.095,1.088,1.082,1.078,0,1.078,0,0,0,0,0,0,0,0,0,0,0,0,0,0,0,0,0,0,1.128,1.126,1.126,1.121,1.117,1.117,1.113,1.111,1.109,1.107,1.105,1.101,1.097,1.095,1.09,1.084,1.078,1.074,1.069,1.065,1.063,1.063,1.067,1.071,1.076,1.082,1.092,1.095,1.105,1.113,1.121,1.128,1.134,1.138,1.142,1.144,1.147,1.149,1.149,1.149,1.149,1.149,1.149,1.149,1.149,1.147,1.147,1.144,1.147,0,0,0,0,0,0,0,0,0,0,0,0,0,0,0,0,0.785,0.784,0.782,0.781,0.78,0.78,0.781,0.784,0.788,0.793,0.8,0.805,0.815,0.821,0.827,0.832,0.834,0.836,0.837,0.838,0.838,0.838,0.84,0.84,0.841,0.842,0.843,0.843,0.844,0.844,0.845,0.845,0.844,0.845,0.844,0.844,0.845,0,0,0,0,0,0,0,0,0,0,0,0,0,0,0,0,0,0,0,0,0,0,0,0,0,0,0,0,0,0,1.741,1.741,1.741,1.746,1.751,1.756,1.761,1.761,1.771,1.771,1.781,1.781,1.792,1.797,1.808,1.824,1.829,1.835,1.846,1.857
0,0,0,0,0,0,0,0,0,0,0,0,0,0,0,0,0,0,0,0,0,0,0,0,0,0,0,0,0,0,0.784,0.783,0.782,0.781,0.782,0.78,0.779,0.778,0.777,0.776,0.776,0.775,0.774,0.774,0.774,0.773,0.773,0.773,0.773,0.772,0.772,0.77,0.769,0.769,0.769,0.768,0.768,0.767,0.767,0.769,0.77,0.772,0.774,0.778,0.78,0.781,0.784,0.787,0.789,0,0,1.061,1.063,1.067,1.071,1.073,1.074,1.076,1.078,1.08,1.082,1.082,1.084,1.084,1.086,1.086,1.088,1.088,1.088,1.09,1.09,1.092,1.092,1.094,1.094,1.095,1.097,1.097,1.099,1.101,1.101,1.103,1.105,1.107,1.107,1.109,1.111,1.113,1.115,1.117,1.121,1.124,1.126,1.128,1.132,1.136,1.14,1.147,1.151,1.157,1.162,1.166,1.171,1.175,1.18,1.184,1.189,1.193,1.196,1.198,1.203,1.205,1.207,1.21,1.212,1.215,1.215,1.215,0,0,0,0,0,0,0,0,0,0,0,0,0,0,0,0,0,0,0,0,0,0,0,0,0,0.485,0.484,0.484,0.484,0.484,0.483,0.483,0.482,0.482,0.481,0.481,0.481,0.48,0.481,0.48,0.481,0.481,0.481,0.482,0.482,0.483,0.484,0.485,0.485,0.486,0.487,0.488,0.489,0.489,0.49,0.491,0.492,0.493,0.494,0.495,0.496,0.498,0.498,0.499,0.5,0.5,0.501,0.502,0.502,0.503,0.503,0.504,0.504,0.505,0.505,0.506,0.507,0.507,0.508,0.509,0.51,0.511,0.511,0.512,0.513,0.514,0.515,0.516,0.517,0.519,0.52,0.521,0.523,0.524,0.526,0.528,0.529,0.531,0.533,0.535,0.536,0.538,0.54,0.541,0.542,0.543,0.544,0.545,0.546,0.547,0.549,0.55,0.551,0.552,0.553,0.554,0.555,0.555,0.555,0.555,0.555,0.555,0.555,0.555,0.555,0.555,0.555,0.556,0.556,0.556,0.556,0.557,0.557,0.559,0.562,0.566,0.57,0.574,0.578,0.581,0.586,0.59,0.593,0.595,0.596,0.597,0.598,0.6,0.601,0.601,0.602,0.603,0.604,0.604,0.604,0.605,0.605,0.605,0.605,0.604,0.605,0.605,0.605,0.605,0.604,0.605,0.604,0.604,0.604,0.604,0.603,0.602,0.601,0.6,0.598,0.596,0.594,0.593,0.591,0.59,0.589,0.588,0.587,0.586,0.586,0.586,0.588,0.588,0.589,0.59,0.591,0.593,0.594,0.596,0.597,0.598,0.6,0.6,0.601,0.602,0.603,0.604,0.606,0.608,0.61,0.613,0.615,0.618,0.62,0.623,0.625,0.626,0.628,0.629,0.63,0.63,0.631,0.632,0.632,0.633,0.634,0.636,0.638,0.642,0.646,0.65,0.655,0.66,0.664,0.667,0.67,0.672,0.675,0.678,0.687,0.696,0.706,0.716,0.726,0.737,0.746,0.756,0.761,0.762,0.763,0.764,0.765,0.766,0.767,0.768,0.768,0.769,0.77,0.771,0.772,0.774,0.774,0.775,0.776,0.778,0.779,0.78,0.782,0.783,0.784,0.786,0.788,0.788,0.786,0,0.786,0.786,0,0,0,0,0,0,1.047,1.049,1.047,1.049,1.051,1.052,1.052,1.056,1.058,1.06,1.063,1.065,1.067,1.071,1.074,1.076,1.08,1.084,1.086,1.086,1.088,1.088,1.088,1.09,1.092,1.094,1.099,1.103,1.107,1.113,1.115,1.121,1.124,1.126,1.126,1.124,1.121,1.117,1.115,1.113,1.115,1.113,1.111,1.109,1.105,1.103,1.101,1.101,1.095,1.082,1.069,0,0,1.049,0,0,0,0,0,0,0,0,0,0,0,0,0,0,0,0,0,1.13,1.128,1.126,1.126,1.121,1.119,1.117,1.113,1.111,1.109,1.107,1.105,1.099,1.095,1.092,1.088,1.082,1.074,1.069,1.063,1.06,1.058,1.06,1.061,1.067,1.073,1.08,1.088,1.095,1.105,1.113,1.121,1.13,1.138,1.142,1.147,1.151,1.153,1.153,1.153,1.155,1.155,1.155,1.155,1.155,1.155,1.153,1.153,1.153,1.153,0,0,0,0,0,0,0,0,0,0,0,0,0,0,0,0.784,0.781,0.78,0.778,0.777,0.775,0.776,0.775,0.778,0.781,0.784,0.79,0.797,0.805,0.814,0.821,0.827,0.832,0.835,0.838,0.84,0.84,0.841,0.842,0.842,0.843,0.844,0.845,0.844,0.847,0.847,0.847,0.847,0.845,0.844,0,0.842,0.842,0,0,0,0,0,0,0,0,0,0,0,0,0,0,0,0,0,0,0,0,0,0,0,0,0,0,0,0,0,0,1.751,1.746,1.751,1.756,1.761,1.766,1.766,1.766,1.771,1.781,1.781,1.787,1.792,1.792,1.802,1.813,1.818,1.824,1.829,1.84
0,0,0,0,0,0,0,0,0,0,0,0,0,0,0,0,0,0,0,0,0,0,0,0,0,0,0,0,0,0,0,0.779,0.779,0.779,0.777,0.778,0.776,0.776,0.775,0.774,0.774,0.773,0.772,0.772,0.772,0.771,0.77,0.77,0.77,0.77,0.769,0.768,0.767,0.766,0.766,0.766,0.766,0.767,0.767,0.768,0.769,0.772,0.774,0.777,0.779,0.782,0.784,0.786,0,0,0,1.061,1.065,1.069,1.071,1.073,1.074,1.076,1.078,1.08,1.08,1.082,1.084,1.086,1.086,1.088,1.088,1.088,1.09,1.09,1.092,1.094,1.094,1.095,1.097,1.099,1.099,1.101,1.103,1.103,1.105,1.107,1.109,1.111,1.113,1.115,1.115,1.117,1.119,1.121,1.124,1.126,1.128,1.132,1.136,1.14,1.144,1.149,1.153,1.157,1.162,1.168,1.173,1.177,1.182,1.184,1.189,1.191,1.196,1.198,1.203,1.205,1.207,1.21,1.212,1.215,1.215,1.215,1.215,0,0,0,0,0,0,0,0,0,0,0,0,0,0,0,0,0,0,0,0,0,0,0,0,0,0.485,0.484,0.484,0.484,0.483,0.483,0.482,0.482,0.482,0.481,0.481,0.481,0.481,0.481,0.481,0.481,0.482,0.482,0.482,0.483,0.484,0.485,0.486,0.487,0.487,0.488,0.489,0.49,0.49,0.491,0.492,0.493,0.494,0.496,0.497,0.498,0.499,0.499,0.5,0.5,0.501,0.501,0.502,0.503,0.503,0.503,0.504,0.505,0.505,0.506,0.507,0.507,0.508,0.509,0.51,0.51,0.511,0.512,0.513,0.514,0.515,0.516,0.518,0.52,0.522,0.523,0.525,0.527,0.528,0.53,0.532,0.533,0.535,0.536,0.538,0.539,0.541,0.542,0.543,0.544,0.545,0.546,0.547,0.548,0.549,0.55,0.551,0.553,0.554,0.554,0.555,0.556,0.556,0.556,0.556,0.556,0.556,0.556,0.556,0.556,0.556,0.556,0.556,0.557,0.557,0.558,0.558,0.56,0.563,0.566,0.57,0.574,0.579,0.583,0.586,0.591,0.594,0.596,0.597,0.598,0.599,0.6,0.601,0.602,0.603,0.604,0.604,0.604,0.605,0.605,0.605,0.605,0.605,0.605,0.605,0.604,0.604,0.604,0.604,0.604,0.604,0.604,0.603,0.603,0.602,0.601,0.6,0.598,0.597,0.596,0.594,0.593,0.591,0.59,0.588,0.588,0.587,0.586,0.586,0.587,0.588,0.589,0.59,0.591,0.593,0.594,0.596,0.597,0.598,0.6,0.601,0.602,0.603,0.604,0.604,0.605,0.607,0.609,0.612,0.614,0.616,0.619,0.621,0.624,0.626,0.627,0.629,0.63,0.63,0.631,0.631,0.632,0.632,0.634,0.636,0.638,0.64,0.644,0.649,0.653,0.658,0.663,0.667,0.669,0.672,0.673,0.675,0.678,0.686,0.694,0.704,0.715,0.725,0.736,0.748,0.758,0.762,0.763,0.765,0.766,0.767,0.767,0.769,0.769,0.77,0.77,0.771,0.772,0.773,0.774,0.775,0.776,0.776,0.778,0.779,0.781,0.781,0.783,0.784,0.786,0.786,0.788,0,0.786,0,0,0,0,0,0,0,0,1.047,1.047,1.049,1.051,1.051,1.052,1.054,1.056,1.058,1.061,1.063,1.065,1.069,1.071,1.074,1.078,1.082,1.084,1.086,1.088,1.088,1.088,1.088,1.09,1.09,1.094,1.095,1.101,1.107,1.111,1.115,1.121,1.124,1.124,1.126,1.124,1.119,1.117,1.115,1.113,1.113,1.113,1.113,1.109,1.105,1.103,1.101,1.097,1.092,0,1.047,1.028,0,1.004,0,0,0,0,0,0,0,0,0,0,0,0,0,0,0,0,1.134,1.132,1.128,1.128,1.126,1.121,1.119,1.117,1.113,1.111,1.111,1.107,1.103,1.099,1.097,1.092,1.086,1.08,1.073,1.065,1.06,1.056,1.052,1.056,1.058,1.063,1.071,1.078,1.088,1.095,1.105,1.113,1.124,1.132,1.14,1.147,1.151,1.155,1.157,1.16,1.16,1.162,1.162,1.164,1.164,1.164,1.166,1.168,1.171,0,0,0,0,0,0,0,0,0,0,0,0,0,0,0,0,0,0,0.779,0.778,0.777,0.775,0.775,0.775,0.774,0.776,0.777,0.78,0.784,0.79,0.799,0.807,0.815,0.823,0.828,0.833,0.837,0.841,0.841,0.842,0.843,0.844,0.844,0.845,0.847,0.847,0.848,0.849,0.849,0.849,0.847,0.845,0,0,0.842,0,0,0,0,0,0,0,0,0,0,0,0,0,0,0,0,0,0,0,0,0,0,0,0,0,0,0,0,0,0,1.756,1.751,1.756,1.761,1.761,1.771,1.771,1.771,1.776,1.781,1.787,1.792,1.792,1.797,1.802,1.808,1.813,1.818,1.818,1.829
0,0,0,0,0,0,0,0,0,0,0,0,0,0,0,0,0,0,0,0,0,0,0,0,0,0,0,0,0,0,0,0.776,0.775,0.774,0.775,0.773,0.773,0.773,0.772,0.771,0.77,0.77,0.769,0.769,0.768,0.768,0.767,0.767,0.767,0.766,0.766,0.765,0.765,0.764,0.764,0.764,0.764,0.764,0.766,0.768,0.769,0.772,0.775,0.778,0.78,0.782,0.785,0.787,0.789,0,0,0,1.069,1.069,1.071,1.073,1.074,1.074,1.078,1.078,1.08,1.08,1.082,1.084,1.086,1.088,1.088,1.09,1.09,1.092,1.094,1.094,1.095,1.097,1.099,1.101,1.103,1.105,1.107,1.107,1.109,1.111,1.113,1.115,1.115,1.117,1.119,1.121,1.124,1.124,1.128,1.13,1.132,1.134,1.138,1.142,1.147,1.151,1.155,1.16,1.164,1.168,1.173,1.177,1.182,1.184,1.189,1.191,1.196,1.198,1.203,1.205,1.207,1.21,1.212,1.215,1.215,1.215,1.215,0,0,0,0,0,0,0,0,0,0,0,0,0,0,0,0,0,0,0,0,0,0,0,0,0,0.485,0.484,0.484,0.484,0.484,0.483,0.483,0.482,0.482,0.482,0.482,0.481,0.481,0.481,0.481,0.481,0.482,0.482,0.483,0.484,0.484,0.485,0.486,0.487,0.487,0.488,0.489,0.49,0.49,0.492,0.492,0.494,0.495,0.496,0.497,0.498,0.499,0.499,0.5,0.501,0.501,0.502,0.502,0.503,0.503,0.504,0.504,0.505,0.505,0.506,0.507,0.507,0.508,0.509,0.51,0.51,0.511,0.512,0.513,0.514,0.516,0.517,0.519,0.521,0.523,0.525,0.527,0.529,0.531,0.532,0.534,0.535,0.537,0.538,0.539,0.541,0.541,0.543,0.543,0.545,0.545,0.546,0.547,0.548,0.55,0.551,0.552,0.553,0.554,0.555,0.556,0.556,0.556,0.557,0.557,0.557,0.557,0.556,0.557,0.556,0.557,0.557,0.557,0.557,0.558,0.558,0.559,0.561,0.564,0.567,0.571,0.575,0.579,0.583,0.587,0.591,0.594,0.596,0.597,0.598,0.6,0.601,0.602,0.603,0.604,0.604,0.605,0.605,0.605,0.605,0.605,0.606,0.606,0.605,0.605,0.605,0.605,0.605,0.604,0.604,0.604,0.603,0.603,0.603,0.602,0.601,0.6,0.598,0.596,0.595,0.594,0.593,0.591,0.59,0.589,0.588,0.588,0.587,0.587,0.588,0.589,0.59,0.591,0.592,0.594,0.596,0.597,0.598,0.6,0.601,0.602,0.604,0.604,0.605,0.606,0.607,0.609,0.611,0.613,0.616,0.618,0.621,0.623,0.625,0.627,0.628,0.63,0.63,0.631,0.632,0.633,0.634,0.635,0.637,0.639,0.642,0.645,0.649,0.653,0.657,0.662,0.665,0.668,0.669,0.672,0.673,0.675,0.679,0.685,0.694,0.704,0.715,0.726,0.737,0.749,0.76,0.764,0.765,0.766,0.767,0.768,0.769,0.77,0.77,0.771,0.772,0.772,0.773,0.773,0.774,0.775,0.776,0.776,0.778,0.779,0.78,0.781,0.782,0.784,0.785,0.787,0,0.788,0,0,0,0,0,0,0,0,1.045,1.047,1.049,1.049,1.051,1.052,1.054,1.056,1.058,1.06,1.061,1.065,1.067,1.071,1.073,1.076,1.078,1.082,1.084,1.086,1.088,1.088,1.088,1.088,1.09,1.09,1.092,1.095,1.101,1.105,1.111,1.115,1.124,1.124,1.126,1.126,1.124,1.119,1.115,1.113,1.113,1.113,1.113,1.113,1.111,1.107,1.103,1.103,1.097,1.086,0,0,0,0,0,0,0,0,0,0,0.855,0,0,0,0,0,0,0,0,0,0,1.134,1.132,1.13,1.128,1.128,1.124,1.119,1.119,1.115,1.113,1.109,1.107,1.103,1.099,1.095,1.092,1.084,1.076,1.069,1.061,1.054,1.051,1.049,1.051,1.056,1.06,1.067,1.078,1.086,1.095,1.105,1.113,1.124,1.134,1.142,1.149,1.155,1.16,1.162,1.166,1.166,1.168,1.171,1.175,1.175,1.18,1.184,1.189,1.196,1.2,0,0,0,0,0,0,0,0,0,0,0,0,0,0,0,0,0,0.779,0.777,0.777,0.776,0.776,0.775,0.775,0.775,0.776,0.777,0.78,0.786,0.793,0.801,0.81,0.817,0.826,0.832,0.837,0.841,0.843,0.843,0.844,0.845,0.845,0.847,0.848,0.848,0.85,0.85,0.85,0.85,0.848,0.848,0.845,0,0.844,0.843,0,0,0,0,0,0,0,0,0,0,0,0,0,0,0,0,0,0,0,0,0,0,0,0,0,0,0,0,0,1.756,1.756,1.761,1.761,1.766,1.771,1.771,1.776,1.776,1.781,1.792,1.792,1.797,1.802,1.802,1.808,1.808,1.813,1.818,1.824
0,0,0,0,0,0,0,0,0,0,0,0,0,0,0,0,0,0,0,0,0,0,0,0,0,0,0,0,0,0,0,0,0.773,0.772,0.772,0.771,0.771,0.771,0.769,0.768,0.768,0.767,0.766,0.766,0.765,0.765,0.764,0.764,0.764,0.763,0.763,0.762,0.762,0.762,0.762,0.762,0.763,0.763,0.764,0.766,0.769,0.771,0.774,0.777,0.78,0.782,0.784,0.786,0.787,0.789,0,0,0,0,1.071,1.073,1.073,1.074,1.076,1.078,1.08,1.08,1.082,1.086,1.088,1.088,1.09,1.09,1.09,1.092,1.094,1.095,1.099,1.099,1.101,1.103,1.105,1.107,1.109,1.111,1.113,1.113,1.115,1.117,1.119,1.121,1.124,1.124,1.126,1.128,1.13,1.132,1.134,1.138,1.14,1.144,1.149,1.153,1.157,1.16,1.164,1.168,1.173,1.177,1.18,1.184,1.186,1.191,1.196,1.198,1.2,1.205,1.207,1.21,1.212,1.212,1.215,1.215,1.217,1.217,0,0,0,0,0,0,0,0,0,0,0,0,0,0,0,0,0,0,0,0,0,0,0,0,0,0.484,0.484,0.484,0.484,0.484,0.483,0.483,0.482,0.482,0.482,0.482,0.482,0.482,0.482,0.482,0.482,0.483,0.483,0.484,0.485,0.485,0.486,0.487,0.488,0.489,0.489,0.49,0.491,0.492,0.493,0.494,0.495,0.496,0.497,0.498,0.499,0.5,0.5,0.5,0.501,0.502,0.502,0.503,0.503,0.504,0.505,0.505,0.506,0.506,0.507,0.507,0.508,0.509,0.51,0.51,0.511,0.512,0.513,0.515,0.516,0.518,0.521,0.523,0.525,0.528,0.529,0.531,0.533,0.534,0.536,0.537,0.539,0.54,0.541,0.542,0.543,0.544,0.545,0.546,0.546,0.547,0.548,0.549,0.55,0.551,0.553,0.554,0.555,0.556,0.556,0.557,0.557,0.557,0.557,0.558,0.557,0.557,0.557,0.557,0.557,0.558,0.558,0.558,0.559,0.559,0.56,0.562,0.564,0.568,0.572,0.575,0.58,0.583,0.587,0.591,0.594,0.596,0.598,0.599,0.6,0.601,0.602,0.603,0.604,0.604,0.605,0.606,0.606,0.607,0.607,0.607,0.607,0.606,0.606,0.605,0.605,0.605,0.604,0.604,0.604,0.603,0.603,0.602,0.601,0.6,0.598,0.597,0.596,0.594,0.593,0.592,0.591,0.59,0.589,0.588,0.588,0.588,0.588,0.589,0.589,0.59,0.591,0.593,0.594,0.596,0.598,0.599,0.601,0.602,0.603,0.605,0.605,0.606,0.607,0.608,0.61,0.612,0.615,0.618,0.62,0.623,0.625,0.627,0.629,0.63,0.631,0.632,0.633,0.634,0.636,0.638,0.639,0.642,0.644,0.647,0.65,0.654,0.658,0.66,0.664,0.667,0.669,0.67,0.672,0.673,0.675,0.678,0.684,0.693,0.703,0.714,0.726,0.738,0.749,0.762,0.765,0.767,0.768,0.769,0.77,0.77,0.771,0.772,0.772,0.772,0.773,0.774,0.775,0.775,0.775,0.776,0.777,0.778,0.778,0.779,0.781,0.782,0.784,0.786,0,0,0,0,0,0,0,0,0,0,1.045,1.045,1.047,1.049,1.049,1.052,1.052,1.056,1.058,1.06,1.061,1.065,1.067,1.069,1.073,1.074,1.076,1.08,1.082,1.084,1.086,1.088,1.088,1.086,1.086,1.086,1.086,1.088,1.092,1.097,1.101,1.107,1.113,1.121,1.126,1.126,1.128,1.124,1.119,1.115,1.111,1.113,1.113,1.113,1.113,1.109,1.107,1.105,1.101,1.099,1.069,1.026,0,0,0,0,0,0,0,0,0,0,0,0,0,0.868,0.873,0.877,0,0,0,0,1.134,1.132,1.13,1.13,1.128,1.124,1.121,1.119,1.117,1.113,1.111,1.107,1.103,1.099,0,0,1.084,0,0,0,0,0,0,0,0,1.061,1.067,1.076,1.086,1.094,1.105,1.115,1.126,1.134,1.142,1.151,1.155,1.162,1.168,1.171,1.175,1.18,1.184,1.186,1.193,1.198,1.203,1.21,1.217,1.227,1.237,1.247,0,0,0,0,0,0,0,0,0,0,0,0,0,0,0,0,0,0.778,0.778,0.777,0.777,0.776,0.776,0.776,0.777,0.778,0.782,0.789,0.796,0.803,0.812,0.822,0.828,0.836,0.842,0.843,0.845,0.847,0.848,0.848,0.849,0.849,0.85,0.851,0.851,0.852,0.852,0.85,0.849,0.849,0,0,0.843,0,0,0,0,0,0,0,0,0,0,0,0,0,0,0,0,0,0,0,0,0,0,0,0,0,0,0,0,0,1.761,1.761,1.766,1.771,1.771,1.776,1.776,1.781,1.781,1.787,1.792,1.797,1.797,1.802,1.797,1.808,1.808,1.813,1.813,1.818
0,0,0,0,0,0,0,0,0,0,0,0,0,0,0,0,0,0,0,0,0,0,0,0,0,0,0,0,0,0,0,0,0,0.77,0.77,0.769,0.768,0.768,0.767,0.766,0.765,0.764,0.763,0.763,0.762,0.762,0.762,0.761,0.761,0.761,0.761,0.76,0.759,0.759,0.759,0.76,0.761,0.762,0.762,0.764,0.767,0.77,0.773,0.775,0.777,0.779,0.782,0.783,0.784,0.785,0,0,0,0,1.071,1.071,1.073,1.074,1.076,1.078,1.078,1.08,1.082,1.086,1.086,1.088,1.09,1.09,1.09,1.092,1.095,1.097,1.099,1.101,1.103,1.105,1.107,1.109,1.111,1.113,1.115,1.115,1.117,1.119,1.121,1.124,1.126,1.126,1.128,1.13,1.132,1.134,1.136,1.138,1.142,1.144,1.149,1.153,1.155,1.16,1.164,1.166,1.171,1.175,1.177,1.182,1.186,1.191,1.193,1.198,1.2,1.203,1.207,1.207,1.21,1.212,1.215,1.215,1.215,0,0,0,0,0,0,0,0,0,0,0,0,0,0,0,0,0,0,0,0,0,0,0,0,0,0.485,0.485,0.485,0.484,0.484,0.484,0.484,0.484,0.483,0.483,0.482,0.482,0.482,0.482,0.482,0.482,0.483,0.483,0.484,0.484,0.485,0.486,0.487,0.487,0.488,0.489,0.49,0.49,0.491,0.492,0.493,0.494,0.495,0.496,0.497,0.498,0.499,0.5,0.5,0.501,0.502,0.502,0.503,0.503,0.504,0.505,0.505,0.505,0.506,0.507,0.507,0.508,0.508,0.509,0.51,0.51,0.511,0.512,0.514,0.516,0.517,0.519,0.522,0.525,0.528,0.529,0.532,0.533,0.535,0.536,0.538,0.539,0.54,0.541,0.542,0.543,0.544,0.545,0.546,0.547,0.548,0.549,0.549,0.55,0.551,0.553,0.553,0.555,0.555,0.556,0.557,0.558,0.558,0.558,0.559,0.558,0.559,0.558,0.558,0.558,0.558,0.558,0.559,0.559,0.56,0.56,0.561,0.563,0.565,0.569,0.572,0.576,0.58,0.584,0.587,0.591,0.594,0.596,0.598,0.599,0.6,0.601,0.603,0.604,0.604,0.605,0.605,0.607,0.607,0.607,0.607,0.607,0.607,0.607,0.607,0.606,0.605,0.605,0.605,0.604,0.604,0.603,0.602,0.601,0.601,0.6,0.598,0.596,0.595,0.594,0.593,0.591,0.59,0.59,0.589,0.589,0.589,0.589,0.589,0.589,0.59,0.591,0.592,0.594,0.596,0.597,0.598,0.6,0.602,0.603,0.604,0.605,0.606,0.607,0.608,0.609,0.611,0.614,0.616,0.619,0.622,0.625,0.627,0.629,0.632,0.632,0.634,0.635,0.636,0.638,0.64,0.642,0.645,0.647,0.65,0.652,0.655,0.659,0.662,0.664,0.666,0.668,0.669,0.67,0.672,0.673,0.675,0.678,0.683,0.691,0.702,0.713,0.725,0.737,0.749,0.762,0.766,0.768,0.769,0.77,0.771,0.771,0.772,0.773,0.773,0.774,0.774,0.775,0.776,0.776,0.777,0.777,0.777,0.778,0.779,0.779,0.78,0.781,0,0,0,0,0,0,0,0,0,0,1.043,1.045,1.045,1.047,1.049,1.051,1.052,1.052,1.056,1.058,1.06,1.061,1.063,1.065,1.069,1.071,1.074,1.076,1.078,1.08,1.084,1.086,1.086,1.086,1.086,1.084,1.084,1.084,1.084,1.084,1.088,0,0,0,1.111,1.124,1.126,0,0,1.126,1.121,1.115,1.111,0,1.113,1.113,1.113,1.109,1.105,0,1.099,1.099,1.054,0,0,0,0,0.895,0.887,0.874,0,0,0,0.862,0.863,0.866,0.868,0.869,0.873,0.877,0.88,0.88,0,0,0,1.132,1.13,1.13,1.128,1.126,1.121,1.121,1.117,1.113,1.113,1.109,1.103,0,0,0,0,0,0,0,0,0,0,0,0,1.061,1.069,1.076,1.086,1.095,1.105,1.115,1.124,1.134,1.14,1.149,1.155,1.164,1.173,1.177,1.182,1.189,1.193,1.2,1.207,1.215,1.222,1.232,0,1.252,1.259,0,0,0,0,0,0,0,0,0,0,0,0,0,0,0,0.784,0.782,0.781,0.78,0.779,0.779,0.778,0.779,0.777,0.777,0.777,0.778,0.782,0.787,0.794,0.801,0.81,0.819,0.827,0.835,0.842,0.843,0.845,0.848,0.848,0.849,0.85,0.851,0.852,0.852,0.854,0.855,0.855,0.854,0.852,0.851,0.85,0.849,0.845,0.842,0.837,0,0,0,0,0,0,0,0,0,0,0,0,0,0,0,0,0,0,0,0,0,0,0,0,0,0,0,0,1.771,1.771,1.776,1.781,1.787,1.787,1.787,1.792,1.797,1.802,1.802,1.802,1.802,1.808,1.808,1.813,1.813,1.813,1.824
0,0,0,0,0,0,0,0,0,0,0,0,0,0,0,0,0,0,0,0,0,0,0,0,0,0,0,0,0,0,0,0,0,0.768,0.768,0.768,0.766,0.766,0.765,0.764,0.763,0.762,0.762,0.762,0.761,0.76,0.759,0.758,0.758,0.758,0.758,0.756,0.756,0.755,0.756,0.756,0.757,0.757,0.759,0.761,0.763,0.766,0.769,0.771,0.774,0.777,0.778,0.78,0.781,0.78,0.781,0.781,0,0,0,0,1.071,1.071,1.073,1.074,1.074,1.078,1.08,1.082,1.084,1.086,1.088,1.09,1.092,1.092,1.095,1.099,1.101,1.103,1.105,1.107,1.109,1.111,1.113,1.115,1.115,1.117,1.119,1.121,1.124,1.126,1.126,1.128,1.13,1.132,1.132,1.134,1.136,1.138,1.142,1.144,1.149,1.151,1.155,1.16,1.164,1.166,1.171,1.173,1.177,1.182,1.186,1.189,1.193,1.196,1.2,1.203,1.205,1.207,1.21,1.212,1.212,1.215,1.215,0,0,0,0,0,0,0,0,0,0,0,0,0,0,0,0,0,0,0,0,0,0,0,0,0,0.485,0.485,0.485,0.485,0.485,0.484,0.484,0.484,0.484,0.484,0.483,0.483,0.483,0.483,0.483,0.483,0.484,0.484,0.485,0.485,0.486,0.486,0.487,0.488,0.489,0.489,0.49,0.491,0.492,0.492,0.494,0.494,0.496,0.496,0.498,0.498,0.499,0.5,0.501,0.501,0.502,0.503,0.503,0.504,0.505,0.505,0.506,0.506,0.507,0.507,0.507,0.508,0.509,0.51,0.51,0.511,0.512,0.513,0.515,0.516,0.519,0.521,0.524,0.527,0.529,0.531,0.533,0.535,0.537,0.538,0.54,0.541,0.541,0.542,0.543,0.544,0.545,0.546,0.547,0.548,0.549,0.55,0.551,0.551,0.552,0.553,0.555,0.555,0.556,0.557,0.558,0.559,0.559,0.56,0.559,0.56,0.56,0.559,0.559,0.559,0.559,0.559,0.56,0.56,0.561,0.561,0.562,0.564,0.566,0.57,0.573,0.577,0.58,0.584,0.588,0.591,0.594,0.597,0.598,0.599,0.6,0.601,0.603,0.604,0.605,0.605,0.607,0.607,0.607,0.608,0.608,0.608,0.608,0.607,0.607,0.607,0.605,0.605,0.605,0.604,0.604,0.603,0.602,0.602,0.6,0.599,0.597,0.596,0.595,0.593,0.592,0.591,0.59,0.589,0.589,0.589,0.589,0.589,0.589,0.59,0.59,0.591,0.593,0.594,0.596,0.598,0.6,0.601,0.603,0.604,0.605,0.606,0.607,0.608,0.608,0.61,0.613,0.615,0.618,0.621,0.625,0.628,0.63,0.633,0.636,0.637,0.639,0.64,0.641,0.643,0.646,0.648,0.651,0.653,0.656,0.658,0.661,0.664,0.666,0.667,0.668,0.669,0.669,0.67,0.672,0.672,0.674,0.677,0.682,0.689,0.699,0.711,0,0,0.749,0.761,0.765,0.767,0.769,0.771,0.771,0.771,0.773,0.773,0.774,0.774,0.775,0.775,0.776,0.777,0.777,0.777,0.777,0.778,0.779,0.779,0.78,0,0,0,0,0,0,1.043,1.043,1.043,1.043,1.045,1.045,1.047,1.047,1.049,1.051,1.052,1.054,1.056,1.058,1.061,1.063,1.065,1.067,1.069,1.071,1.073,1.076,1.078,1.08,1.082,1.084,1.084,1.084,1.084,1.084,1.082,1.078,1.078,1.078,1.08,1.08,0,0,0,0,0,0,0,0,0,0,0,0,0,0,0,0,0,0,0,0,0,0,0,0.934,0,0.895,0.886,0.883,0.873,0,0.867,0,0.864,0.864,0.867,0.869,0.87,0.874,0.877,0.88,0.88,0,0,0,0,1.13,1.13,1.128,1.126,1.121,1.119,1.117,1.115,1.113,1.109,0,0,0,0,0,0,0,0,0,0,0,0,0,0,1.071,1.078,1.086,1.094,1.103,1.113,1.121,1.13,1.136,1.147,1.155,1.166,1.173,1.18,1.189,1.196,1.203,1.21,1.219,1.229,1.239,1.247,1.257,1.27,1.28,1.288,0,0,0,0,0,0,0,0,0,0,0,0,0,0,0.785,0,0,0,0.781,0.781,0.78,0.78,0.779,0.779,0.779,0.779,0.782,0.786,0.792,0.798,0.807,0.816,0.825,0.834,0.841,0.843,0.845,0.848,0.849,0.85,0.851,0.852,0.854,0.855,0.855,0.857,0.857,0.856,0.855,0.854,0.852,0.85,0.848,0.844,0.838,0.835,0,0,0,0,0,0,0,0,0,0,0,0,0,0,0,0,0,0,0,0,0,0,0,0,0,0,0,1.776,1.781,1.787,1.787,1.792,1.792,1.797,1.802,1.802,1.808,1.808,1.808,1.813,1.813,1.813,1.818,1.818,1.818,1.824
0,0,0,0,0,0,0,0,0,0,0,0,0,0,0,0,0,0,0,0,0,0,0,0,0,0,0,0,0,0,0,0,0,0,0.766,0.766,0.764,0.764,0.763,0.762,0.762,0.761,0.761,0.76,0.76,0.759,0.758,0.757,0.756,0.755,0.754,0.753,0.752,0.752,0.752,0.751,0.752,0.752,0.753,0.755,0.757,0.76,0.762,0.764,0.767,0.771,0.772,0.774,0.775,0.776,0.778,0.778,0,0,0,0,0,1.069,1.069,1.071,1.073,1.073,1.076,1.078,1.082,1.084,1.086,1.088,1.092,1.094,1.095,1.099,1.101,1.105,1.107,1.109,1.111,1.113,1.115,1.115,1.117,1.119,1.121,1.124,1.126,1.126,1.128,1.13,1.13,1.132,1.132,1.134,1.136,1.138,1.142,1.144,1.149,1.151,1.155,1.157,1.162,1.166,1.168,1.173,1.177,1.18,1.184,1.189,1.193,1.196,1.2,1.203,1.205,1.207,1.21,1.212,1.212,1.215,1.215,1.217,0,0,0,0,0,0,0,0,0,0,0,0,0,0,0,0,0,0,0,0,0,0,0,0,0,0.485,0.485,0.485,0.485,0.485,0.485,0.485,0.484,0.484,0.484,0.484,0.484,0.484,0.484,0.484,0.484,0.485,0.485,0.486,0.486,0.487,0.488,0.489,0.489,0.49,0.491,0.492,0.492,0.493,0.494,0.495,0.496,0.497,0.498,0.499,0.5,0.5,0.501,0.502,0.503,0.503,0.504,0.505,0.505,0.506,0.507,0.507,0.507,0.508,0.508,0.509,0.51,0.51,0.51,0.511,0.513,0.514,0.516,0.517,0.52,0.522,0.525,0.528,0.531,0.533,0.535,0.537,0.538,0.54,0.541,0.541,0.542,0.544,0.544,0.545,0.547,0.548,0.548,0.549,0.55,0.551,0.552,0.553,0.553,0.555,0.555,0.556,0.558,0.558,0.559,0.56,0.56,0.561,0.561,0.561,0.561,0.561,0.56,0.56,0.56,0.56,0.561,0.561,0.562,0.562,0.563,0.565,0.567,0.57,0.573,0.577,0.58,0.584,0.587,0.59,0.594,0.596,0.598,0.599,0.6,0.602,0.603,0.604,0.605,0.606,0.607,0.608,0.608,0.609,0.609,0.609,0.609,0.608,0.607,0.607,0.606,0.606,0.605,0.605,0.604,0.603,0.602,0.601,0.6,0.599,0.597,0.596,0.594,0.593,0.592,0.591,0.59,0.589,0.589,0.589,0.589,0.589,0.589,0.59,0.591,0.592,0.593,0.595,0.597,0.598,0.6,0.601,0.603,0.604,0.605,0.607,0.607,0.608,0.609,0.611,0.613,0.616,0.62,0.625,0.628,0.632,0.635,0.638,0.64,0.642,0.645,0.646,0.647,0.65,0.652,0.654,0.657,0.659,0.662,0.664,0.666,0.667,0.669,0.669,0.67,0.67,0.67,0.671,0.672,0.672,0.673,0.676,0.682,0.69,0.7,0.711,0,0,0.748,0.759,0.763,0.764,0.766,0.768,0.769,0.771,0.772,0.772,0.773,0.774,0.775,0.775,0.776,0.776,0.777,0.777,0.777,0.779,0.778,0,0,0,0,0,0,1.043,1.043,1.043,1.043,1.043,1.043,1.045,1.045,1.047,1.049,1.051,1.052,1.054,1.056,1.06,1.061,1.065,1.067,1.069,1.071,1.073,1.074,1.076,1.078,1.08,1.082,1.082,1.084,1.084,1.082,1.082,1.078,1.078,1.074,1.073,1.074,1.073,0,0,0,0,0,0,0,0,0.849,0.849,0.85,0.852,0,0.852,0.854,0,0,0,0,0,0,0,0,0,0,0,0.896,0.886,0.882,0.874,0.87,0.867,0.864,0.864,0.866,0.867,0.869,0.87,0.874,0.877,0.879,0.879,0.882,0,0,0,0,0,1.128,1.126,1.124,0,0,1.115,0,0,0,0,0,0,0,0,0,0,0,0,0,0,0,0,0,1.078,1.086,1.094,1.103,1.111,1.119,1.128,1.134,1.144,1.155,1.164,1.175,1.186,1.193,1.2,1.212,1.222,1.232,1.242,1.249,1.259,1.27,1.28,1.286,1.294,1.299,1.302,1.305,0,0,0,0,0,0,0,0,0,0,0,0,0.785,0.784,0.783,0.783,0.782,0.782,0.782,0.781,0.78,0.78,0.781,0.783,0.786,0.791,0.796,0.803,0.812,0.822,0.83,0.837,0.842,0.843,0.847,0.848,0.85,0.851,0.852,0.855,0.856,0.857,0.858,0.858,0.858,0.857,0.856,0.855,0.852,0.849,0.845,0.84,0.834,0.832,0.829,0,0,0,0,0,0,0,0,0,0,0,0,0,0,0,0,0,0,0,0,0,0,0,0,0,1.781,1.787,1.792,1.797,1.797,1.802,1.802,1.808,1.808,1.813,1.813,1.813,1.813,1.813,1.818,1.818,1.818,1.818,1.824
0,0,0,0,0,0,0,0,0,0,0,0,0,0,0,0,0,0,0,0,0,0,0,0,0,0,0,0,0,0,0.766,0.765,0.764,0.764,0.764,0.763,0.763,0.762,0.762,0.761,0.761,0.76,0.759,0.759,0.758,0.758,0.756,0.755,0.754,0.752,0.751,0.749,0.749,0.749,0.748,0.747,0.747,0.747,0.749,0.749,0.751,0.752,0.753,0.755,0.757,0.762,0.763,0.766,0.767,0.768,0.769,0.771,0.772,0,0,0,0,1.065,1.065,1.067,1.069,1.071,1.073,1.076,1.078,1.082,1.084,1.088,1.09,1.094,1.097,1.101,1.103,1.105,1.107,1.109,1.111,1.113,1.117,1.117,1.119,1.121,1.124,1.124,1.126,1.128,1.128,1.13,1.13,1.132,1.134,1.136,1.136,1.138,1.142,1.144,1.147,1.151,1.155,1.157,1.162,1.166,1.168,1.173,1.177,1.18,1.184,1.189,1.191,1.196,1.2,1.203,1.205,1.207,1.21,1.212,0,0,1.217,1.217,0,0,0,0,0,0,0,0,0,0,0,0,0,0,0,0,0,0,0,0,0,0,0,0,0,0.486,0.486,0.486,0.485,0.486,0.485,0.485,0.485,0.485,0.485,0.485,0.485,0.485,0.485,0.485,0.485,0.485,0.486,0.487,0.487,0.488,0.489,0.489,0.49,0.491,0.492,0.492,0.493,0.494,0.495,0.496,0.496,0.498,0.498,0.499,0.5,0.501,0.501,0.502,0.503,0.504,0.505,0.505,0.506,0.507,0.507,0.508,0.508,0.509,0.509,0.51,0.51,0.511,0.512,0.512,0.513,0.515,0.517,0.519,0.521,0.523,0.526,0.529,0.532,0.533,0.536,0.538,0.539,0.54,0.541,0.542,0.544,0.545,0.546,0.547,0.548,0.549,0.55,0.551,0.551,0.552,0.553,0.554,0.555,0.555,0.557,0.557,0.558,0.559,0.56,0.561,0.561,0.562,0.562,0.562,0.562,0.562,0.561,0.561,0.561,0.561,0.562,0.562,0.563,0.563,0.565,0.566,0.567,0.571,0.574,0.577,0.58,0.584,0.587,0.59,0.594,0.596,0.598,0.599,0.6,0.601,0.603,0.604,0.605,0.607,0.607,0.608,0.609,0.609,0.609,0.61,0.609,0.608,0.608,0.607,0.607,0.606,0.605,0.605,0.604,0.603,0.603,0.601,0.6,0.599,0.597,0.596,0.594,0.593,0.591,0.591,0.59,0.59,0.589,0.589,0.589,0.589,0.59,0.59,0.591,0.593,0.594,0.596,0.598,0.599,0.601,0.602,0.604,0.605,0.605,0.607,0.608,0.608,0.61,0.612,0.615,0.618,0.623,0.628,0.633,0.637,0.641,0.645,0.647,0.65,0.652,0.654,0.655,0.658,0.66,0.663,0.665,0.667,0.668,0.669,0.671,0.672,0.672,0.671,0.67,0.67,0.67,0.671,0.671,0.672,0.673,0.676,0.682,0.689,0.699,0.71,0.722,0.733,0.744,0.754,0.76,0.762,0.763,0.765,0.767,0.769,0.77,0.771,0.772,0.773,0.774,0.775,0.776,0.776,0.777,0.777,0.777,0,0,0,0,0,1.047,1.045,1.045,1.045,1.043,1.043,1.043,1.043,1.045,1.045,1.047,1.049,1.051,1.054,1.054,1.058,1.06,1.063,1.065,1.069,1.071,1.073,1.074,1.076,1.078,1.08,1.08,1.082,1.084,1.082,1.082,1.082,1.08,1.078,1.074,1.073,1.069,1.069,1.067,1.063,1.06,1.06,0,0,0,0,0,0.847,0.847,0.847,0.849,0.85,0.85,0.851,0.85,0.85,0,0,0,0,0,0,0,0,0,0,0.893,0.887,0.882,0.877,0.873,0.869,0.867,0.866,0.867,0.869,0.87,0.872,0.874,0.875,0.878,0.879,0,0,0,0,0,0,1.128,1.126,1.124,0,0,1.117,0,0,0,0,0,0,0,0,0,0,0,0,0,0,0,0,0,0,1.086,1.092,1.101,1.109,1.117,1.126,1.132,1.142,1.153,1.166,1.177,1.189,1.196,1.205,1.217,1.227,1.237,1.249,1.259,1.27,1.278,1.286,1.291,1.294,1.299,1.299,1.297,1.297,0,0,0,0,0,0,0,0,0,0,0,0,0.786,0.786,0.786,0.786,0.786,0.786,0.785,0.783,0.784,0.783,0.786,0.788,0.792,0.794,0.8,0.808,0.816,0.826,0.834,0.837,0.841,0.844,0.847,0.849,0.851,0.852,0.855,0.857,0.858,0.861,0.861,0.861,0.86,0.858,0.856,0.855,0.851,0.845,0.84,0.834,0.83,0.827,0.826,0.822,0,0,0,0,0,0,0,0,0,0,0,0,0,0,0,0,0,0,0,0,0,0,1.781,1.787,1.792,1.797,1.802,1.802,1.808,1.813,1.813,1.813,1.813,1.813,1.818,1.818,1.818,1.818,1.818,1.824,1.824,1.829
0,0,0,0,0,0,0,0,0,0,0,0,0,0,0,0,0,0,0,0,0,0,0,0,0,0,0,0,0,0,0,0.764,0.763,0.763,0.762,0.762,0.762,0.761,0.76,0.76,0.76,0.759,0.759,0.758,0.758,0.757,0.755,0.753,0.752,0.75,0.749,0.746,0.745,0.745,0.744,0.743,0.743,0.744,0.745,0.746,0.747,0.747,0.747,0.748,0.749,0.753,0.754,0.756,0.758,0.758,0.759,0.76,0.762,0.762,0.761,0,0,0,0,0,1.065,1.069,1.073,1.074,1.076,1.078,1.082,1.086,1.09,1.094,1.097,1.099,1.103,1.105,1.107,1.109,1.111,1.113,1.117,1.117,1.119,1.121,1.121,1.124,1.126,1.128,1.13,1.13,1.132,1.132,1.134,1.136,1.136,1.138,1.142,1.144,1.147,1.151,1.155,1.157,1.16,1.164,1.168,1.173,1.175,1.18,1.184,1.189,1.191,1.196,1.2,1.203,1.207,1.21,1.212,1.215,1.215,1.215,1.215,1.217,0,0,0,0,0,0,0,0,0,0,0,0,0,0,0,0,0,0,0,0,0,0,0,0,0,0.487,0.487,0.486,0.486,0.486,0.486,0.486,0.486,0.486,0.485,0.485,0.485,0.485,0.485,0.485,0.486,0.486,0.487,0.487,0.488,0.489,0.489,0.49,0.491,0.492,0.492,0.493,0.494,0.495,0.496,0.496,0.497,0.498,0.499,0.5,0.5,0.501,0.502,0.503,0.504,0.505,0.505,0.506,0.507,0.507,0.508,0.508,0.509,0.51,0.51,0.511,0.511,0.512,0.513,0.513,0.515,0.516,0.518,0.519,0.522,0.525,0.527,0.53,0.533,0.535,0.537,0.539,0.54,0.541,0.542,0.543,0.545,0.546,0.547,0.548,0.549,0.55,0.551,0.552,0.553,0.553,0.554,0.555,0.556,0.556,0.557,0.558,0.559,0.56,0.561,0.562,0.562,0.563,0.563,0.563,0.563,0.563,0.563,0.562,0.562,0.562,0.563,0.563,0.564,0.564,0.565,0.566,0.569,0.571,0.574,0.577,0.58,0.583,0.586,0.59,0.593,0.596,0.598,0.599,0.6,0.601,0.603,0.604,0.605,0.607,0.608,0.608,0.61,0.61,0.61,0.61,0.61,0.61,0.609,0.608,0.608,0.608,0.607,0.607,0.606,0.605,0.604,0.603,0.601,0.6,0.598,0.597,0.595,0.593,0.592,0.591,0.59,0.59,0.59,0.59,0.59,0.59,0.591,0.591,0.593,0.594,0.596,0.597,0.598,0.6,0.602,0.603,0.604,0.605,0.607,0.608,0.608,0.61,0.612,0.613,0.617,0.619,0.625,0.631,0.637,0.642,0.647,0.651,0.655,0.659,0,0.664,0.664,0.667,0.669,0.671,0.672,0.674,0.674,0.675,0.675,0.675,0.674,0.672,0.671,0.671,0.67,0.67,0.67,0.671,0.673,0.676,0.681,0.688,0.698,0.71,0.72,0.731,0.74,0.749,0.753,0.756,0.759,0.761,0.763,0.765,0.767,0.769,0.771,0.773,0.774,0.775,0.776,0.775,0.777,0.778,0,0,0,1.052,1.052,1.051,1.049,1.047,1.047,1.047,1.045,1.045,1.043,1.045,1.045,1.047,1.049,1.051,1.052,1.056,1.058,1.061,1.063,1.067,1.069,1.071,1.074,1.074,1.076,1.078,1.082,1.082,1.084,1.084,1.084,1.082,1.082,1.08,1.078,1.074,1.071,1.067,1.065,1.063,1.06,1.052,1.038,0,0,0,0,0,0.848,0.848,0.845,0.844,0.847,0.848,0.849,0.848,0.848,0.848,0,0,0,0,0,0,0,0,0,0,0.888,0.883,0.88,0.875,0.872,0.868,0.866,0.864,0.866,0.868,0.869,0.87,0.873,0.875,0.878,0.878,0.879,0,0,0,0,0,0,0,0,0,0,0,0,0,0,0,0,0,0,0,0,0.861,0.86,0.861,0.861,0.861,0,0,0,0,0,1.088,1.103,1.111,1.117,1.126,1.13,1.14,1.153,1.166,1.177,1.189,1.198,1.207,1.219,1.229,1.242,1.257,1.267,1.275,1.283,1.288,1.291,1.297,1.297,1.294,1.291,1.288,1.286,1.28,1.278,0,0,0,0,0,0,0,0,0,0.79,0.79,0.789,0.789,0.79,0.791,0.789,0.789,0.788,0.788,0.79,0.791,0.794,0.796,0.8,0.805,0.813,0.822,0.827,0.832,0.836,0.84,0.844,0.848,0.851,0.854,0.855,0.857,0.86,0.862,0.862,0.862,0.861,0.86,0.857,0.855,0.851,0.845,0.838,0.833,0.829,0.826,0.824,0.821,0.817,0,0,0,0,0,0,0,0,0,0,0,0,0,0,0,0,0,0,0,0,0,1.787,1.792,1.792,1.797,1.802,1.808,1.813,1.813,1.813,1.818,1.818,1.818,1.818,1.813,1.818,1.818,1.818,1.818,1.818,1.818
0,0,0,0,0,0,0,0,0,0,0,0,0,0,0,0,0,0,0,0,0,0,0,0,0,0,0,0,0,0,0,0,0.762,0.762,0.762,0.761,0.76,0.76,0.759,0.758,0.758,0.758,0.758,0.757,0.757,0.756,0.754,0.752,0.75,0.748,0.746,0.744,0.743,0.741,0.741,0.74,0.74,0.74,0.741,0.742,0.742,0.742,0.742,0.741,0.741,0.745,0.747,0.749,0.749,0.751,0.751,0.752,0.753,0.754,0,0,0,0,1.06,1.061,1.063,1.067,1.069,1.073,1.076,1.078,1.082,1.086,1.09,1.094,1.097,1.101,1.101,1.105,1.107,1.109,1.111,1.113,1.115,1.117,1.119,1.121,1.124,1.126,1.128,1.128,1.13,1.132,1.132,1.132,1.134,1.136,1.138,1.14,1.142,1.144,1.147,1.151,1.153,1.157,1.16,1.164,1.168,1.171,1.175,1.18,1.184,1.189,1.193,1.198,1.203,1.205,1.207,1.212,1.215,1.215,0,0,0,0,0,0,0,0,0,0,0,0,0,0,0,0,0,0,0,0,0,0,0,0,0,0,0,0,0,0.487,0.487,0.487,0.487,0.487,0.487,0.487,0.486,0.486,0.486,0.486,0.486,0.486,0.486,0.486,0.487,0.487,0.487,0.488,0.489,0.489,0.49,0.491,0.492,0.493,0.494,0.494,0.495,0.496,0.496,0.497,0.498,0.498,0.499,0.5,0.5,0.502,0.502,0.503,0.504,0.505,0.506,0.507,0.507,0.508,0.509,0.509,0.51,0.51,0.511,0.511,0.512,0.513,0.513,0.514,0.516,0.517,0.519,0.52,0.523,0.525,0.528,0.531,0.533,0.535,0.537,0.539,0.541,0.542,0.543,0.544,0.545,0.547,0.548,0.549,0.55,0.551,0.552,0.553,0.553,0.554,0.555,0.556,0.556,0.557,0.558,0.559,0.56,0.561,0.562,0.563,0.564,0.564,0.564,0.564,0.564,0.564,0.563,0.563,0.563,0.563,0.564,0.564,0.564,0.565,0.566,0.567,0.569,0.571,0.574,0.577,0.58,0.583,0.586,0.59,0.593,0.596,0.598,0.599,0.6,0.601,0.603,0.604,0.605,0.607,0.608,0.608,0.61,0.61,0.611,0.612,0.612,0.611,0.611,0.611,0.61,0.61,0.609,0.608,0.607,0.606,0.605,0.604,0.602,0.601,0.599,0.597,0.596,0.594,0.593,0.591,0.591,0.591,0.59,0.59,0.59,0.591,0.591,0.593,0.594,0.595,0.597,0.598,0.6,0.601,0.603,0.604,0.605,0.606,0.607,0.608,0.609,0.611,0.613,0.615,0.618,0.621,0.626,0.633,0.64,0.645,0.651,0.657,0.662,0.666,0.669,0.671,0.672,0.675,0.676,0.676,0.677,0.676,0.676,0.675,0.675,0.675,0.672,0.671,0.67,0.669,0.669,0.668,0.669,0.669,0.671,0.674,0.678,0.684,0.694,0.705,0.716,0.726,0.736,0.745,0.75,0.751,0.755,0.757,0.759,0.761,0.763,0.766,0.768,0.771,0.773,0.774,0.775,0.776,0,0,0,0,1.058,1.056,1.054,1.054,1.052,1.049,1.047,1.047,1.045,1.045,1.045,1.045,1.045,1.047,1.049,1.051,1.054,1.058,1.061,1.063,1.067,1.069,1.073,1.074,1.074,1.076,1.078,1.08,1.082,1.084,1.084,1.084,1.082,1.08,1.08,1.076,1.073,1.069,1.067,1.061,1.06,1.058,1.052,1.045,0,0,0,0,0,0.849,0.848,0.845,0.844,0.844,0.845,0.848,0.848,0.847,0.847,0.845,0,0,0,0,0,0,0,0,0,0,0.879,0.877,0.874,0.87,0.868,0.864,0.863,0.864,0.866,0.868,0.87,0.872,0.873,0.874,0.875,0.877,0.877,0.878,0,0,0,0,0,0,0,0,0,0,0,0,0,0,0,0,0,0,0,0.863,0.861,0.861,0.861,0.862,0.861,0,0,0,0,0,1.103,1.111,1.115,1.124,1.13,1.14,1.153,1.164,1.177,1.189,1.2,1.21,1.222,1.232,1.244,1.259,1.267,1.278,1.283,1.288,1.291,1.291,1.291,1.288,1.286,1.28,1.278,1.275,1.267,1.265,0,0,0,0,0,0,0,0,0,0.794,0.793,0.793,0.794,0.795,0.794,0.793,0.793,0.793,0.795,0.796,0.798,0.799,0.801,0.805,0.812,0.816,0.823,0.827,0.83,0.835,0.838,0.843,0.849,0.851,0.855,0.858,0.861,0.863,0.863,0.864,0.863,0.862,0.861,0.857,0.852,0.845,0.84,0.833,0.828,0.825,0.823,0.819,0.816,0,0,0,0,0,0,1.144,1.144,1.144,1.142,0,0,0,0,0,0,0,0,0,0,0,1.792,1.797,1.797,1.802,1.808,1.813,1.818,1.818,1.818,1.824,1.818,1.818,1.818,1.818,1.818,1.818,1.818,1.824,1.818,1.824
0,0,0,0,0,0,0,0,0,0,0,0,0,0,0,0,0,0,0,0,0,0,0,0,0,0,0,0,0,0,0.762,0.762,0.762,0.761,0.76,0.759,0.759,0.759,0.758,0.758,0.757,0.757,0.756,0.756,0.756,0.754,0.752,0.75,0.749,0.746,0.744,0.742,0.74,0.74,0.739,0.738,0.738,0.739,0.739,0.739,0.74,0.739,0.738,0.738,0.738,0.74,0.741,0.742,0.743,0.743,0.744,0.745,0.746,0.747,0.747,0,0,0,0,0,0,1.065,1.069,1.073,1.076,1.078,1.082,1.088,1.09,1.092,1.095,1.097,1.101,1.103,1.105,1.109,1.109,1.113,1.115,1.117,1.119,1.121,1.124,1.126,1.128,1.13,1.13,1.132,1.134,1.134,1.136,1.136,1.14,1.14,1.142,1.144,1.147,1.151,1.153,1.157,1.16,1.164,1.168,1.171,1.175,1.18,1.184,1.189,1.193,1.198,1.203,1.207,1.21,1.212,1.215,1.217,1.217,0,0,0,0,0,0,0,0,0,0,0,0,0,0,0,0,0,0,0,0,0,0,0,0,0,0,0,0,0.489,0.488,0.488,0.487,0.487,0.487,0.487,0.487,0.487,0.487,0.487,0.487,0.487,0.487,0.487,0.487,0.487,0.488,0.489,0.489,0.49,0.491,0.492,0.493,0.494,0.495,0.496,0.496,0.497,0.498,0.498,0.499,0.499,0.5,0.5,0.501,0.502,0.503,0.504,0.504,0.505,0.506,0.507,0.508,0.509,0.509,0.51,0.51,0.511,0.512,0.513,0.513,0.514,0.514,0.516,0.516,0.518,0.519,0.521,0.523,0.526,0.528,0.531,0.533,0.535,0.538,0.539,0.541,0.542,0.544,0.545,0.546,0.547,0.549,0.55,0.551,0.552,0.553,0.554,0.554,0.555,0.556,0.556,0.557,0.558,0.559,0.56,0.561,0.562,0.563,0.564,0.564,0.565,0.565,0.565,0.565,0.565,0.565,0.565,0.564,0.565,0.565,0.565,0.565,0.566,0.567,0.568,0.569,0.571,0.574,0.577,0.58,0.583,0.586,0.59,0.593,0.596,0.598,0.599,0.6,0.602,0.603,0.604,0.606,0.607,0.608,0.609,0.611,0.612,0.612,0.612,0.613,0.613,0.613,0.613,0.612,0.612,0.611,0.61,0.609,0.608,0.607,0.605,0.604,0.602,0.6,0.598,0.597,0.596,0.594,0.593,0.592,0.591,0.591,0.591,0.591,0.591,0.592,0.593,0.594,0.596,0.598,0.599,0.601,0.602,0.604,0.605,0.606,0.607,0.608,0.609,0.61,0.612,0.614,0.616,0,0,0.628,0.634,0.641,0,0.652,0.659,0.664,0.667,0.672,0.674,0.674,0.675,0.675,0.675,0.674,0.673,0.672,0.672,0.671,0.671,0.669,0.669,0.667,0.666,0.665,0.665,0.665,0.666,0.668,0,0,0.678,0.686,0.694,0.705,0.714,0.723,0.731,0.737,0.74,0.744,0.749,0.751,0.754,0.758,0.76,0.763,0.767,0.77,0.773,0.775,0,0,0,0,1.061,1.061,1.06,1.056,1.056,1.054,1.052,1.051,1.051,1.049,1.047,1.047,1.047,1.047,1.049,1.051,1.052,1.056,1.058,1.061,1.063,1.067,1.071,1.073,1.074,1.078,1.078,1.078,1.08,1.08,1.082,1.082,1.08,1.078,1.076,1.076,1.073,1.069,1.065,1.061,1.058,1.056,1.054,1.049,1.042,0,0,0,0,0.858,0.848,0.848,0.844,0.843,0.843,0.844,0.845,0.847,0.845,0.844,0.844,0.844,0.845,0,0,0,0,0,0,0.874,0.874,0.872,0.87,0.869,0.867,0.864,0.862,0.862,0.863,0.864,0.866,0.869,0.872,0.873,0.874,0.874,0.874,0.875,0.874,0.872,0,0,0,0,0,0,0,0,0,0,0,0,0,0,0.868,0,0,0,0.863,0.861,0.862,0.862,0.863,0.861,0.861,0.861,0.862,0,0,0,1.099,0,1.121,1.128,1.138,1.151,1.164,1.177,1.189,1.203,1.21,1.222,1.237,1.247,1.259,1.267,1.275,1.278,1.283,1.283,1.283,1.28,1.278,1.275,1.272,1.272,1.27,1.262,1.259,1.257,0,0,0,0,0,0,0,0,0,0,0.794,0.795,0.797,0.796,0.796,0.797,0.797,0.799,0.801,0.803,0.803,0.804,0.807,0.812,0.816,0.818,0.821,0.825,0.829,0.834,0.84,0.844,0.848,0.852,0.857,0.861,0.863,0.863,0.863,0.863,0.862,0.86,0.857,0.851,0.845,0.837,0.83,0.827,0.823,0.821,0.818,0.815,0,0,0,0,0,1.142,1.142,1.14,1.14,1.138,1.138,1.138,0,0,0,0,0,0,0,0,0,0,1.802,1.802,1.808,1.813,1.818,1.824,1.824,1.824,1.824,1.824,1.824,1.824,1.818,1.818,1.818,1.818,1.824,1.818,1.824
0,0,0,0,0,0,0,0,0,0,0,0,0,0,0,0,0,0,0,0,0,0,0,0,0,0,0,0,0,0,0.761,0.76,0.759,0.759,0.759,0.758,0.758,0.757,0.757,0.756,0.756,0.755,0.755,0.755,0.754,0.753,0.751,0.749,0.748,0.745,0.743,0.74,0.74,0.738,0.737,0.736,0.736,0.736,0.737,0.736,0.737,0.735,0.735,0.734,0.734,0.735,0.736,0.737,0.738,0.739,0.74,0.74,0.74,0.741,0,0,0,0,0,0,0,0,1.069,1.071,1.074,1.078,1.082,1.086,1.09,1.094,1.094,1.097,1.101,1.103,1.105,1.107,1.109,1.111,1.115,1.115,1.117,1.121,1.124,1.126,1.128,1.132,1.132,1.134,1.136,1.136,1.138,1.14,1.14,1.142,1.142,1.144,1.147,1.151,1.153,1.157,1.16,1.164,1.166,1.171,1.175,1.18,1.184,1.191,1.196,1.2,1.205,1.21,1.212,1.217,1.217,1.219,1.219,0,0,0,0,0,0,0,0,0,0,0,0,0,0,0,0,0,0,0,0,0,0,0,0,0,0,0,0,0.49,0.489,0.488,0.488,0.488,0.487,0.487,0.487,0.487,0.487,0.487,0.487,0.487,0.487,0.487,0.487,0.488,0.489,0.489,0.49,0.491,0.492,0.493,0.494,0.495,0.496,0.497,0.498,0.498,0.498,0.499,0.499,0.5,0.5,0.501,0.502,0.502,0.503,0.504,0.505,0.506,0.506,0.507,0.508,0.509,0.51,0.51,0.511,0.512,0.513,0.513,0.513,0.514,0.515,0.516,0.517,0.519,0.52,0.522,0.524,0.527,0.529,0.531,0.533,0.535,0.538,0.54,0.541,0.543,0.544,0.545,0.547,0.548,0.549,0.55,0.551,0.552,0.553,0.554,0.555,0.555,0.556,0.557,0.558,0.559,0.559,0.561,0.562,0.563,0.564,0.565,0.565,0.566,0.566,0.566,0.566,0.566,0.566,0.566,0.566,0.566,0.566,0.566,0.566,0.566,0.567,0.568,0.57,0.571,0.574,0.577,0.58,0.583,0.586,0.59,0.593,0.596,0.598,0.6,0.601,0.602,0.604,0.605,0.606,0.607,0.608,0.61,0.611,0.612,0.612,0.613,0.613,0.613,0.615,0.615,0.614,0.613,0.613,0.612,0.61,0.61,0.608,0.607,0.605,0.603,0.601,0.6,0.598,0.597,0.595,0.594,0.593,0.593,0.592,0.592,0.592,0.592,0.593,0.594,0.596,0.597,0.598,0.6,0.601,0.603,0.604,0.605,0.607,0.608,0.608,0.609,0.61,0.612,0.614,0.616,0.62,0.621,0.628,0.634,0,0,0.652,0.658,0.663,0.667,0.669,0.669,0.671,0.671,0.671,0.67,0.669,0.669,0.668,0.667,0.667,0.667,0.666,0.664,0.664,0.662,0.662,0.662,0.662,0.662,0.664,0.666,0,0.672,0.678,0.684,0.692,0.701,0.708,0.715,0.721,0.726,0.73,0.735,0.742,0.746,0.749,0.752,0.756,0.76,0.764,0,0,0,0,0,0,1.065,1.063,1.061,1.061,1.06,1.058,1.058,1.054,1.054,1.052,1.051,1.051,1.051,1.049,1.051,1.052,1.054,1.056,1.06,1.061,1.065,1.069,1.071,1.074,1.076,1.076,1.078,1.078,1.078,1.08,1.08,1.078,1.078,1.076,1.073,1.071,1.069,1.065,1.061,1.058,1.054,1.051,1.049,1.045,1.038,0,0,0,0.883,0.848,0.845,0.845,0.843,0.842,0.842,0.843,0.844,0.844,0.844,0.843,0.843,0.843,0.843,0.843,0.843,0,0,0,0,0,0.867,0.866,0.864,0.863,0.861,0.86,0.857,0.857,0.857,0.858,0.862,0.863,0.867,0.868,0.869,0.868,0.869,0.868,0.867,0.866,0,0,0,0,0,0,0,0,0,0.858,0.863,0,0,0,0,0,0,0,0.862,0.858,0.86,0.861,0.862,0.86,0.863,0,0.864,0,0,0,0,1.115,0,1.121,1.126,1.14,1.153,1.164,1.177,1.189,1.203,1.219,1.239,1.249,1.257,1.265,1.27,1.272,1.275,1.278,1.275,1.272,1.27,1.267,1.265,1.265,1.262,1.259,1.254,1.252,0,0,0,0,0,0,0,0,0,0,0,0,0.8,0.8,0.8,0.801,0.803,0.805,0.807,0.809,0.809,0.81,0.811,0.814,0.816,0.816,0.817,0.819,0.823,0.827,0.833,0.84,0.843,0.848,0.854,0.858,0.862,0.864,0.863,0.863,0.861,0.861,0.857,0.851,0.845,0.837,0.829,0.825,0.822,0.818,0.816,0.814,0.812,0,0,0,1.14,1.138,1.136,1.136,1.136,1.134,1.134,1.134,1.132,1.132,0,0,0,0,0,0,0,0,0,1.808,0,1.824,1.824,1.829,1.829,1.829,1.835,1.829,1.824,1.824,1.818,1.824,1.829,1.824,1.824,1.824,1.829
0,0,0,0,0,0,0,0,0,0,0,0,0,0,0,0,0,0,0,0,0,0,0,0,0,0,0,0,0,0,0,0.757,0.757,0.757,0.756,0.756,0.755,0.755,0.754,0.754,0.754,0.753,0.753,0.753,0.753,0.752,0.75,0.749,0.747,0.744,0.741,0.74,0.738,0.737,0.735,0.734,0.734,0.734,0.735,0.734,0.734,0.734,0.733,0.732,0.732,0.732,0.733,0.733,0.733,0.735,0.735,0.736,0.737,0.738,0.74,0,0,0,0,0,0,0,1.067,1.071,1.074,1.078,1.082,1.086,1.09,1.092,1.094,1.097,1.099,1.101,1.103,1.105,1.107,1.111,1.113,1.115,1.117,1.121,1.124,1.128,1.13,1.132,1.134,1.136,1.138,1.138,1.138,1.14,1.142,1.142,1.144,1.144,1.147,1.151,1.153,1.155,1.16,1.164,1.166,1.171,1.175,1.182,1.186,1.193,1.198,1.205,1.21,1.212,1.217,1.219,1.222,1.222,1.222,1.222,0,0,0,0,0,0,0,0,0,0,0,0,0,0,0,0,0,0,0,0,0,0,0,0,0,0,0,0.492,0.49,0.489,0.488,0.488,0.488,0.487,0.487,0.487,0.487,0.487,0.487,0.487,0.487,0.488,0.488,0.489,0.489,0.49,0.491,0.492,0.493,0.494,0.495,0.496,0.497,0.498,0.498,0.498,0.499,0.499,0.5,0.5,0.501,0.501,0.502,0.503,0.504,0.505,0.505,0.506,0.507,0.507,0.508,0.509,0.51,0.511,0.512,0.512,0.513,0.513,0.514,0.515,0.516,0.517,0.518,0.519,0.521,0.522,0.524,0.527,0.529,0.531,0.533,0.535,0.538,0.54,0.542,0.543,0.544,0.546,0.547,0.548,0.549,0.551,0.552,0.553,0.554,0.554,0.555,0.556,0.557,0.557,0.558,0.559,0.56,0.561,0.562,0.564,0.565,0.566,0.566,0.567,0.567,0.567,0.567,0.567,0.567,0.567,0.567,0.567,0.566,0.566,0.567,0.567,0.567,0.569,0.57,0.571,0.574,0.577,0.58,0.583,0.586,0.59,0.594,0.596,0.598,0.6,0.601,0.603,0.604,0.605,0.607,0.608,0.609,0.61,0.612,0.613,0.613,0.614,0.615,0.615,0.615,0.615,0.615,0.615,0.614,0.613,0.612,0.611,0.61,0.607,0.606,0.604,0.603,0.601,0.599,0.598,0.596,0.595,0.594,0.593,0.593,0.593,0.593,0.593,0.594,0.595,0.596,0.597,0.599,0.601,0.602,0.604,0.605,0.606,0.607,0.608,0.608,0.609,0.61,0.612,0,0.616,0.618,0.62,0.625,0.63,0,0,0.648,0.655,0.659,0.663,0.664,0.666,0.666,0.667,0.664,0.663,0.662,0.662,0.662,0.662,0.662,0.661,0.66,0.659,0.659,0.659,0.658,0.658,0.658,0.659,0.659,0.662,0,0.667,0.67,0.675,0.68,0.686,0.692,0.698,0.704,0.709,0.712,0.719,0.724,0.733,0.74,0.744,0.748,0.752,0,0,0,0,0,0,0,1.065,1.065,1.063,1.063,1.063,1.063,1.061,1.06,1.058,1.058,1.056,1.056,1.056,1.054,1.056,1.056,1.058,1.061,1.063,1.067,1.069,1.071,1.073,1.074,1.076,1.076,1.076,1.076,1.076,1.076,1.076,1.074,1.074,1.071,1.069,1.067,1.065,1.061,1.058,1.056,1.052,1.049,1.049,1.043,1.036,0,0,0.904,0.867,0.845,0.844,0.844,0.841,0.841,0.84,0.841,0.842,0.843,0.843,0.842,0.842,0.842,0.843,0.843,0.842,0,0,0.856,0.86,0.861,0.861,0.86,0.86,0.858,0.856,0.854,0.852,0.851,0.851,0.852,0.855,0.857,0.858,0.861,0.862,0.862,0.861,0.86,0.858,0.855,0,0,0,0,0,0,0,0,0,0.856,0.861,0.861,0,0,0.862,0,0,0,0.861,0,0,0.86,0.86,0.857,0.857,0,0.856,0,0,0,0,0,1.113,1.109,1.111,1.124,1.13,1.138,1.147,1.16,1.168,1.186,1.21,1.227,1.239,1.249,1.262,1.265,1.265,1.267,1.265,1.265,1.262,1.257,1.257,1.254,1.254,1.252,1.249,1.247,0,0,0,0,0,0,0,0,0,0,0,0,0,0.804,0.807,0.808,0.81,0.813,0.814,0.815,0.816,0.816,0.816,0.817,0.819,0.817,0.815,0.815,0,0,0,0.828,0.833,0.838,0.845,0.851,0.857,0.861,0.862,0.864,0.861,0.86,0.856,0.85,0.843,0.835,0.827,0.822,0.818,0.816,0.814,0.811,0.81,0,0,0,1.138,1.136,1.136,1.134,1.134,1.132,1.132,1.13,1.128,1.126,1.128,1.126,1.126,1.126,0,0,0,0,0,0,0,1.824,1.829,1.829,1.829,1.835,1.835,1.835,1.829,1.824,1.824,1.824,1.829,1.824,1.824,1.829,0
0,0,0,0,0,0,0,0,0,0,0,0,0,0,0,0,0,0,0,0,0,0,0,0,0,0,0,0,0,0,0,0,0,0.754,0.753,0.753,0.752,0.753,0.752,0.751,0.751,0.751,0.751,0.752,0.751,0.75,0.749,0.747,0.745,0.742,0.74,0.738,0.736,0.735,0.734,0.733,0.732,0.733,0.733,0.732,0.732,0.732,0.732,0.731,0.73,0.73,0.731,0.731,0.731,0.732,0.732,0.732,0.733,0.734,0.737,0.737,0.738,0.739,0,0,0,0,0,0,1.076,0,1.082,1.088,1.092,1.092,1.094,1.095,1.099,1.101,1.101,1.103,1.105,1.109,1.111,1.115,1.117,1.121,1.126,1.128,1.132,1.134,1.136,1.138,1.14,1.14,1.142,1.142,1.144,1.144,1.144,1.147,1.149,1.151,1.153,1.155,1.16,1.164,1.168,1.173,1.177,1.184,1.189,1.196,1.2,1.207,1.212,1.215,1.219,1.222,1.224,1.224,1.227,1.227,0,0,0,0,0,0,0,0,0,0,0,0,0,0,0,0,0,0,0,0,0,0,0,0,0,0,0.496,0.493,0.491,0.489,0.489,0.488,0.488,0.488,0.488,0.488,0.487,0.487,0.487,0.488,0.488,0.488,0.489,0.489,0.49,0.49,0.491,0.492,0.494,0.494,0.496,0.497,0.498,0.498,0.499,0.499,0.499,0.5,0.5,0.501,0.501,0.502,0.503,0.503,0.504,0.505,0.506,0.506,0.507,0.508,0.509,0.51,0.51,0.511,0.512,0.512,0.513,0.514,0.514,0.515,0.516,0.517,0.519,0.519,0.521,0.522,0.524,0.526,0.529,0.531,0.533,0.536,0.538,0.54,0.542,0.543,0.545,0.546,0.547,0.548,0.55,0.551,0.552,0.553,0.554,0.555,0.555,0.556,0.557,0.558,0.559,0.56,0.561,0.562,0.563,0.564,0.565,0.566,0.567,0.567,0.568,0.569,0.568,0.568,0.568,0.568,0.568,0.567,0.567,0.567,0.567,0.567,0.568,0.569,0.57,0.571,0.574,0.576,0.58,0.583,0.586,0.59,0.594,0.597,0.599,0.6,0.602,0.603,0.605,0.605,0.607,0.608,0.61,0.61,0.612,0.613,0.613,0.615,0.616,0.616,0.616,0.617,0.616,0.616,0.615,0.614,0.613,0.612,0.61,0.609,0.607,0.605,0.604,0.603,0.601,0.599,0.597,0.596,0.594,0.594,0.594,0.593,0.593,0.593,0.594,0.595,0.597,0.598,0.599,0.6,0.601,0.603,0.605,0.605,0.606,0.607,0.607,0.608,0.608,0.61,0.612,0.613,0.615,0.617,0.621,0.625,0.63,0.635,0.64,0,0.649,0.652,0.655,0.655,0.656,0.656,0.654,0.654,0,0,0.654,0.654,0.654,0.654,0.654,0.654,0.654,0.654,0.654,0.654,0.654,0.654,0.655,0.656,0.657,0.659,0.663,0.666,0.669,0,0,0,0,0.69,0.693,0.697,0.7,0.706,0.712,0.732,0,0,0,0,0,0,0,0,0,1.069,1.069,1.069,1.067,1.067,1.067,1.065,1.065,1.063,1.063,1.061,1.061,1.061,1.06,1.06,1.061,1.063,1.065,1.067,1.069,1.071,1.073,1.074,1.076,1.074,1.076,1.074,1.074,1.074,1.074,1.073,1.073,1.069,1.067,1.065,1.063,1.061,1.058,1.056,1.051,1.047,1.045,1.043,1.038,1.016,0,0,0.888,0,0,0.842,0.841,0.84,0.838,0.838,0.84,0.842,0.842,0.842,0.842,0.841,0.842,0.843,0.843,0.842,0.845,0.848,0.852,0.854,0.855,0.855,0.855,0.854,0.852,0.85,0.848,0.847,0.845,0.845,0.847,0.848,0.85,0.852,0.854,0.856,0.855,0.854,0.852,0.848,0.845,0.841,0.836,0.833,0.828,0.826,0.834,0.84,0.843,0.848,0.85,0.855,0.855,0.855,0.852,0.854,0,0,0,0,0.854,0.854,0.856,0.856,0.852,0,0,0,0,0,0,0,0,0,1.092,1.092,1.101,1.105,1.111,0,1.128,1.138,1.153,1.18,1.215,1.227,1.239,0,1.252,1.254,1.254,1.254,1.252,1.252,1.247,1.247,1.247,1.247,1.244,1.242,1.242,0,0,0,0,0,0,0,0,0,0,0,0,0.811,0.812,0.812,0.814,0.815,0.818,0.819,0.821,0.822,0.821,0.822,0.821,0.821,0.818,0.813,0,0.807,0.807,0,0,0,0.825,0.832,0.841,0.848,0.855,0.856,0.86,0.861,0.857,0.852,0.845,0.837,0.829,0.822,0.817,0.814,0.813,0.81,0.808,0.807,0,0,0,1.136,1.134,1.134,1.132,1.13,1.128,1.128,1.128,1.126,1.126,1.124,1.124,1.121,1.124,1.121,1.121,1.119,0,0,0,0,0,0,1.835,1.835,1.835,1.835,1.835,1.824,1.824,1.818,1.818,1.818,1.818,1.824,0,0
0,0,0,0,0,0,0,0,0,0,0,0,0,0,0,0,0,0,0,0,0,0,0,0,0,0,0,0,0,0,0,0,0.752,0.751,0.75,0.75,0.75,0.75,0.75,0.749,0.749,0.749,0.749,0.749,0.749,0.749,0.747,0.745,0.743,0.74,0.739,0.736,0.735,0.733,0.732,0.732,0.732,0.732,0.732,0.732,0.732,0.731,0.73,0.729,0.728,0.728,0.728,0.729,0.729,0.729,0.729,0.73,0.731,0.732,0.735,0.736,0.737,0.738,0.74,0,0,0,0,0,0,0,1.086,1.09,1.092,1.094,1.094,1.095,1.099,1.099,1.101,1.103,1.105,1.109,1.111,1.113,1.117,1.121,1.126,1.13,1.134,1.136,1.138,1.14,1.142,1.142,1.142,1.144,1.144,1.147,1.147,1.149,1.149,1.151,1.153,1.157,1.16,1.164,1.168,1.173,1.18,1.184,1.191,1.198,1.205,1.21,1.215,1.219,1.224,1.227,1.227,1.229,1.229,0,0,0,0,0,0,0,0,0,0,0,0,0,0,0,0,0,0,0,0,0,0,0,0,0,0,0,0,0.494,0.492,0.489,0.489,0.489,0.489,0.488,0.488,0.488,0.488,0.488,0.488,0.488,0.488,0.488,0.489,0.489,0.49,0.491,0.492,0.493,0.494,0.495,0.496,0.497,0.498,0.498,0.499,0.5,0.5,0.5,0.501,0.502,0.502,0.503,0.504,0.504,0.505,0.505,0.506,0.507,0.507,0.508,0.509,0.51,0.51,0.511,0.512,0.513,0.513,0.514,0.514,0.515,0.516,0.517,0.518,0.519,0.521,0.522,0.524,0.527,0.529,0.531,0.533,0.536,0.538,0.54,0.542,0.544,0.545,0.546,0.547,0.549,0.55,0.551,0.552,0.553,0.554,0.555,0.556,0.556,0.557,0.558,0.559,0.56,0.561,0.563,0.564,0.565,0.566,0.567,0.567,0.569,0.569,0.569,0.569,0.569,0.569,0.569,0.569,0.569,0.569,0.568,0.569,0.569,0.569,0.569,0.57,0.572,0.574,0.576,0.58,0.583,0.586,0.59,0.594,0.597,0.599,0.601,0.602,0.604,0.605,0.606,0.607,0.608,0.61,0.611,0.612,0.614,0.615,0.616,0.617,0.618,0.618,0.618,0.618,0.617,0.616,0.615,0.613,0.613,0.611,0.61,0.608,0.606,0.605,0.603,0.601,0.6,0.598,0.596,0.595,0.594,0.594,0.593,0.593,0.593,0.593,0.594,0.596,0.597,0.598,0.6,0.601,0.603,0.604,0.605,0.605,0.605,0.605,0.605,0.606,0.607,0.608,0.61,0.612,0.613,0.617,0.621,0.625,0.628,0.632,0.636,0.64,0,0.644,0,0.646,0.646,0.646,0.646,0.646,0.646,0.647,0.648,0.648,0.648,0.648,0.649,0.65,0.649,0.649,0.649,0.648,0.649,0.65,0.65,0.651,0.653,0.654,0.657,0.659,0.664,0.667,0.669,0.674,0.676,0.678,0.681,0.683,0.687,0.688,0,0,0,0,0,0,0,0,0,1.073,1.073,1.073,1.071,1.071,1.073,1.073,1.073,1.071,1.069,1.067,1.067,1.065,1.067,1.065,1.065,1.065,1.067,1.069,1.071,1.073,1.073,1.074,1.074,1.076,1.074,1.073,1.073,1.071,1.071,1.071,1.071,1.067,1.065,1.063,1.061,1.06,1.058,1.054,1.052,1.049,1.045,1.043,1.043,1.036,1.028,0,0,0,0,0,0.841,0.841,0.837,0.837,0.836,0.838,0.838,0.841,0.841,0.84,0.841,0.841,0.842,0.842,0.842,0.844,0.847,0.85,0.851,0.852,0.851,0.851,0.85,0.849,0.845,0.842,0.841,0.84,0.84,0.841,0.841,0.843,0.845,0.848,0.849,0.849,0.847,0.845,0.841,0.837,0.834,0.829,0.827,0.825,0.822,0.83,0.835,0.842,0.847,0.849,0.851,0.85,0.85,0.849,0.849,0.849,0.85,0.85,0.85,0.849,0.85,0.851,0.85,0.848,0.845,0,0,0,0.836,0,0,0,0,0,1.08,0,0,0,0,0,0,0,0,0,0,0,0,0,1.242,1.244,1.244,1.242,1.242,1.239,1.239,1.239,1.239,1.239,1.237,1.237,0,0,0,0,0,0,0,0,0,0,0,0.816,0.818,0.818,0.818,0.819,0.822,0.824,0.826,0.826,0.827,0.826,0.826,0.825,0.824,0,0,0,0.8,0.797,0.794,0,0,0,0,0.827,0.836,0.843,0.845,0.851,0.854,0.85,0.844,0.837,0.828,0.821,0.814,0.812,0.81,0.808,0.805,0.804,0.803,0.804,0,0,1.134,1.132,1.13,1.13,1.128,1.126,1.124,1.124,1.124,1.121,1.119,1.119,1.119,1.117,1.117,1.117,1.113,1.109,0,0,0,0,0,0,0,1.835,1.835,1.829,1.824,1.813,1.808,1.813,1.813,1.818,0,0,0
0,0,0,0,0,0,0,0,0,0,0,0,0,0,0,0,0,0,0,0,0,0,0,0,0,0,0,0,0,0,0,0.749,0.749,0.749,0.749,0.748,0.748,0.748,0.748,0.748,0.748,0.747,0.748,0.748,0.747,0.747,0.745,0.743,0.741,0.739,0.737,0.734,0.733,0.732,0.732,0.731,0.731,0.731,0.732,0.732,0.732,0.731,0.73,0.729,0.728,0.728,0.728,0.728,0.727,0.727,0.727,0.728,0.729,0.731,0.734,0.735,0.736,0.739,0.741,0,0,0,0,0,0,0,1.09,1.092,1.094,1.094,1.095,1.097,1.097,1.099,1.101,1.101,1.103,1.107,1.111,1.113,1.117,1.121,1.126,1.13,1.134,1.138,1.14,1.142,1.144,1.144,1.147,1.147,1.147,1.147,1.147,1.149,1.151,1.153,1.155,1.157,1.16,1.164,1.168,1.173,1.18,1.186,1.193,1.2,1.207,1.215,1.219,1.224,1.227,1.229,1.232,1.232,0,0,0,0,0,0,0,0,0,0,0,0,0,0,0,0,0,0,0,0,0,0,0,0,0,0,0,0,0,0.495,0.492,0.49,0.489,0.489,0.489,0.488,0.488,0.488,0.488,0.488,0.488,0.488,0.488,0.489,0.489,0.49,0.49,0.491,0.492,0.493,0.494,0.495,0.496,0.498,0.498,0.499,0.5,0.5,0.501,0.501,0.502,0.502,0.503,0.504,0.504,0.505,0.505,0.506,0.507,0.507,0.508,0.508,0.509,0.51,0.51,0.511,0.511,0.512,0.513,0.513,0.514,0.515,0.516,0.517,0.518,0.519,0.52,0.522,0.524,0.527,0.529,0.532,0.534,0.536,0.539,0.541,0.543,0.544,0.545,0.546,0.548,0.549,0.55,0.551,0.552,0.553,0.554,0.555,0.556,0.557,0.558,0.559,0.56,0.561,0.562,0.563,0.564,0.566,0.567,0.568,0.569,0.569,0.569,0.57,0.57,0.57,0.57,0.57,0.57,0.57,0.57,0.569,0.569,0.569,0.57,0.57,0.571,0.572,0.574,0.577,0.58,0.584,0.587,0.591,0.594,0.598,0.6,0.602,0.603,0.604,0.605,0.607,0.608,0.609,0.61,0.612,0.613,0.615,0.616,0.617,0.618,0.618,0.619,0.619,0.619,0.618,0.616,0.615,0.615,0.613,0.612,0.61,0.608,0.607,0.605,0.603,0.601,0.6,0.598,0.596,0.595,0.594,0.593,0.593,0.592,0.592,0.592,0.593,0.594,0.596,0.597,0.598,0.599,0.6,0.602,0.603,0.603,0.603,0.603,0.603,0.604,0.605,0.606,0.607,0.609,0.61,0.613,0.616,0.619,0.621,0.625,0.627,0.63,0.632,0.634,0.635,0.636,0.636,0.637,0.638,0.638,0.64,0.64,0.642,0.642,0.643,0.644,0.644,0.644,0.644,0.644,0.644,0.644,0.644,0.644,0.645,0.646,0.646,0.648,0.649,0.65,0.652,0.654,0.657,0.658,0.661,0.662,0.665,0.667,0.669,0.669,0,0,0,0,0,0,0,0,0,1.078,1.076,1.076,1.076,1.076,1.078,1.076,1.076,1.076,1.074,1.074,1.073,1.073,1.073,1.071,1.071,1.071,1.071,1.073,1.074,1.076,1.076,1.074,1.076,1.074,1.073,1.073,1.069,1.067,1.065,1.067,1.063,1.061,1.061,1.058,1.058,1.058,1.056,1.051,1.047,1.043,1.036,1.035,1.031,1.024,0,0,0,0,0,0,0.838,0.838,0.835,0.836,0.835,0.837,0.838,0.84,0.84,0.84,0.841,0.841,0.841,0.842,0.841,0.841,0.842,0.843,0.843,0.843,0.843,0.842,0.841,0.84,0.838,0.836,0.835,0.835,0.834,0.835,0.836,0.837,0.84,0.841,0.842,0.841,0.838,0.837,0.834,0.83,0.828,0.824,0.823,0,0,0,0.83,0.834,0.838,0.841,0.843,0.843,0.842,0.842,0.842,0.841,0.843,0.844,0.844,0.844,0.845,0.845,0.845,0.843,0.841,0.837,0.835,0.833,0.832,0,0,0,0,0,0,0,0,0.998,1.021,0,0,0,0,0,0,0,0,0,1.219,1.222,1.224,1.224,0,0,1.229,1.232,1.234,1.234,1.232,1.232,0,0,0,0,0,0,0,0,0,0.822,0.822,0.824,0.825,0.826,0.826,0.827,0.828,0.829,0.832,0.833,0.833,0.833,0.83,0.83,0.829,0.825,0,0.808,0,0.791,0.785,0.783,0.786,0,0,0,0.817,0.826,0.829,0.834,0.836,0.834,0.829,0,0.816,0.811,0.805,0.804,0.803,0.802,0.801,0.801,0.8,0.802,0,0,1.13,1.13,1.128,1.126,1.124,1.121,1.119,1.119,1.117,1.117,1.115,1.115,1.115,1.115,1.113,1.111,1.107,1.101,1.095,1.09,1.08,1.073,0,0,0,0,0,0,0,0,0,0,0,0,0,0,0
0,0,0,0,0,0,0,0,0,0,0,0,0,0,0,0,0,0,0,0,0,0,0,0,0,0,0,0,0,0,0,0,0.746,0.746,0.746,0.746,0.745,0.746,0.746,0.746,0.745,0.745,0.745,0.745,0.744,0.744,0.742,0.74,0.739,0.737,0.735,0.733,0.732,0.731,0.73,0.729,0.729,0.73,0.73,0.73,0.73,0.73,0.729,0.729,0.729,0.728,0.728,0.728,0.728,0.728,0.728,0.729,0.73,0.732,0.734,0.736,0.737,0.739,0.742,0,0,0,0,0,0,0,1.094,0,0,1.095,1.095,1.095,1.097,1.099,1.099,1.101,1.103,1.105,1.109,1.113,1.115,1.121,1.124,1.13,1.134,1.138,1.14,1.142,1.144,1.147,1.147,1.147,1.149,1.149,1.149,1.149,1.151,1.153,1.155,1.157,1.162,1.164,1.171,1.175,1.182,1.189,1.196,1.203,1.21,1.217,1.222,1.227,1.229,1.232,1.234,1.234,1.234,0,0,0,0,0,0,0,0,0,0,0,0,0,0,0,0,0,0,0,0,0,0,0,0,0,0,0,0,0.496,0.493,0.49,0.49,0.49,0.489,0.489,0.488,0.488,0.488,0.488,0.488,0.488,0.488,0.489,0.489,0.49,0.49,0.491,0.492,0.494,0.494,0.496,0.497,0.498,0.498,0.499,0.5,0.501,0.501,0.502,0.503,0.503,0.504,0.505,0.505,0.506,0.506,0.507,0.507,0.508,0.508,0.509,0.509,0.51,0.51,0.511,0.511,0.512,0.512,0.513,0.513,0.514,0.515,0.516,0.517,0.518,0.519,0.521,0.524,0.527,0.53,0.533,0.535,0.537,0.539,0.541,0.543,0.544,0.545,0.546,0.547,0.549,0.55,0.551,0.552,0.554,0.555,0.556,0.556,0.558,0.559,0.56,0.561,0.562,0.563,0.564,0.565,0.566,0.567,0.569,0.569,0.57,0.57,0.57,0.571,0.571,0.571,0.571,0.571,0.57,0.57,0.57,0.57,0.57,0.57,0.571,0.571,0.572,0.574,0.577,0.58,0.584,0.588,0.591,0.596,0.599,0.601,0.603,0.604,0.605,0.607,0.608,0.609,0.61,0.612,0.613,0.615,0.615,0.617,0.618,0.619,0.62,0.621,0.62,0.62,0.619,0.618,0.616,0.615,0.613,0.612,0.61,0.608,0.607,0.605,0.604,0.602,0.6,0.598,0.596,0.595,0.593,0.593,0.591,0.591,0.591,0.591,0.591,0.593,0.594,0.594,0.595,0.596,0.598,0.598,0.599,0.6,0.6,0.599,0.6,0.601,0.601,0.603,0.604,0.605,0.607,0.609,0.612,0.614,0.615,0.617,0.618,0.621,0,0,0,0.626,0.628,0.628,0.63,0.631,0.633,0.634,0.635,0.636,0.637,0.638,0.639,0.639,0.64,0.64,0.64,0.64,0.64,0.64,0.641,0.64,0.64,0.641,0.642,0.642,0.643,0.644,0.645,0.646,0.648,0.648,0.65,0.65,0.65,0.654,0,0,0,0,0,0,0,0,0,0,1.086,1.086,1.086,1.086,1.086,1.084,1.086,1.084,1.082,1.08,1.08,1.078,1.078,1.076,1.076,1.076,1.076,1.078,1.078,1.08,1.078,1.076,1.076,1.074,1.073,1.069,1.063,1.061,1.058,1.058,1.054,1.054,1.052,1.052,1.047,1.045,1.045,1.04,1.038,1.033,1.031,0,0,0,0,0,0,0,0,0.841,0.84,0.838,0.835,0.835,0.835,0.836,0.837,0.84,0.84,0.84,0.84,0.841,0.841,0.84,0.84,0.84,0.84,0.84,0.838,0.837,0.837,0.836,0.835,0.834,0.833,0.832,0.83,0.83,0.829,0.83,0.832,0.832,0.834,0.835,0.835,0.834,0.833,0.83,0.828,0.826,0.824,0.822,0.819,0.819,0.819,0.823,0.826,0.828,0.832,0.834,0.836,0,0,0.837,0.837,0.837,0.84,0.84,0,0,0.841,0.841,0.841,0.838,0.837,0.834,0.832,0.829,0.828,0.828,0.832,0,0.841,0.852,0.862,0,0.943,0.963,0,0,1.007,1.003,0,0,0,0,0,0,0,1.189,1.191,1.198,0,0,1.212,1.215,1.217,1.217,1.219,1.217,0,0,0,0,0,0,0,0,0,0.827,0.827,0.829,0.83,0.832,0.833,0.833,0.835,0.836,0.837,0.838,0.838,0.838,0.837,0.836,0.835,0.829,0.822,0,0,0,0.777,0.771,0.772,0.782,0.789,0,0,0.811,0.812,0.814,0.814,0.812,0,0,0.799,0.796,0.795,0.795,0.796,0.796,0.797,0.796,0.797,0,0,0,0,1.126,1.124,1.121,1.119,1.117,1.115,1.115,1.113,1.113,1.111,1.111,1.109,1.107,1.105,1.101,1.095,1.092,1.082,1.076,1.069,1.061,1.054,1.049,0,0,0,0,0,0,0,0,0,0,0,0,0
0,0,0,0,0,0,0,0,0,0,0,0,0,0,0,0,0,0,0,0,0,0,0,0,0,0,0,0,0,0,0,0,0.743,0.743,0.743,0.743,0.743,0.744,0.743,0.743,0.743,0.742,0.742,0.743,0.742,0.741,0.74,0.739,0.737,0.735,0.733,0.732,0.731,0.73,0.729,0.728,0.728,0.728,0.729,0.729,0.729,0.729,0.729,0.729,0.728,0.729,0.729,0.73,0.729,0.73,0.73,0.73,0.732,0.732,0.735,0.737,0.738,0.74,0.741,0,0,0,0,0,1.097,0,1.097,0,1.097,1.095,1.095,1.097,1.097,1.099,1.099,1.101,1.101,1.105,1.109,1.113,1.115,1.121,1.124,1.13,1.134,1.138,1.14,1.142,1.144,1.147,1.149,1.149,1.149,1.149,1.149,1.151,1.151,1.153,1.157,1.16,1.162,1.164,1.171,1.177,1.184,1.191,1.198,1.205,1.212,1.219,1.227,1.229,1.234,1.234,1.237,1.237,1.237,0,0,0,0,0,0,0,0,0,0,0,0,0,0,0,0,0,0,0,0,0,0,0,0,0,0,0,0,0.496,0.494,0.491,0.49,0.49,0.49,0.489,0.489,0.488,0.488,0.488,0.488,0.488,0.489,0.489,0.489,0.49,0.49,0.492,0.492,0.494,0.494,0.496,0.497,0.498,0.499,0.5,0.501,0.501,0.502,0.503,0.503,0.504,0.505,0.505,0.506,0.507,0.507,0.507,0.508,0.508,0.509,0.509,0.51,0.51,0.51,0.51,0.511,0.511,0.512,0.512,0.513,0.513,0.514,0.516,0.516,0.518,0.519,0.521,0.524,0.528,0.53,0.533,0.535,0.537,0.54,0.541,0.543,0.544,0.545,0.546,0.547,0.549,0.55,0.551,0.552,0.554,0.555,0.556,0.557,0.558,0.559,0.56,0.561,0.563,0.564,0.565,0.566,0.567,0.569,0.569,0.57,0.57,0.571,0.571,0.571,0.571,0.571,0.571,0.571,0.571,0.571,0.571,0.571,0.571,0.571,0.571,0.572,0.573,0.574,0.577,0.581,0.584,0.588,0.592,0.596,0.6,0.602,0.604,0.605,0.607,0.608,0.609,0.61,0.612,0.612,0.614,0.615,0.616,0.618,0.62,0.62,0.621,0.621,0.621,0.62,0.62,0.618,0.617,0.615,0.613,0.612,0.61,0.608,0.606,0.605,0.603,0.601,0.6,0.597,0.596,0.594,0.593,0.591,0.591,0.59,0.59,0.59,0.59,0.591,0.591,0.592,0.592,0.593,0.594,0.595,0.596,0.596,0.596,0.596,0.597,0.598,0.599,0.6,0.601,0.603,0.604,0.605,0.607,0.608,0.61,0.612,0.612,0.614,0.615,0.616,0.618,0.62,0.62,0.622,0.623,0.625,0.626,0.628,0.63,0.631,0.633,0.634,0.635,0.636,0.636,0.636,0.636,0.637,0.636,0.636,0.636,0.636,0.636,0.636,0.635,0.634,0.634,0.635,0.635,0.636,0.637,0.638,0.64,0.64,0.641,0.64,0.641,0.641,0,0,0,0,0,0,0,0,1.095,1.094,1.094,1.094,1.095,1.094,1.094,1.092,1.09,1.088,1.086,1.084,1.084,1.082,1.082,1.08,1.08,1.08,1.08,1.08,1.078,1.076,1.074,1.071,1.067,1.063,1.056,1.052,1.047,1.045,1.043,1.042,1.042,1.042,1.033,1.028,1.023,1.012,1.004,1.009,0,0,0,0.917,0,0.856,0.852,0.845,0.842,0.84,0.838,0.838,0.835,0.835,0.836,0.836,0.837,0.838,0.837,0.837,0.838,0.838,0.838,0.837,0.837,0.837,0.835,0.835,0.834,0.833,0.832,0.832,0.83,0.829,0.828,0.827,0.827,0.826,0.825,0.825,0.826,0.826,0.827,0.827,0.827,0.826,0.825,0.824,0.823,0.821,0.821,0.819,0.819,0.818,0.819,0.822,0.823,0.825,0.828,0.83,0.833,0,0,0.832,0.833,0.833,0.835,0.836,0.836,0.837,0.838,0.838,0.837,0.836,0.834,0.832,0.829,0.828,0.827,0.828,0.83,0.832,0.838,0.848,0.856,0.863,0.883,0.917,0.934,0.948,0,0,0,0,0,0,0,0,0,0,0,1.175,0,0,0,0,0,1.2,0,0,0,0,0,0,0,0,0,0,0.828,0.83,0.833,0.834,0.835,0.836,0.837,0.838,0.841,0.842,0.842,0.842,0.843,0.843,0.843,0.842,0.841,0.836,0.828,0,0,0,0.776,0.763,0.761,0.769,0.777,0.783,0,0,0,0.796,0,0,0,0.787,0.785,0.784,0.784,0.786,0.788,0.79,0.791,0.792,0,0,0,0,0,0,1.119,1.117,1.115,1.113,1.113,1.111,1.111,1.107,1.105,1.103,1.101,1.099,1.095,1.092,1.086,1.078,1.073,1.067,1.06,1.052,1.047,1.042,1.035,1.031,0,0,0,0,0,0,0,0,0,0,0
0,0,0,0,0,0,0,0,0,0,0,0,0,0,0,0,0,0,0,0,0,0,0,0,0,0,0,0,0,0,0,0.741,0.741,0.741,0.741,0.742,0.741,0.742,0.742,0.742,0.741,0.741,0.74,0.741,0.74,0.739,0.738,0.737,0.735,0.733,0.732,0.731,0.73,0.729,0.727,0.727,0.727,0.727,0.728,0.727,0.727,0.727,0.727,0.727,0.728,0.728,0.729,0.73,0.73,0.73,0.73,0.731,0.732,0.732,0.735,0.737,0.737,0.74,0.741,0,0,0,0,1.099,1.099,0,1.099,1.099,1.097,1.097,1.097,1.097,1.097,1.099,1.099,1.099,1.101,1.105,1.107,1.111,1.115,1.119,1.124,1.128,1.132,1.136,1.14,1.142,1.144,1.147,1.147,1.149,1.149,1.149,1.149,1.151,1.153,1.155,1.157,1.16,1.162,1.166,1.173,1.18,1.186,1.193,1.2,1.207,1.212,1.222,1.227,1.232,1.234,1.237,1.237,1.239,1.239,1.239,1.242,1.242,0,0,0,0,0,0,0,0,0,0,0,0,0,0,0,0,0,0,0,0,0,0,0,0,0,0.496,0.494,0.491,0.49,0.49,0.49,0.489,0.489,0.488,0.488,0.488,0.488,0.488,0.489,0.489,0.489,0.49,0.491,0.492,0.492,0.494,0.495,0.496,0.497,0.498,0.499,0.5,0.5,0.501,0.502,0.503,0.504,0.505,0.505,0.506,0.507,0.507,0.508,0.509,0.509,0.509,0.509,0.51,0.51,0.51,0.51,0.51,0.51,0.511,0.511,0.512,0.512,0.513,0.514,0.515,0.516,0.518,0.519,0.522,0.525,0.528,0.531,0.533,0.536,0.538,0.54,0.541,0.543,0.544,0.545,0.546,0.547,0.548,0.55,0.551,0.553,0.554,0.555,0.557,0.557,0.559,0.56,0.561,0.562,0.564,0.565,0.566,0.567,0.568,0.569,0.57,0.571,0.571,0.571,0.571,0.572,0.572,0.572,0.572,0.572,0.571,0.571,0.571,0.571,0.571,0.571,0.571,0.572,0.573,0.574,0.578,0.581,0.585,0.589,0.593,0.597,0.6,0.603,0.605,0.606,0.608,0.608,0.61,0.611,0.612,0.613,0.615,0.616,0.618,0.619,0.62,0.621,0.621,0.621,0.621,0.621,0.62,0.618,0.617,0.615,0.613,0.612,0.61,0.608,0.606,0.604,0.603,0.601,0.598,0.597,0.595,0.593,0.592,0.591,0.59,0.589,0.589,0.588,0.589,0.589,0.589,0.59,0.59,0.59,0.591,0.591,0.592,0.593,0.593,0.594,0.594,0.595,0.596,0.597,0.598,0.6,0.601,0.603,0.604,0.605,0.605,0.607,0.607,0.608,0.609,0.61,0.612,0.613,0.615,0.616,0.618,0.62,0.623,0.625,0.626,0.628,0.63,0.631,0.632,0.633,0.633,0.633,0.633,0.633,0.633,0.633,0.633,0.632,0.632,0.632,0.632,0.632,0.632,0.632,0.632,0.632,0.633,0.634,0.634,0.634,0.635,0.636,0.635,0.636,0.636,0.635,0,0,0,0,0,0,1.097,1.097,1.097,1.099,1.099,1.099,1.099,1.095,1.094,1.092,1.09,1.088,1.086,1.084,1.084,1.084,1.08,1.08,1.08,1.08,1.078,1.074,1.069,1.063,1.058,1.052,1.045,1.04,1.033,1.028,1.028,1.024,1.026,1.023,1.014,1.007,0.999,0.988,0,0,0,0,0,0,0.855,0.852,0.849,0.847,0.844,0.842,0.841,0.838,0.836,0.835,0.835,0.836,0.837,0.837,0.837,0.837,0.837,0.837,0.837,0.836,0.835,0.834,0.833,0.832,0.83,0.829,0.829,0.828,0.827,0.827,0.827,0.826,0.825,0.824,0.823,0.823,0.822,0.821,0.821,0.819,0.819,0.818,0.817,0.816,0.816,0.815,0.816,0.816,0.815,0.815,0,0,0,0,0,0.825,0.826,0,0,0.827,0.828,0.829,0.832,0.834,0.835,0.835,0.836,0.837,0.836,0.835,0.834,0.832,0.829,0.827,0.827,0.827,0.829,0.832,0.836,0.844,0.852,0,0,0,0,0,0,0,0,0,0,0,0,0,0,0,0,0,0,0,0,0,0,0,0,0,0,0,0,0,0,0,0,0,0.833,0.836,0.838,0.84,0.841,0.842,0.843,0.844,0.847,0.847,0.847,0.847,0.847,0.847,0.847,0.847,0.845,0.843,0.835,0.825,0,0,0,0.76,0.749,0.758,0.762,0.77,0.773,0,0,0,0,0.777,0.775,0.773,0.771,0.773,0.774,0.776,0.78,0.783,0.785,0.787,0,0,0,0,0,0,0,0,0,1.109,1.109,1.107,1.105,1.103,1.097,1.095,1.092,1.09,1.086,1.078,1.074,1.067,1.061,1.058,1.051,1.047,1.042,1.035,1.029,1.026,1.021,1.021,1.016,0,0,0,0,0,0,0,0
0,0,0,0,0,0,0,0,0,0,0,0,0,0,0,0,0,0,0,0,0,0,0,0,0,0,0,0,0,0,0,0.74,0.74,0.74,0.74,0.74,0.74,0.74,0.74,0.74,0.74,0.74,0.74,0.739,0.739,0.737,0.736,0.735,0.733,0.732,0.731,0.729,0.728,0.728,0.726,0.726,0.726,0.726,0.726,0.726,0.726,0.727,0.727,0.727,0.727,0.727,0.728,0.729,0.73,0.73,0.73,0.73,0.732,0.732,0.734,0.736,0.736,0.737,0.739,0.741,0,0,0,1.099,1.099,1.099,1.099,1.099,1.099,1.097,1.097,1.097,1.097,1.099,1.099,1.099,1.101,1.103,1.107,1.111,1.115,1.119,1.121,1.128,1.132,1.136,1.138,1.142,1.144,1.144,1.147,1.149,1.149,1.151,1.151,1.151,1.153,1.155,1.16,1.162,1.166,1.168,1.175,1.182,1.189,1.198,1.203,1.21,1.217,1.224,1.229,1.234,1.237,1.237,1.239,1.239,1.239,1.239,1.242,0,0,0,0,0,0,0,0,0,0,0,0,0,0,0,0,0,0,0,0,0,0,0,0,0,0,0,0.494,0.492,0.491,0.491,0.49,0.49,0.489,0.489,0.488,0.488,0.488,0.488,0.489,0.489,0.49,0.49,0.491,0.492,0.493,0.494,0.495,0.496,0.497,0.498,0.498,0.499,0.5,0.501,0.502,0.503,0.504,0.505,0.505,0.506,0.507,0.508,0.509,0.509,0.51,0.51,0.51,0.51,0.51,0.51,0.51,0.511,0.511,0.511,0.511,0.512,0.512,0.513,0.514,0.515,0.517,0.519,0.52,0.523,0.526,0.529,0.532,0.534,0.537,0.539,0.541,0.542,0.543,0.544,0.545,0.546,0.547,0.549,0.55,0.551,0.553,0.554,0.556,0.557,0.558,0.56,0.561,0.562,0.563,0.565,0.566,0.567,0.567,0.569,0.57,0.57,0.571,0.571,0.572,0.572,0.572,0.572,0.572,0.572,0.572,0.572,0.572,0.571,0.572,0.571,0.571,0.572,0.572,0.573,0.575,0.578,0.581,0.585,0.589,0.593,0.598,0.601,0.604,0.606,0.608,0.608,0.61,0.612,0.612,0.613,0.615,0.616,0.617,0.619,0.62,0.621,0.621,0.622,0.622,0.622,0.621,0.62,0.619,0.617,0.615,0.613,0.612,0.609,0.607,0.605,0.603,0.602,0.6,0.598,0.596,0.594,0.593,0.591,0.59,0.589,0.588,0.587,0.586,0.586,0.587,0.587,0.587,0.586,0.588,0.588,0.589,0.59,0.59,0.59,0.591,0.591,0.593,0.594,0.595,0.596,0.597,0.598,0.6,0.601,0.601,0.603,0.603,0.604,0.605,0.606,0.607,0.608,0.61,0.611,0.613,0.615,0.616,0.618,0.62,0.623,0.625,0.626,0.628,0.628,0.629,0.63,0.63,0.629,0.63,0.629,0.63,0.63,0.63,0.629,0.629,0.629,0.629,0.629,0.629,0.63,0.63,0.63,0.631,0.631,0.632,0.632,0.633,0.633,0.634,0.634,0.633,0,0,0,0,0,0,1.099,1.099,1.097,1.097,1.099,1.099,1.097,1.095,1.094,1.092,1.09,1.088,1.086,1.086,1.086,1.082,1.08,1.08,1.078,1.076,1.073,1.067,1.06,1.052,1.045,1.04,1.031,1.023,1.017,1.012,1.011,1.009,1.009,1.004,0.994,0.985,0,0,0,0,0,0.902,0.877,0.858,0.856,0.855,0.851,0.849,0.845,0.844,0.842,0.841,0.838,0.837,0.836,0.837,0.837,0.837,0.837,0.836,0.836,0.837,0.837,0.835,0.834,0.833,0.83,0.83,0.828,0.828,0.826,0.826,0.826,0.825,0.825,0.824,0.823,0.821,0.819,0.819,0.818,0.816,0.815,0.814,0.812,0.812,0.811,0.811,0.812,0.811,0.812,0.813,0.812,0.813,0.813,0.815,0.815,0.817,0.818,0.822,0.823,0.823,0.823,0.824,0.824,0.826,0.828,0.83,0.832,0.833,0.834,0.835,0.835,0.835,0.834,0.83,0.828,0.827,0.827,0.827,0.828,0.83,0.835,0.843,0.849,0,0,0,0,0,0,0,0,0,0,0,0,1.105,1.121,0,0,0,0,1.149,0,0,0,0,0,0,0,0,0,0,0,0,0,0,0,0,0.843,0.845,0.847,0.847,0.849,0.849,0.85,0.85,0.849,0.85,0.85,0.85,0.85,0.849,0.849,0.848,0.843,0.833,0,0,0,0.763,0.748,0.749,0.753,0.759,0.761,0.764,0.764,0.764,0.766,0,0.762,0.762,0.762,0.762,0.765,0.767,0.772,0.776,0.779,0,0,0,0,0,0,0,0,0,0,0,1.105,1.103,1.099,1.097,1.092,1.086,1.082,1.076,1.073,1.067,1.06,0,1.051,1.047,1.042,1.036,1.035,1.029,1.026,1.019,1.016,1.012,1.011,1.009,1.007,0,0,0,0,0,0
0,0,0,0,0,0,0,0,0,0,0,0,0,0,0,0,0,0,0,0,0,0,0,0,0,0,0,0,0,0,0,0.739,0.74,0.739,0.739,0.739,0.739,0.739,0.739,0.739,0.739,0.738,0.738,0.737,0.736,0.735,0.734,0.732,0.731,0.73,0.728,0.727,0.726,0.726,0.725,0.726,0.726,0.726,0.726,0.726,0.726,0.726,0.726,0.726,0.726,0.726,0.726,0.727,0.728,0.729,0.73,0.73,0.731,0.732,0.733,0.734,0.734,0.736,0.737,0.739,0,0,0,1.099,1.099,1.099,1.099,1.099,1.099,1.097,1.097,1.097,1.097,1.099,1.099,1.099,1.101,1.103,1.107,1.109,1.113,1.117,1.121,1.124,1.13,1.134,1.136,1.138,1.142,1.144,1.144,1.147,1.149,1.149,1.151,1.153,1.153,1.157,1.162,1.164,1.168,1.173,1.18,1.184,1.193,1.2,1.207,1.212,1.219,1.224,1.232,1.234,1.237,1.237,1.239,1.239,1.242,1.242,1.242,1.242,0,0,0,0,0,0,0,0,0,0,0,0,0,0,0,0,0,0,0,0,0,0,0,0,0,0.496,0.494,0.493,0.492,0.492,0.491,0.49,0.49,0.489,0.489,0.489,0.489,0.489,0.489,0.49,0.49,0.491,0.492,0.492,0.493,0.494,0.495,0.496,0.496,0.497,0.498,0.499,0.5,0.501,0.502,0.503,0.504,0.505,0.505,0.507,0.508,0.508,0.509,0.51,0.51,0.51,0.51,0.51,0.511,0.511,0.511,0.511,0.511,0.511,0.512,0.512,0.513,0.513,0.515,0.516,0.518,0.519,0.522,0.524,0.527,0.53,0.533,0.535,0.537,0.54,0.541,0.542,0.543,0.544,0.545,0.546,0.547,0.549,0.55,0.552,0.553,0.555,0.557,0.558,0.559,0.561,0.562,0.563,0.565,0.566,0.567,0.568,0.569,0.57,0.57,0.571,0.571,0.572,0.572,0.572,0.572,0.572,0.572,0.572,0.572,0.572,0.572,0.572,0.572,0.572,0.572,0.572,0.572,0.574,0.575,0.578,0.581,0.585,0.59,0.594,0.598,0.602,0.605,0.607,0.609,0.61,0.611,0.612,0.613,0.615,0.616,0.617,0.618,0.62,0.621,0.621,0.623,0.623,0.623,0.622,0.621,0.621,0.619,0.618,0.616,0.613,0.612,0.608,0.607,0.605,0.603,0.601,0.599,0.597,0.595,0.593,0.591,0.59,0.589,0.588,0.586,0.585,0.585,0.585,0.585,0.584,0.584,0.584,0.584,0.585,0.585,0.586,0.586,0.587,0.588,0.589,0.59,0.59,0.591,0.593,0.594,0.596,0.597,0.598,0.599,0.6,0.601,0.601,0.603,0.603,0.604,0.605,0.606,0.607,0.608,0.611,0.612,0.615,0.616,0.618,0.62,0.622,0.623,0.625,0.625,0.626,0.626,0.626,0.626,0.626,0.626,0.626,0.627,0.626,0.626,0.626,0.627,0.627,0.627,0.628,0.628,0.628,0.629,0.63,0.63,0.63,0.631,0.632,0.632,0.632,0,0,0,0,0,0,0,1.101,1.099,1.099,1.099,1.097,1.092,1.092,1.09,1.088,1.084,1.08,1.078,1.074,1.076,1.076,1.074,1.074,1.074,1.074,1.069,1.065,1.06,1.051,1.042,1.033,1.024,1.016,1.009,1.003,0.998,0.994,0.993,0.991,0.985,0.974,0,0,0,0.923,0.909,0.88,0.875,0.866,0.861,0.858,0.856,0.852,0.85,0.848,0.845,0.844,0.842,0.84,0.838,0.837,0.837,0.837,0.837,0.836,0.836,0.836,0.836,0.835,0.834,0.833,0.83,0.829,0.828,0.827,0.826,0.825,0.825,0.825,0.824,0.824,0.823,0.822,0.819,0.816,0.815,0.814,0.811,0.809,0.808,0.805,0.805,0.805,0.805,0.805,0.807,0.808,0.809,0.809,0.811,0.811,0.813,0.813,0.814,0.816,0.818,0.819,0.821,0.819,0.821,0.822,0.823,0.825,0.827,0.829,0.832,0.833,0.833,0.833,0.833,0.832,0.83,0.828,0.826,0.826,0.827,0.827,0.829,0.834,0.84,0.844,0.85,0,0,0,0,0,0,0,0,0,1.095,1.103,1.107,1.121,1.128,1.128,1.128,1.132,1.136,1.136,1.138,1.138,1.136,1.136,1.14,1.14,1.14,0,0,0,0,0,0,0,0,0,0.85,0.85,0.851,0.852,0.852,0.852,0.852,0.851,0.851,0.851,0.851,0.851,0.851,0.851,0.851,0.848,0,0,0,0,0,0,0,0,0,0.749,0.751,0.75,0.751,0.752,0.752,0.751,0.752,0.751,0.753,0.756,0.759,0.762,0.766,0.769,0,0,0,0,0,0,0,0,0,0,0,0,1.099,1.095,1.09,1.082,1.076,1.069,1.063,1.056,1.051,1.045,1.04,1.036,1.033,1.028,1.026,1.023,1.019,1.016,1.014,1.012,1.009,1.006,1.004,1.003,1.003,1.003,0,0,0,0
0,0,0,0,0,0,0,0,0,0,0,0,0,0,0,0,0,0,0,0,0,0,0,0,0,0,0,0,0,0,0,0,0.738,0.738,0.738,0.738,0.737,0.738,0.737,0.737,0.737,0.736,0.736,0.735,0.733,0.732,0.732,0.73,0.728,0.726,0.726,0.726,0.725,0.725,0.723,0.724,0.724,0.724,0.724,0.723,0.723,0.723,0.723,0.723,0.723,0.724,0.725,0.726,0.726,0.727,0.728,0.729,0.73,0.731,0.732,0.732,0.732,0.733,0.734,0.736,0,0,0,1.099,1.099,1.099,1.099,1.099,1.099,1.097,1.097,1.097,1.097,1.099,1.099,1.099,1.101,1.103,1.107,1.109,1.113,1.115,1.119,1.124,1.126,1.13,1.134,1.136,1.138,1.142,1.144,1.147,1.149,1.149,1.151,1.153,1.155,1.16,1.162,1.168,1.171,1.175,1.182,1.189,1.196,1.203,1.21,1.215,1.222,1.227,1.232,1.234,1.237,1.239,1.239,1.239,1.239,1.242,1.242,1.242,0,0,0,0,0,0,0,0,0,0,0,0,0,0,0,0,0,0,0,0,0,0,0,0,0,0.496,0.495,0.494,0.493,0.493,0.492,0.491,0.491,0.49,0.49,0.49,0.49,0.49,0.49,0.49,0.491,0.492,0.492,0.493,0.494,0.494,0.495,0.496,0.496,0.498,0.498,0.499,0.5,0.501,0.502,0.503,0.504,0.505,0.506,0.507,0.508,0.509,0.51,0.51,0.511,0.511,0.511,0.511,0.512,0.512,0.512,0.512,0.512,0.512,0.513,0.513,0.513,0.515,0.516,0.517,0.519,0.521,0.523,0.525,0.528,0.531,0.534,0.536,0.538,0.54,0.541,0.542,0.544,0.544,0.545,0.546,0.548,0.549,0.551,0.552,0.554,0.556,0.557,0.559,0.56,0.562,0.563,0.564,0.566,0.567,0.568,0.569,0.57,0.57,0.571,0.571,0.571,0.572,0.572,0.572,0.572,0.572,0.572,0.572,0.572,0.572,0.572,0.572,0.572,0.572,0.572,0.572,0.573,0.574,0.575,0.578,0.581,0.586,0.59,0.595,0.6,0.604,0.607,0.609,0.611,0.612,0.613,0.613,0.615,0.616,0.617,0.618,0.619,0.62,0.621,0.623,0.623,0.623,0.623,0.623,0.622,0.621,0.619,0.618,0.616,0.613,0.612,0.609,0.607,0.604,0.602,0.6,0.598,0.596,0.595,0.592,0.591,0.589,0.588,0.586,0.585,0.584,0.583,0.583,0.583,0.582,0.582,0.582,0.582,0.582,0.583,0.583,0.584,0.584,0.585,0.586,0.587,0.588,0.589,0.59,0.592,0.593,0.595,0.596,0.597,0.598,0.599,0.6,0.6,0.601,0.602,0.603,0.604,0.605,0.607,0.608,0.609,0.612,0.613,0.615,0.616,0.618,0.62,0.62,0.621,0.622,0.623,0.623,0.623,0.623,0.624,0.624,0.624,0.624,0.625,0.625,0.625,0.625,0.626,0.626,0.626,0.626,0.627,0.628,0.628,0.629,0.63,0.63,0.631,0.631,0,0,0,0,0,0,0,1.103,1.101,1.101,1.095,1.09,1.082,1.076,1.073,1.065,1.063,1.058,1.052,1.052,1.054,1.054,1.052,1.052,1.054,0,1.051,1.047,1.04,1.029,1.019,1.012,1.006,0.998,0.99,0.985,0.98,0.979,0.974,0.972,0.966,0.951,0.943,0,0,0.904,0.892,0.883,0.873,0.864,0.862,0.86,0.857,0.854,0.851,0.85,0.848,0.847,0.844,0.842,0.841,0.84,0.838,0.838,0.837,0.836,0.835,0.835,0.835,0.834,0.833,0.83,0.829,0.827,0.826,0.825,0.825,0.824,0.823,0.824,0.823,0.822,0.821,0.819,0.817,0.814,0.812,0.811,0.808,0.805,0.803,0.8,0.8,0.8,0.801,0.801,0.802,0.804,0.804,0.804,0.805,0.805,0.807,0.808,0.808,0.811,0.812,0.813,0.814,0.815,0.816,0.817,0.819,0.822,0.825,0.827,0.829,0.83,0.832,0.832,0.832,0.83,0.829,0.827,0.826,0.826,0.825,0.827,0.827,0.833,0.835,0.841,0.844,0.848,0.854,0,0,0,0,0,0,1.105,1.119,1.117,1.119,1.126,1.126,1.126,1.124,1.126,1.128,1.126,1.126,1.126,1.124,1.121,1.126,1.128,1.128,0,0,0,0,0,0,0,0,0,0.854,0.855,0.855,0.855,0.855,0.855,0.854,0.854,0.852,0.852,0.854,0.854,0.854,0.854,0.854,0.852,0.845,0,0,0,0,0,0,0,0,0,0.742,0.742,0.742,0.742,0.743,0.743,0.744,0.744,0.747,0.749,0.751,0.754,0.758,0.762,0,0,0,0,0,0,0,0,0,0,0,0,0,0,1.084,1.076,1.069,0,1.052,1.043,1.036,1.031,1.026,1.023,1.019,1.017,1.014,1.012,1.011,1.009,1.007,1.004,1.003,1.001,0.999,0.998,0.998,0.998,0.996,0,0,0
0,0,0,0,0,0,0,0,0,0,0,0,0,0,0,0,0,0,0,0,0,0,0,0,0,0,0,0,0,0,0,0,0.737,0.737,0.737,0.737,0.736,0.736,0.736,0.736,0.735,0.734,0.733,0.732,0.732,0.731,0.729,0.727,0.726,0.725,0.724,0.723,0.723,0.723,0.721,0.722,0.722,0.721,0.721,0.721,0.72,0.72,0.72,0.72,0.72,0.72,0.722,0.723,0.725,0.725,0.726,0.726,0.728,0.729,0.729,0.731,0.731,0.732,0,0,0,0,0,1.099,1.099,1.099,1.099,1.097,1.097,1.097,1.097,1.097,1.097,1.099,1.099,1.099,1.101,1.105,1.107,1.109,1.111,1.113,1.117,1.119,1.126,1.128,1.13,1.134,1.136,1.14,1.142,1.144,1.147,1.149,1.151,1.155,1.157,1.16,1.166,1.168,1.175,1.18,1.184,1.193,1.198,1.207,1.212,1.219,1.222,1.227,1.232,1.234,1.237,1.237,1.239,1.239,1.239,1.239,1.239,1.239,1.239,0,0,0,0,0,0,0,0,0,0,0,0,0,0,0,0,0,0,0,0,0,0,0,0,0.498,0.497,0.496,0.495,0.494,0.494,0.493,0.492,0.492,0.491,0.49,0.49,0.49,0.491,0.491,0.492,0.492,0.493,0.494,0.494,0.495,0.496,0.496,0.497,0.498,0.498,0.499,0.5,0.501,0.502,0.503,0.504,0.505,0.506,0.507,0.508,0.509,0.51,0.511,0.511,0.512,0.512,0.512,0.512,0.513,0.513,0.513,0.513,0.513,0.513,0.514,0.515,0.516,0.517,0.518,0.52,0.522,0.524,0.527,0.53,0.533,0.535,0.537,0.539,0.541,0.542,0.543,0.544,0.545,0.546,0.547,0.548,0.55,0.551,0.553,0.555,0.556,0.558,0.56,0.561,0.563,0.564,0.565,0.567,0.568,0.569,0.57,0.57,0.571,0.571,0.572,0.572,0.572,0.572,0.572,0.572,0.572,0.572,0.572,0.572,0.572,0.572,0.572,0.572,0.572,0.572,0.573,0.573,0.574,0.575,0.578,0.582,0.586,0.591,0.596,0.601,0.605,0.608,0.611,0.612,0.613,0.614,0.615,0.616,0.616,0.618,0.62,0.62,0.621,0.622,0.623,0.623,0.624,0.624,0.623,0.622,0.621,0.62,0.618,0.616,0.614,0.612,0.609,0.607,0.604,0.602,0.6,0.598,0.596,0.594,0.592,0.59,0.589,0.588,0.586,0.585,0.584,0.583,0.582,0.581,0.581,0.58,0.58,0.58,0.58,0.581,0.581,0.581,0.582,0.583,0.584,0.585,0.586,0.587,0.589,0.59,0.591,0.593,0.594,0.595,0.596,0.597,0.597,0.598,0.598,0.6,0.6,0.601,0.603,0.604,0.605,0.606,0.608,0.61,0.611,0.612,0.614,0.616,0.617,0.618,0.619,0.62,0.62,0.62,0.621,0.621,0.622,0.622,0.622,0.623,0.623,0.623,0.624,0.624,0.625,0.625,0.626,0.626,0.626,0.627,0.628,0.629,0.629,0.63,0.629,0,0,0,0,0,0,0,0,1.094,1.086,1.078,1.071,1.06,1.052,1.047,1.038,1.035,1.029,1.028,1.026,1.026,1.029,1.028,1.026,1.028,1.028,1.026,1.021,1.016,1.006,0.999,0.993,0.988,0.98,0.974,0.969,0.966,0.965,0.96,0.956,0.948,0.937,0.926,0,0.904,0.891,0.883,0.875,0.87,0.866,0.863,0.861,0.86,0.856,0.855,0.852,0.85,0.849,0.847,0.844,0.843,0.842,0.841,0.84,0.838,0.837,0.835,0.835,0.834,0.833,0.83,0.829,0.827,0.826,0.825,0.824,0.824,0.823,0.822,0.823,0.822,0.821,0.819,0.817,0.815,0.812,0.809,0.805,0.803,0.801,0.799,0.797,0.797,0.797,0.797,0.799,0.8,0.801,0.801,0.802,0.802,0.802,0.803,0.803,0.804,0.805,0.807,0.808,0.81,0.811,0.813,0.814,0.816,0.818,0.822,0.824,0.827,0.828,0.829,0.83,0.829,0.829,0.828,0.827,0.826,0.825,0.825,0.826,0.826,0.829,0.83,0.834,0.835,0.837,0.841,0,0,0,0,0,0,1.115,1.117,1.117,1.119,1.124,1.124,1.124,1.121,1.124,1.124,1.124,1.121,1.119,1.119,1.119,1.121,1.124,1.124,0,0,0,0,0,0,0,0,0,0.86,0.86,0.858,0.858,0.858,0.857,0.856,0.855,0.855,0.855,0.855,0.856,0.856,0.856,0.856,0.857,0.854,0,0,0,0,0,0,0,0,0,0,0.74,0.74,0.739,0.74,0.739,0.74,0.74,0.741,0.743,0.745,0.749,0.752,0.765,0.771,0.779,0,0,0,0,0,0,0,0,0,0,0,0,0,0,1.06,1.049,1.04,1.033,1.024,1.019,1.016,1.011,1.007,1.004,1.004,1.003,1.001,1.001,0.999,0.999,0.998,0.998,0.996,0.994,0.994,0.993,0.991,0.991,0,0
0,0,0,0,0,0,0,0,0,0,0,0,0,0,0,0,0,0,0,0,0,0,0,0,0,0,0,0,0,0,0,0,0,0,0,0.735,0.734,0.734,0.734,0.734,0.733,0.732,0.732,0.732,0.73,0.729,0.727,0.726,0.724,0.723,0.722,0.721,0.72,0.72,0.72,0.72,0.72,0.72,0.72,0.72,0.719,0.718,0.718,0.718,0.718,0.718,0.719,0.72,0.722,0.722,0.724,0.725,0.726,0.726,0.727,0.728,0.728,0.729,0,0,0,0,0,1.099,1.099,1.099,1.099,1.099,1.097,1.097,1.097,1.097,1.097,1.099,1.099,1.099,1.101,1.103,1.105,1.107,1.109,1.113,1.115,1.117,1.121,1.124,1.128,1.132,1.134,1.138,1.142,1.144,1.149,1.151,1.153,1.155,1.16,1.164,1.166,1.173,1.177,1.182,1.189,1.196,1.203,1.21,1.215,1.219,1.222,1.227,1.232,1.234,1.234,1.234,1.237,1.237,1.237,1.237,1.237,1.239,0,0,0,0,0,0,0,0,0,0,0,0,0,0,0,0,0,0,0,0,0,0,0,0,0,0.5,0.499,0.498,0.498,0.496,0.496,0.494,0.494,0.493,0.492,0.492,0.492,0.492,0.492,0.492,0.493,0.494,0.494,0.495,0.495,0.496,0.496,0.497,0.497,0.498,0.498,0.499,0.5,0.501,0.502,0.503,0.504,0.505,0.507,0.508,0.509,0.51,0.51,0.511,0.512,0.512,0.513,0.513,0.513,0.513,0.514,0.514,0.514,0.514,0.515,0.515,0.516,0.517,0.519,0.52,0.522,0.523,0.526,0.529,0.531,0.534,0.536,0.538,0.54,0.541,0.542,0.543,0.544,0.545,0.546,0.547,0.549,0.55,0.552,0.553,0.555,0.557,0.559,0.561,0.562,0.563,0.565,0.566,0.567,0.569,0.57,0.571,0.571,0.572,0.572,0.572,0.572,0.573,0.572,0.572,0.572,0.572,0.572,0.572,0.572,0.572,0.572,0.572,0.572,0.572,0.572,0.573,0.573,0.574,0.575,0.578,0.581,0.586,0.591,0.596,0.601,0.606,0.61,0.612,0.613,0.615,0.615,0.616,0.617,0.618,0.618,0.62,0.62,0.621,0.623,0.623,0.623,0.623,0.623,0.623,0.622,0.621,0.62,0.618,0.616,0.614,0.611,0.609,0.606,0.604,0.601,0.599,0.597,0.596,0.594,0.592,0.59,0.589,0.587,0.586,0.585,0.584,0.583,0.581,0.581,0.58,0.58,0.58,0.579,0.579,0.579,0.58,0.58,0.58,0.581,0.583,0.583,0.584,0.586,0.587,0.588,0.59,0.591,0.593,0.593,0.594,0.595,0.596,0.596,0.597,0.597,0.598,0.599,0.6,0.601,0.602,0.603,0.604,0.606,0.607,0.609,0.611,0.612,0.613,0.615,0.616,0.616,0.618,0.618,0.619,0.62,0.62,0.621,0.621,0.621,0.621,0.622,0.623,0.623,0.624,0.624,0.625,0.625,0.626,0.626,0.626,0.628,0.627,0.628,0.628,0.628,0,0,0,0,0,0,0,0,1.071,1.06,1.051,1.038,1.029,1.021,1.012,1.007,1.006,1.003,1.001,1.001,1.003,1.001,1.001,1.001,1.001,1.001,0.998,0,0.985,0.98,0.974,0.971,0.965,0.96,0.957,0.954,0.953,0.95,0.944,0.935,0.926,0,0.906,0.897,0.887,0.878,0.873,0.87,0.868,0.866,0.863,0.861,0.858,0.856,0.854,0.851,0.85,0.849,0.847,0.844,0.843,0.842,0.841,0.84,0.837,0.836,0.835,0.834,0.832,0.829,0.828,0.826,0.825,0.824,0.823,0.822,0.821,0.821,0.822,0.821,0.819,0.817,0.815,0.812,0.81,0.807,0.803,0.8,0.798,0.795,0.794,0.793,0.794,0.794,0.796,0.797,0.798,0.799,0.799,0.799,0.799,0.8,0.801,0.801,0.802,0.803,0.804,0.807,0.808,0.81,0.811,0.813,0.815,0.818,0.822,0.824,0.826,0.827,0.828,0.829,0.829,0.829,0.827,0.827,0.826,0.826,0.826,0.827,0.829,0.832,0.835,0.836,0.838,0.841,0,0,0,0,0,0,1.113,1.113,1.115,1.117,1.121,1.121,1.121,1.119,1.121,1.119,1.117,1.113,1.113,1.113,1.113,1.113,1.115,1.115,0,0,0,0,0,0,0,0,0.867,0.866,0.864,0.863,0.862,0.861,0.86,0.858,0.857,0.857,0.856,0.857,0.858,0.858,0.858,0.861,0.861,0.861,0.858,0,0,0,0,0,0,0,0,0,0,0.74,0.74,0.737,0.737,0.736,0.736,0.737,0.74,0.741,0,0.761,0.772,0.781,0.793,0.819,0,0,0,0,0,0,0,0,0,0,0,0,0,0,1.04,1.029,1.023,1.016,1.009,1.006,1.003,1.001,0.998,0.996,0.996,0.994,0.993,0.993,0.991,0.99,0.99,0.99,0.988,0.988,0.988,0.988,0.988,0,0
0,0,0,0,0,0,0,0,0,0,0,0,0,0,0,0,0,0,0,0,0,0,0,0,0,0,0,0,0,0,0,0,0,0.735,0.734,0.733,0.733,0.732,0.732,0.732,0.732,0.732,0.731,0.729,0.728,0.727,0.726,0.724,0.722,0.72,0,0,0.719,0.719,0.718,0.719,0.719,0.718,0.718,0.718,0.717,0.716,0.716,0.716,0.716,0.717,0.718,0.718,0.719,0.72,0.721,0.722,0.723,0.724,0.725,0.726,0.726,0.726,0.726,0.727,0.728,0.729,0,1.099,1.099,1.097,1.097,1.097,1.097,1.097,1.097,1.097,1.097,1.099,1.099,1.099,1.101,1.103,1.105,1.107,1.107,1.111,1.113,1.115,1.119,1.121,1.126,1.128,1.132,1.136,1.14,1.144,1.149,1.151,1.153,1.155,1.16,1.164,1.171,1.175,1.18,1.186,1.191,1.198,1.205,1.212,1.217,1.222,1.224,1.227,1.229,1.232,1.232,1.234,1.234,1.234,1.234,1.237,1.237,1.237,1.237,0,0,0,0,0,0,0,0,0,0,0,0,0,0,0,0,0,0,0,0,0,0,0,0,0,0.503,0.502,0.5,0.499,0.498,0.496,0.495,0.495,0.494,0.493,0.493,0.493,0.494,0.494,0.494,0.495,0.495,0.496,0.496,0.496,0.497,0.498,0.498,0.498,0.499,0.499,0.5,0.501,0.502,0.503,0.505,0.506,0.507,0.508,0.509,0.51,0.511,0.512,0.513,0.513,0.513,0.513,0.514,0.514,0.515,0.515,0.515,0.515,0.516,0.517,0.518,0.519,0.52,0.522,0.523,0.526,0.528,0.53,0.533,0.535,0.537,0.539,0.541,0.542,0.543,0.544,0.545,0.546,0.547,0.548,0.549,0.551,0.552,0.554,0.556,0.558,0.559,0.561,0.563,0.564,0.566,0.567,0.569,0.57,0.57,0.571,0.572,0.572,0.572,0.572,0.573,0.573,0.573,0.572,0.573,0.572,0.572,0.572,0.572,0.572,0.572,0.572,0.572,0.572,0.572,0.572,0.573,0.574,0.575,0.577,0.581,0.585,0.59,0.596,0.601,0.605,0.61,0.613,0.614,0.615,0.616,0.617,0.618,0.618,0.619,0.62,0.621,0.621,0.623,0.623,0.624,0.624,0.624,0.623,0.623,0.622,0.62,0.619,0.616,0.614,0.612,0.609,0.606,0.603,0.6,0.598,0.597,0.595,0.593,0.592,0.59,0.589,0.587,0.586,0.585,0.584,0.583,0.581,0.58,0.58,0.579,0.579,0.578,0.578,0.578,0.578,0.578,0.579,0.58,0.58,0.581,0.583,0.584,0.585,0.586,0.588,0.589,0.59,0.591,0.593,0.593,0.594,0.594,0.595,0.596,0.596,0.597,0.598,0.599,0.6,0.601,0.601,0.603,0.604,0.605,0.607,0.609,0.61,0.612,0.613,0.614,0.615,0.616,0.616,0.618,0.618,0.619,0.619,0.62,0.62,0.621,0.621,0.622,0.623,0.623,0.624,0.625,0.625,0.626,0.626,0.626,0.626,0.627,0.627,0.628,0.628,0,0,0,0,0,0,0,1.047,0,0,0,0,0,0.988,0.983,0.98,0.979,0.977,0.977,0.979,0.977,0.975,0.977,0.977,0.977,0.974,0,0,0.963,0.959,0.956,0.953,0.948,0.944,0.944,0.943,0.938,0.934,0.927,0.919,0.912,0.904,0.897,0.888,0.88,0.875,0.873,0.869,0.867,0.864,0.863,0.86,0.857,0.856,0.854,0.852,0.85,0.849,0.847,0.844,0.843,0.841,0.84,0.837,0.836,0.835,0.834,0.832,0.829,0.828,0.826,0.825,0.824,0.823,0.822,0.821,0.821,0.821,0.819,0.818,0.816,0.814,0.811,0.808,0.804,0.801,0.797,0.795,0.793,0.79,0.791,0.791,0.791,0.793,0.794,0.795,0.795,0.796,0.796,0.796,0.796,0,0.797,0.798,0.799,0.8,0.802,0.803,0.807,0.808,0.811,0.812,0.815,0.818,0.822,0.824,0.826,0.827,0.829,0.829,0.829,0.827,0.827,0.826,0.827,0.827,0.828,0.83,0.832,0.835,0.837,0.838,0.842,0.843,0,0,0,0,0,1.111,1.109,1.111,1.113,1.119,1.117,1.117,1.115,1.115,1.113,1.109,1.109,1.107,1.107,1.107,1.109,1.113,1.111,0,0,0,0,0,0,0,0.873,0.872,0.869,0.867,0.866,0.864,0.863,0.862,0.861,0.86,0.858,0.858,0.86,0.86,0.861,0.862,0.863,0.864,0.867,0.868,0,0,0,0,0,0,0,0,0,0,0.752,0.746,0.74,0.737,0.734,0.735,0.735,0.737,0.74,0.741,0.745,0,0.762,0.795,0,0,0,0,0,0,0,0,0,0,0,0,0,0,0,1.029,1.023,1.016,1.009,1.004,1.001,0.998,0.994,0.991,0.988,0.988,0.986,0.985,0.983,0.982,0.982,0.982,0.982,0.982,0.98,0.982,0.982,0,0,0
0,0,0,0,0,0,0,0,0,0,0,0,0,0,0,0,0,0,0,0,0,0,0,0,0,0,0,0,0,0,0,0,0,0,0.732,0.732,0.731,0.731,0.731,0.731,0.73,0.73,0.729,0.727,0.727,0.726,0.725,0.723,0.721,0.72,0.719,0.718,0.717,0.717,0.717,0.717,0.717,0.717,0.717,0.717,0.716,0.716,0.716,0.715,0.715,0.716,0.717,0.717,0.717,0.718,0.719,0.72,0.721,0.722,0.722,0.723,0.723,0.724,0.725,0.725,0.726,0,0,1.095,1.097,0,1.097,0,1.097,1.095,1.097,1.097,1.097,1.099,1.099,1.099,1.101,1.103,1.105,1.105,1.107,1.111,1.113,1.115,1.117,1.121,1.124,1.128,1.132,1.136,1.14,1.144,1.149,1.151,1.153,1.157,1.16,1.166,1.171,1.177,1.184,1.189,1.196,1.203,1.21,1.215,1.217,1.222,1.224,1.227,1.229,1.229,1.229,1.232,1.232,1.232,1.232,1.234,1.234,1.234,0,0,0,0,0,0,0,0,0,0,0,0,0,0,0,0,0,0,0,0,0,0,0,0,0,0.509,0.507,0.505,0.503,0.501,0.5,0.498,0.497,0.496,0.496,0.495,0.494,0.494,0.495,0.495,0.495,0.496,0.496,0.496,0.497,0.497,0.497,0.498,0.498,0.498,0.499,0.499,0.5,0.501,0.502,0.503,0.505,0.506,0.507,0.509,0.51,0.511,0.512,0.513,0.513,0.513,0.514,0.514,0.515,0.516,0.516,0.516,0.516,0.516,0.517,0.518,0.519,0.52,0.522,0.523,0.525,0.528,0.53,0.532,0.534,0.536,0.538,0.54,0.541,0.542,0.543,0.544,0.545,0.546,0.547,0.549,0.55,0.551,0.553,0.555,0.556,0.558,0.56,0.562,0.564,0.565,0.567,0.568,0.57,0.571,0.571,0.572,0.572,0.573,0.573,0.573,0.573,0.573,0.573,0.573,0.573,0.572,0.572,0.572,0.572,0.572,0.572,0.572,0.572,0.572,0.572,0.572,0.573,0.573,0.574,0.576,0.58,0.584,0.589,0.595,0.6,0.605,0.61,0.613,0.615,0.616,0.617,0.618,0.618,0.618,0.619,0.62,0.621,0.622,0.623,0.623,0.624,0.624,0.624,0.624,0.623,0.622,0.62,0.619,0.616,0.614,0.612,0.609,0.606,0.603,0.6,0.598,0.597,0.595,0.593,0.591,0.59,0.589,0.587,0.585,0.584,0.584,0.582,0.581,0.58,0.579,0.579,0.578,0.578,0.577,0.577,0.577,0.578,0.578,0.578,0.579,0.58,0.581,0.583,0.584,0.585,0.586,0.588,0.589,0.59,0.591,0.591,0.592,0.593,0.593,0.594,0.594,0.595,0.596,0.597,0.598,0.599,0.6,0.6,0.601,0.603,0.604,0.605,0.607,0.608,0.61,0.611,0.613,0.613,0.614,0.615,0.616,0.617,0.618,0.618,0.619,0.62,0.621,0.621,0.621,0.622,0.623,0.623,0.624,0.625,0.625,0.625,0.626,0.626,0.626,0.626,0.626,0.626,0,0,0,0,0,0,0,0,0,0,0,0.969,0.965,0.959,0.957,0.956,0.954,0.954,0.953,0.953,0.953,0.954,0,0.954,0.953,0.953,0,0.947,0.944,0.943,0.941,0.941,0.938,0.937,0.935,0.934,0.93,0.924,0.919,0.912,0.905,0.898,0.889,0.884,0.879,0.874,0.872,0.868,0.866,0.863,0.86,0.858,0.856,0.855,0.852,0.851,0.849,0.848,0.847,0.844,0.843,0.841,0.838,0.837,0.836,0.834,0.833,0.83,0.828,0.827,0.826,0.825,0.823,0.822,0.821,0.821,0.819,0.819,0.817,0.816,0.813,0.81,0.805,0.802,0.799,0.795,0.792,0.79,0.789,0.787,0.787,0.788,0.789,0.79,0.791,0.792,0.792,0.791,0.791,0.792,0.792,0.793,0.794,0.795,0.796,0.798,0.8,0.802,0.804,0.807,0.809,0.812,0.815,0.819,0.822,0.824,0.826,0.828,0.829,0.829,0.828,0.828,0.827,0.828,0.828,0.828,0.83,0.834,0.836,0.838,0.84,0.842,0.843,0,0,0,0,0,1.107,1.107,1.109,1.109,1.113,1.113,1.111,1.109,1.109,1.105,1.103,1.099,1.099,1.099,1.099,1.101,1.107,1.105,0,0,0,0,0,0,0.877,0.874,0.874,0.872,0.87,0.869,0.867,0.866,0.864,0.863,0.862,0.861,0.861,0.861,0.862,0.863,0.864,0.866,0.867,0.869,0.87,0.872,0,0,0,0,0,0,0,0,0,0.767,0.755,0.74,0.737,0.733,0.733,0.734,0.735,0.737,0.74,0.743,0,0,0,0,0,0,0,0,0,0,0,0,0,0,0,0,0,0,0,0,0,1.003,0.998,0.994,0.991,0.988,0.985,0.983,0.98,0.977,0.975,0.975,0.974,0.974,0.974,0.974,0.974,0.974,0.975,0.977,0.979,0.98,0
0,0,0,0,0,0,0,0,0,0,0,0,0,0,0,0,0,0,0,0,0,0,0,0,0,0,0,0,0,0,0,0,0,0,0,0,0.729,0.729,0.729,0.729,0.728,0.728,0.726,0.726,0.726,0.725,0.723,0.721,0.72,0.719,0.718,0.716,0.716,0.715,0.715,0.715,0.715,0.715,0.715,0.716,0.716,0.715,0.716,0.715,0.715,0.716,0.716,0.716,0.716,0.717,0.718,0.718,0.72,0.72,0.72,0.72,0.72,0.722,0.722,0.722,0.723,0,0,1.094,0,0,0,1.095,1.095,1.095,1.095,1.097,1.095,1.095,1.097,1.097,1.099,1.101,1.103,1.105,1.107,1.109,1.111,1.113,1.117,1.121,1.124,1.128,1.132,1.136,1.14,1.144,1.149,1.153,1.155,1.157,1.162,1.166,1.173,1.18,1.184,1.191,1.198,1.205,1.21,1.215,1.219,1.222,1.224,1.224,1.227,1.227,1.227,1.229,1.229,1.229,1.229,1.232,1.232,1.232,1.234,0,0,0,0,0,0,0,0,0,0,0,0,0,0,0,0,0,0,0,0,0,0,0,0.515,0.512,0.51,0.507,0.505,0.503,0.501,0.5,0.498,0.498,0.497,0.496,0.496,0.496,0.496,0.496,0.496,0.497,0.497,0.498,0.498,0.498,0.498,0.498,0.498,0.499,0.499,0.499,0.5,0.501,0.502,0.503,0.505,0.506,0.508,0.509,0.51,0.511,0.512,0.513,0.513,0.514,0.514,0.515,0.515,0.516,0.516,0.517,0.517,0.518,0.519,0.519,0.52,0.522,0.524,0.525,0.527,0.529,0.532,0.533,0.535,0.537,0.539,0.54,0.542,0.543,0.544,0.545,0.546,0.547,0.548,0.549,0.551,0.552,0.554,0.555,0.557,0.559,0.561,0.563,0.565,0.566,0.568,0.569,0.571,0.571,0.572,0.572,0.573,0.573,0.573,0.573,0.574,0.573,0.573,0.573,0.573,0.573,0.572,0.572,0.572,0.572,0.572,0.572,0.572,0.572,0.572,0.572,0.573,0.573,0.574,0.576,0.579,0.584,0.589,0.594,0.6,0.605,0.61,0.615,0.616,0.617,0.618,0.618,0.618,0.619,0.62,0.621,0.622,0.623,0.623,0.623,0.624,0.625,0.625,0.624,0.623,0.623,0.621,0.619,0.617,0.615,0.612,0.609,0.607,0.603,0.6,0.598,0.597,0.595,0.594,0.591,0.59,0.589,0.587,0.586,0.585,0.583,0.582,0.58,0.579,0.578,0.578,0.577,0.577,0.576,0.575,0.575,0.576,0.577,0.577,0.578,0.579,0.58,0.581,0.582,0.584,0.585,0.586,0.587,0.588,0.589,0.59,0.59,0.591,0.591,0.592,0.593,0.594,0.595,0.595,0.596,0.596,0.597,0.598,0.599,0.6,0.602,0.603,0.604,0.606,0.607,0.608,0.61,0.611,0.612,0.613,0.614,0.615,0.616,0.616,0.618,0.618,0.619,0.62,0.62,0.621,0.622,0.622,0.623,0.623,0.624,0.625,0.625,0.625,0.625,0.626,0.626,0.625,0.625,0,0,0,0,0,0,0,0,0.951,0.947,0.94,0.938,0.937,0.938,0.938,0.937,0.938,0.94,0.941,0.941,0.943,0.944,0.944,0.944,0.944,0.943,0.941,0.94,0.938,0.937,0.935,0.935,0.934,0.933,0.93,0.927,0.923,0.916,0.912,0.906,0.9,0.893,0.887,0.88,0.877,0.874,0.869,0.867,0.863,0.861,0.858,0.856,0.855,0.854,0.851,0.85,0.848,0.847,0.845,0.844,0.842,0.841,0.838,0.837,0.835,0.834,0.832,0.829,0.827,0.826,0.825,0.823,0.823,0.821,0.821,0.819,0.819,0.816,0.815,0.812,0.809,0.805,0.801,0.798,0.794,0.79,0.789,0.786,0.785,0.785,0.785,0.786,0.787,0.788,0.788,0.788,0.788,0.787,0.788,0.788,0.789,0.79,0.791,0.792,0.794,0.796,0.798,0.8,0.803,0.805,0.809,0.813,0.816,0.819,0.823,0.825,0.827,0.828,0.829,0.828,0.828,0.829,0.83,0.829,0.83,0.832,0.834,0.836,0.838,0.84,0.842,0.843,0,0,0,0,0,0,1.107,1.107,1.107,1.111,1.111,1.107,1.103,1.103,1.099,1.097,1.094,1.094,1.095,1.092,1.09,1.099,0,0,0,0,0,0,0.878,0.878,0.877,0.875,0.874,0.873,0.872,0.87,0.868,0.867,0.864,0.863,0.863,0.862,0.862,0.863,0.864,0.866,0.867,0.868,0.869,0.872,0.873,0.874,0.875,0.875,0,0,0,0,0,0,0,0,0.737,0.735,0.732,0.732,0.732,0.734,0.736,0.74,0.741,0,0,0,0,0,0,0,0,0,0,0,0.788,0.786,0.784,0.783,0.782,0.781,0.78,0.781,0,0,0.998,0.994,0.99,0.986,0.983,0.98,0.977,0.974,0.969,0.968,0.966,0.965,0.965,0.965,0.966,0.966,0.968,0.969,0.971,0.974,0.975,0.977
0,0,0,0,0,0,0,0,0,0,0,0,0,0,0,0,0,0,0,0,0,0,0,0,0,0,0,0,0,0,0,0,0,0,0,0,0,0.727,0.726,0.726,0.726,0.726,0.726,0.725,0.724,0.724,0.722,0.72,0.719,0.717,0.716,0.715,0.715,0.714,0.714,0.714,0.714,0.715,0.715,0.715,0.715,0.715,0.715,0.715,0.715,0.715,0.715,0.715,0.715,0.715,0.715,0.716,0.717,0.718,0.718,0.719,0.72,0.72,0.721,0.721,0.722,0.722,0,0,0,0,0,1.092,1.092,1.094,1.094,1.094,1.095,1.095,1.097,1.097,1.099,1.103,1.103,1.105,1.107,1.109,1.111,1.113,1.117,1.119,1.124,1.128,1.132,1.136,1.14,1.147,1.149,1.153,1.155,1.16,1.162,1.168,1.173,1.182,1.186,1.193,1.2,1.205,1.212,1.215,1.219,1.219,1.222,1.224,1.224,1.224,1.227,1.227,1.227,1.227,1.227,1.229,1.229,1.229,1.229,0,0,0,0,0,0,0,0,0,0,0,0,0,0,0,0,0,0,0,0,0,0,0,0,0,0.512,0.509,0.507,0.505,0.503,0.501,0.5,0.499,0.498,0.498,0.498,0.498,0.498,0.498,0.498,0.498,0.498,0.498,0.498,0.498,0.498,0.498,0.499,0.499,0.499,0.5,0.5,0.501,0.502,0.504,0.505,0.507,0.508,0.51,0.511,0.512,0.513,0.513,0.514,0.515,0.515,0.516,0.516,0.517,0.518,0.518,0.519,0.519,0.52,0.521,0.522,0.524,0.525,0.527,0.529,0.531,0.533,0.535,0.537,0.539,0.54,0.541,0.543,0.544,0.545,0.546,0.547,0.548,0.549,0.55,0.552,0.553,0.554,0.556,0.558,0.56,0.562,0.564,0.565,0.567,0.569,0.57,0.571,0.572,0.573,0.573,0.573,0.574,0.574,0.574,0.574,0.574,0.574,0.574,0.573,0.573,0.573,0.572,0.572,0.572,0.572,0.572,0.572,0.572,0.572,0.572,0.573,0.573,0.574,0.575,0.579,0.583,0.588,0.594,0.599,0.605,0.611,0.615,0.617,0.618,0.619,0.619,0.619,0.62,0.62,0.621,0.621,0,0.623,0.624,0,0,0,0,0,0,0,0.62,0.617,0,0,0,0,0,0.601,0.599,0.597,0.595,0.594,0.592,0.59,0.589,0.587,0.586,0.585,0.584,0.582,0.58,0.579,0.578,0.577,0.575,0.575,0.574,0.574,0.575,0.575,0.575,0.575,0.577,0.577,0.578,0.579,0.58,0.582,0.583,0.584,0.585,0.586,0.587,0.588,0.589,0.589,0.59,0.591,0.591,0.592,0.593,0.593,0.594,0.595,0.596,0.596,0.597,0.598,0.6,0.601,0.602,0.603,0.605,0.605,0.607,0.608,0.61,0.61,0.612,0.613,0.614,0.615,0.616,0.617,0.618,0.618,0.619,0.62,0.621,0.621,0.621,0.623,0.623,0.623,0.624,0.625,0.624,0.625,0.625,0.625,0.625,0.625,0,0,0,0,0,0,0,0.927,0.927,0.924,0.924,0.923,0.926,0.926,0.927,0.928,0.93,0.931,0.934,0.934,0.935,0.937,0.937,0.937,0.937,0.935,0.935,0.934,0.934,0.934,0.933,0.933,0.931,0.928,0.926,0.921,0.916,0.912,0.908,0.902,0.896,0.889,0.884,0.879,0.875,0.87,0.867,0.863,0.861,0.857,0.856,0.855,0.854,0.852,0.85,0.849,0.848,0.847,0.845,0.843,0.842,0.84,0.838,0.837,0.835,0.833,0.83,0.829,0.827,0.825,0.824,0.823,0.822,0.821,0.819,0.818,0.817,0.814,0.812,0.809,0.804,0.8,0.797,0.793,0.789,0.787,0.785,0.783,0.782,0.781,0.782,0.783,0.784,0.784,0.784,0.784,0.783,0.784,0.785,0.786,0.786,0.787,0.788,0.79,0.792,0.795,0.797,0.8,0.802,0.807,0.81,0.814,0.817,0.821,0.823,0.825,0.827,0.828,0.828,0.828,0.829,0.83,0.83,0.832,0.832,0.834,0.837,0.838,0.84,0.842,0.843,0,0,0,0,1.074,0,1.105,1.105,0,0,0,1.101,1.095,1.095,1.094,0,1.084,0,1.086,1.08,1.067,0,0,0,0,0,0.878,0.878,0.878,0.877,0.877,0.877,0.874,0.873,0.872,0.872,0.869,0.867,0.867,0.864,0.863,0.863,0.863,0.864,0.866,0.867,0.868,0.869,0.87,0.873,0.874,0.875,0.875,0.875,0.878,0,0,0.863,0,0.833,0,0,0.74,0.734,0.73,0.731,0.732,0.732,0.734,0.737,0.74,0,0,0,0,0,0,0,0,0,0,0.788,0.785,0.784,0.783,0.781,0.781,0,0.78,0.78,0,0,0,0,0.985,0.98,0.979,0.974,0.969,0.965,0.96,0.957,0.957,0.954,0.954,0.956,0.957,0.959,0.96,0.963,0.965,0.968,0.971,0.971
0,0,0,0,0,0,0,0,0,0,0,0,0,0,0,0,0,0,0,0,0,0,0,0,0,0,0,0,0,0,0,0,0,0,0,0,0.725,0.725,0.726,0.725,0.725,0.725,0.724,0.724,0.723,0.722,0.721,0.72,0.718,0.716,0.715,0.714,0.714,0.713,0.713,0.714,0.714,0.714,0.715,0.715,0.715,0.715,0.715,0.715,0.715,0.715,0.715,0.713,0.714,0.714,0.714,0.714,0.715,0.716,0.716,0.717,0.718,0.719,0.72,0.72,0.72,0.721,0,0,0,1.094,1.092,1.092,1.094,1.094,1.094,1.095,1.095,1.097,1.097,1.099,1.101,1.103,1.105,1.105,1.109,1.111,1.113,1.115,1.117,1.121,1.126,1.13,1.132,1.138,1.142,1.147,1.151,1.153,1.155,1.16,1.164,1.168,1.175,1.182,1.189,1.193,1.2,1.205,1.21,1.215,1.217,1.219,1.222,1.222,1.222,1.222,1.224,1.224,1.224,1.224,1.227,1.229,1.229,0,0,0,0,0,0,0,0,0,0,0,0,0,0,0,0,0,0,0,0,0,0,0.526,0.524,0.521,0.519,0.516,0.513,0.51,0.508,0.505,0.504,0.503,0.501,0.5,0.5,0.499,0.499,0.499,0.499,0.499,0.499,0.499,0.499,0.499,0.499,0.499,0.499,0.499,0.499,0.499,0.5,0.5,0.5,0.501,0.503,0.504,0.506,0.507,0.508,0.51,0.511,0.512,0.513,0.514,0.514,0.515,0.516,0.516,0.517,0.518,0.518,0.519,0.52,0.521,0.521,0.522,0.523,0.525,0.527,0.528,0.531,0.533,0.534,0.536,0.539,0.54,0.541,0.543,0.544,0.545,0.546,0.547,0.548,0.549,0.55,0.551,0.552,0.554,0.555,0.557,0.559,0.56,0.562,0.564,0.566,0.568,0.57,0.571,0.572,0.573,0.573,0.574,0.574,0.574,0.575,0.575,0.575,0.575,0.574,0.574,0.574,0.573,0.573,0.572,0.572,0.572,0.572,0.572,0.572,0.572,0.572,0.572,0.573,0.573,0.574,0.575,0.579,0.583,0.587,0.593,0.599,0,0,0,0,0,0,0,0,0,0,0,0,0,0,0,0,0.815,0.816,0.817,0.818,0.821,0.823,0.827,0,0,0,0,0,0,0,0,0,0,0,0,0.59,0.589,0.588,0.586,0.586,0.584,0.582,0.58,0.578,0.577,0.576,0.575,0.574,0.573,0.573,0.573,0.573,0.573,0.574,0.574,0.575,0.577,0.578,0.579,0.58,0.581,0.582,0.583,0.584,0.585,0.586,0.587,0.588,0.589,0.589,0.59,0.591,0.591,0.592,0.593,0.593,0.594,0.594,0.596,0.596,0.597,0.598,0.6,0.601,0.602,0.603,0.605,0.606,0.607,0.608,0.61,0.611,0.612,0.613,0.615,0.615,0.616,0.616,0.618,0.618,0.619,0.62,0.62,0.621,0.622,0.623,0.623,0.623,0.624,0.623,0.624,0.624,0.624,0.623,0.623,0,0,0,0,0,0,0.913,0.915,0.913,0.913,0.915,0.916,0.919,0.92,0.921,0.923,0.924,0.927,0.928,0.93,0.931,0.933,0.933,0.931,0.934,0.934,0.933,0.933,0.931,0.931,0.931,0.93,0.927,0.926,0.923,0.919,0.915,0.91,0.905,0.898,0.892,0.886,0.88,0.875,0.872,0.867,0.864,0.86,0.857,0.856,0.855,0.854,0.852,0.851,0.85,0.848,0.847,0.845,0.844,0.843,0.841,0.84,0.837,0.836,0.834,0.832,0.829,0.828,0.826,0.824,0.823,0.822,0.821,0.819,0.819,0.817,0.815,0.813,0.809,0.805,0.801,0.797,0.793,0.79,0.787,0.784,0.782,0.781,0.781,0.78,0.78,0.781,0.781,0.781,0.781,0.78,0.781,0.782,0.783,0.784,0.784,0.784,0.786,0.789,0.791,0.794,0.798,0.8,0.804,0.808,0.811,0.814,0.818,0.822,0.824,0.826,0.826,0.827,0.828,0.829,0.83,0.832,0.832,0.832,0.833,0.836,0.837,0.838,0.838,0.838,0,0,0,0,0.979,0,0,0,0,0,1.095,1.094,1.088,1.086,1.084,1.08,1.073,1.069,1.078,1.071,0,0,0,0,0,0.88,0.878,0.877,0.877,0.877,0.877,0.875,0.875,0.873,0.873,0.87,0.869,0.868,0.867,0.866,0.864,0.864,0.864,0.864,0.867,0.868,0.869,0.87,0.872,0.873,0.875,0.877,0.877,0.877,0.878,0.878,0.875,0.872,0.863,0.849,0,0,0,0,0.732,0.73,0.731,0.731,0.732,0.733,0.738,0.74,0,0,0,0,0,0,0,0.802,0.789,0.785,0.783,0.782,0.781,0.78,0.779,0.778,0.779,0.779,0.781,0.783,0.787,0.793,0,0,0.898,0.927,0.948,0.945,0.944,0.948,0.947,0.945,0.947,0.947,0.948,0.951,0.954,0.957,0.959,0.963,0.965,0.966
0,0,0,0,0,0,0,0,0,0,0,0,0,0,0,0,0,0,0,0,0,0,0,0,0,0,0,0,0,0,0,0,0,0,0,0.724,0.723,0.724,0.724,0.724,0.724,0.724,0.724,0.722,0.722,0.722,0.72,0.72,0.718,0.716,0.715,0.715,0.714,0.713,0.713,0.713,0.714,0.715,0.715,0.715,0.716,0.716,0.716,0.715,0.714,0.714,0.713,0.712,0.712,0.711,0.711,0.712,0.713,0.714,0.715,0.715,0.716,0.717,0.717,0.718,0.718,0.718,0.719,0,0,1.092,1.092,1.092,1.092,1.094,1.094,1.095,1.097,1.097,1.099,1.099,1.103,1.103,1.105,1.107,1.109,1.111,1.113,1.117,1.119,1.124,1.128,1.13,1.134,1.138,1.142,1.147,1.151,1.153,1.157,1.16,1.164,1.168,1.175,1.18,1.186,1.193,1.2,1.205,1.21,1.212,1.215,1.217,1.217,1.219,1.219,1.222,1.222,1.222,1.222,1.224,1.227,1.227,1.227,0,0,0,0,0,0,0,0,0,0,0,0,0,0,0,0,0,0,0,0,0,0,0.527,0.524,0.523,0.52,0.517,0.514,0.511,0.509,0.506,0.505,0.503,0.502,0.501,0.5,0.5,0.5,0.5,0.5,0.499,0.499,0.499,0.499,0.499,0.499,0.499,0.499,0.499,0.499,0.5,0.5,0.5,0.5,0.502,0.503,0.504,0.506,0.507,0.509,0.51,0.511,0.512,0.513,0.514,0.515,0.516,0.517,0.518,0.519,0.519,0.52,0.521,0.521,0.522,0.523,0.524,0.526,0.528,0.529,0.531,0.533,0.534,0.537,0.539,0.54,0.542,0.543,0.544,0.545,0.546,0.547,0.548,0.549,0.55,0.551,0.552,0.553,0.554,0.556,0.558,0.559,0.561,0.563,0.565,0.566,0.569,0.57,0.571,0.572,0.573,0.574,0.574,0.575,0.575,0.575,0.575,0.575,0.575,0.575,0.574,0.574,0.574,0.573,0.573,0.572,0.572,0.572,0.572,0.571,0.572,0.572,0.572,0.572,0.572,0.574,0.575,0.578,0.581,0,0,0,0,0,0,0,0,0,0,0,0,0,0,0,0,0,0,0.817,0.817,0.818,0.821,0.823,0.825,0.828,0.832,0,0,0,0,0,0,0,0,0,0,0,0,0,0,0.588,0,0,0,0,0.58,0.578,0.577,0.575,0.574,0.573,0.573,0.572,0.572,0.572,0.572,0.573,0.573,0.574,0.575,0.576,0.577,0.578,0.579,0.58,0.581,0.583,0.584,0.584,0.585,0.586,0.586,0.588,0.588,0.589,0.59,0.59,0.591,0.591,0.593,0.593,0.594,0.594,0.596,0.596,0.598,0.599,0.6,0.601,0.603,0.604,0.605,0.606,0.608,0.609,0.61,0.612,0.613,0.613,0.615,0.615,0.616,0.616,0.618,0.618,0.619,0.62,0.62,0.621,0.621,0.622,0.623,0.623,0.623,0.623,0.623,0.622,0.622,0.622,0,0,0,0,0,0.91,0.91,0.91,0.912,0.912,0.913,0.915,0.916,0.917,0.919,0.92,0.923,0.926,0.927,0.93,0.93,0.93,0.93,0.933,0.933,0.931,0.931,0.93,0.93,0.93,0.93,0.927,0.926,0.923,0.919,0.915,0.91,0.905,0.9,0.893,0.887,0.88,0.875,0.872,0.868,0.864,0.86,0.857,0.856,0.855,0.854,0.852,0.851,0.85,0.849,0.848,0.847,0.845,0.843,0.842,0.84,0.838,0.836,0.835,0.833,0.83,0.828,0.826,0.825,0.823,0.822,0.821,0.821,0.819,0.817,0.816,0.813,0.811,0.808,0.803,0.8,0.796,0.792,0.79,0.787,0.785,0.783,0.782,0.781,0.781,0.781,0.781,0.781,0.78,0.78,0.781,0.781,0.781,0.781,0.782,0.782,0.783,0.786,0.789,0.792,0.795,0.798,0.802,0.807,0.81,0.813,0.816,0.819,0.823,0.824,0.826,0.826,0.827,0.828,0.829,0.83,0.832,0.832,0.832,0.835,0.835,0.834,0.834,0.832,0,0,0,0,0.824,0,0,0,0,1.08,0,0,1.065,1.071,0,1.056,1.043,0,0,0,0,0,0,0,0.882,0.878,0.875,0.877,0.877,0.877,0.877,0.875,0.875,0.874,0.873,0.872,0.869,0.869,0.868,0.867,0.864,0.864,0.864,0.864,0.866,0.868,0.869,0.87,0.872,0.873,0.875,0.875,0.877,0.877,0.878,0.878,0.878,0.88,0.879,0.882,0.88,0,0,0,0,0,0,0.732,0.732,0.732,0.733,0.736,0.74,0,0,0.807,0,0.809,0.805,0.796,0.784,0,0.781,0.779,0.779,0.778,0.777,0.776,0.776,0.778,0.78,0.782,0.785,0.791,0.797,0,0,0.882,0.898,0.915,0.926,0.933,0.935,0.938,0.938,0.941,0.943,0.945,0.948,0.953,0.956,0.959,0.96,0.962
0,0,0,0,0,0,0,0,0,0,0,0,0,0,0,0,0,0,0,0,0,0,0,0,0,0,0,0,0,0,0,0,0,0,0,0,0.722,0.722,0.723,0.723,0.724,0.724,0.723,0.722,0.722,0.721,0.72,0.719,0.718,0.717,0.715,0.715,0.714,0.714,0.714,0.714,0.715,0.715,0.716,0.716,0.716,0.716,0.716,0.715,0.714,0.713,0.711,0.71,0.71,0.71,0.71,0.71,0.71,0.711,0.712,0.713,0.714,0.715,0.715,0.716,0.716,0.716,0.716,0,0,0,0,1.092,1.092,1.094,1.094,1.095,1.097,1.097,1.099,1.101,1.103,1.105,1.107,1.109,1.111,1.115,1.117,1.119,1.121,1.126,1.128,1.132,1.136,1.14,1.144,1.149,1.151,1.155,1.157,1.16,1.164,1.171,1.175,1.182,1.186,1.193,1.198,1.203,1.207,1.212,1.212,1.215,1.215,1.217,1.219,1.219,1.219,1.222,1.222,1.224,1.224,1.227,0,0,0,0,0,0,0,0,0,0,0,0,0,0,0,0,0,0,0,0,0,0,0,0.528,0.525,0.523,0.52,0.518,0.515,0.512,0.509,0.507,0.505,0.504,0.503,0.502,0.501,0.5,0.5,0.5,0.5,0.5,0.5,0.5,0.5,0.5,0.5,0.5,0.5,0.5,0.5,0.5,0.5,0.5,0.501,0.502,0.503,0.505,0.506,0.508,0.51,0.51,0.512,0.513,0.513,0.515,0.516,0.517,0.518,0.519,0.519,0.521,0.521,0.522,0.523,0.523,0.525,0.526,0.528,0.529,0.531,0.533,0.535,0.537,0.539,0.54,0.542,0.543,0.544,0.546,0.547,0.547,0.548,0.549,0.55,0.551,0.552,0.553,0.554,0.555,0.557,0.558,0.56,0.562,0.564,0.566,0.567,0.57,0.571,0.572,0.573,0.574,0.575,0.575,0.576,0.576,0.576,0.576,0.576,0.576,0.575,0.575,0.574,0.574,0.573,0.573,0.572,0.572,0.572,0.572,0.572,0.571,0.571,0.572,0.572,0.573,0.573,0.574,0.577,0.58,0.584,0,0,0,0,0,0,0,0,0,0,0,0,0,0,0.815,0.816,0.817,0.818,0.818,0.821,0.822,0.825,0.827,0.832,0.835,0.841,0.844,0,0,0,0,0.857,0,0,0,0,0,0,0,0,0,0,0,0,0,0,0.576,0.574,0.573,0.572,0.571,0.571,0.571,0.57,0.571,0.571,0.571,0.572,0.573,0.574,0.575,0.577,0.577,0.579,0.579,0.58,0.581,0.583,0.583,0.584,0.585,0.586,0.586,0.588,0.588,0.589,0.589,0.59,0.591,0.591,0.592,0.593,0.594,0.595,0.596,0.597,0.598,0.599,0.6,0.602,0.603,0.604,0.605,0.607,0.608,0.61,0.611,0.612,0.613,0.614,0.615,0.615,0.616,0.617,0.618,0.618,0.619,0.62,0.62,0.621,0.621,0.621,0.622,0.621,0.621,0.621,0.62,0.62,0,0,0,0,0,0.909,0.91,0.91,0.91,0.912,0.912,0.915,0.915,0.916,0.917,0.92,0.923,0.924,0.927,0.928,0.93,0.931,0.931,0.933,0.933,0.933,0.933,0.931,0.931,0.931,0.931,0.93,0.927,0.924,0.923,0.917,0.913,0,0.901,0.893,0.887,0.88,0.875,0.872,0.869,0.864,0.861,0.858,0.856,0.855,0.854,0.852,0.851,0.85,0.849,0.848,0.847,0.845,0.844,0.842,0.841,0.838,0.837,0.835,0.833,0.83,0.828,0.826,0.825,0.823,0.822,0.821,0.819,0.818,0.816,0.815,0.813,0.811,0.808,0.804,0.802,0.798,0.795,0.792,0.79,0.787,0.785,0.784,0.783,0.782,0.782,0.782,0.782,0.781,0.781,0.781,0.781,0.781,0.782,0.782,0.783,0.784,0.786,0.788,0.791,0.794,0.797,0.801,0.805,0.809,0.812,0.815,0.818,0.821,0.824,0.824,0.825,0.826,0.827,0.828,0.829,0.829,0.829,0.829,0.832,0.83,0.829,0.828,0.825,0,0,0,0,0,0,0,0,0,0,0,0,0,0,0,0,0,0,0,0,0,0,0,0,0.883,0.877,0.875,0.875,0.875,0.875,0.875,0.874,0.874,0.873,0.872,0.872,0.869,0.868,0.867,0.866,0.864,0.864,0.863,0.864,0.866,0.867,0.869,0.87,0.87,0.873,0.874,0.875,0.877,0.877,0.878,0.879,0.88,0.883,0.886,0.888,0.891,0.892,0.895,0,0,0,0,0,0,0.732,0.732,0.735,0.738,0.745,0,0,0.781,0.781,0.775,0.778,0,0.779,0.777,0.776,0.776,0.775,0.775,0.774,0.775,0.776,0.778,0.78,0.783,0.787,0.792,0.799,0,0,0,0,0,0.915,0.923,0.927,0.933,0.934,0.937,0.94,0.944,0.948,0.951,0.954,0.956,0.957
0,0,0,0,0,0,0,0,0,0,0,0,0,0,0,0,0,0,0,0,0,0,0,0,0,0,0,0,0,0,0,0,0,0,0,0,0.723,0.723,0.723,0.723,0.724,0.724,0.723,0.722,0.722,0.721,0.72,0.72,0.718,0.716,0.715,0.715,0.715,0.714,0.714,0.715,0.715,0.715,0.716,0.717,0.716,0.716,0.715,0.715,0.713,0.711,0.71,0.708,0.708,0.707,0.707,0.707,0.708,0.708,0.71,0.71,0.711,0.712,0.713,0.713,0.714,0.714,0.714,0,0,0,0,0,1.092,1.094,1.095,1.097,1.097,1.099,1.099,1.103,1.105,1.107,1.109,1.111,1.113,1.115,1.117,1.121,1.124,1.128,1.13,1.134,1.138,1.14,1.144,1.149,1.151,1.155,1.157,1.16,1.164,1.171,1.175,1.182,1.186,1.193,1.198,1.203,1.207,1.21,1.212,1.212,1.215,1.215,1.217,1.217,1.219,1.219,1.222,1.224,1.224,1.224,0,0,0,0,0,0,0,0,0,0,0,0,0,0,0,0,0,0,0,0,0,0,0,0.528,0.526,0.523,0.521,0.519,0.516,0.513,0.51,0.507,0.506,0.504,0.503,0.502,0.501,0.501,0.5,0.5,0.5,0.5,0.5,0.5,0.5,0.5,0.5,0.5,0.5,0.5,0.5,0.5,0.5,0.5,0.501,0.503,0.503,0.505,0.507,0.508,0.51,0.511,0.512,0.513,0.514,0.515,0.516,0.517,0.519,0.52,0.521,0.522,0.523,0.523,0.524,0.525,0.526,0.528,0.529,0.531,0.533,0.535,0.537,0.539,0.541,0.542,0.543,0.544,0.546,0.547,0.548,0.548,0.549,0.55,0.551,0.552,0.553,0.554,0.555,0.556,0.558,0.56,0.561,0.563,0.565,0.567,0.568,0.57,0.572,0.573,0.574,0.575,0.575,0.576,0.577,0.577,0.577,0.577,0.577,0.577,0.576,0.575,0.575,0.574,0.573,0.573,0.572,0.572,0.572,0.572,0.572,0.572,0.572,0.572,0.572,0.572,0.573,0.574,0,0,0,0,0,0,0,0,0,0,0,0.811,0.812,0.813,0.814,0.815,0.816,0.816,0.817,0.818,0.819,0.821,0.823,0.825,0.828,0.83,0.834,0.838,0.842,0.847,0.85,0.854,0.857,0.858,0.857,0.857,0.858,0,0,0,0,0,0,0,0,0,0,0,0,0,0,0.572,0.571,0.57,0.57,0.569,0.569,0.569,0.57,0.57,0.571,0.572,0.573,0.573,0.574,0.575,0.577,0.578,0.579,0.579,0.58,0.581,0.582,0.583,0.584,0.585,0.585,0.586,0.588,0.588,0.589,0.589,0.59,0.591,0.591,0.593,0.593,0.594,0.596,0.596,0.597,0.598,0.6,0.601,0.603,0.604,0.605,0.607,0.608,0.609,0.61,0.612,0.612,0.613,0.614,0.615,0.616,0.616,0.617,0.618,0.618,0.619,0.62,0.62,0.62,0.62,0.621,0.62,0.62,0.62,0.619,0.619,0,0,0,0,0.909,0.91,0.91,0.91,0.912,0.913,0.915,0.915,0.916,0.917,0.92,0.923,0.924,0.927,0.93,0.931,0.931,0.934,0.934,0.934,0.935,0.934,0.934,0.934,0.934,0.934,0.933,0.931,0.928,0.924,0.92,0.915,0.909,0.901,0.893,0.887,0.88,0.877,0.872,0.869,0.866,0.861,0.858,0.857,0.856,0.855,0.852,0.852,0.851,0.849,0.848,0.847,0.845,0.844,0.843,0.841,0.838,0.837,0.835,0.833,0.83,0.828,0.826,0.825,0.823,0.822,0.821,0.819,0.818,0.817,0.815,0.814,0.812,0.809,0.807,0.804,0.8,0.797,0.795,0.792,0.789,0.787,0.785,0.784,0.782,0.782,0.782,0.782,0.782,0.782,0.782,0.783,0.783,0.783,0.783,0.784,0.785,0.786,0.788,0.791,0.794,0.797,0.801,0.804,0.809,0.812,0.814,0.817,0.821,0.822,0.823,0.823,0.824,0.825,0.827,0.828,0.827,0.827,0.826,0.827,0.826,0.825,0.823,0.819,0,0,0,0,0,0.817,0.817,0.821,0.824,0,0,0,0,0.877,0,0,0,0,0,0,0.898,0,0,0.873,0.867,0.864,0.866,0.866,0.868,0.868,0.868,0.868,0.868,0.868,0.868,0.867,0.866,0.864,0.864,0.864,0.862,0.862,0.862,0.863,0.864,0.866,0.868,0.869,0.87,0.872,0.874,0.875,0.875,0.877,0.879,0.879,0.882,0.884,0.888,0.889,0.892,0.893,0.896,0.897,0,0,0,0,0,0,0,0,0,0,0,0,0,0,0.769,0.772,0.773,0.774,0.772,0.773,0.772,0.772,0.772,0.771,0.772,0.774,0,0,0.782,0.785,0.789,0.794,0.802,0,0,0,0,0.901,0.91,0.92,0.927,0.928,0.931,0.935,0.94,0.944,0.947,0.951,0.954,0.956
0,0,0,0,0,0,0,0,0,0,0,0,0,0,0,0,0,0,0,0,0,0,0,0,0,0,0,0,0,0,0,0,0,0,0,0,0.723,0.723,0.724,0.724,0.724,0.723,0.723,0.723,0.722,0.721,0.72,0.72,0.718,0.716,0.715,0.715,0.715,0.714,0.714,0.714,0.715,0.715,0.715,0.715,0.715,0.715,0.714,0.713,0.711,0.71,0.707,0.706,0.706,0.706,0.705,0.705,0.706,0.706,0.706,0.707,0.708,0.709,0.71,0.71,0.71,0.711,0.712,0.712,0,0,0,0,1.092,1.094,1.095,1.097,1.099,1.101,1.103,1.105,1.107,1.109,1.111,1.113,1.115,1.117,1.119,1.121,1.126,1.13,1.134,1.136,1.14,1.144,1.147,1.151,1.153,1.155,1.157,1.16,1.164,1.171,1.175,1.182,1.186,1.193,1.198,1.203,1.207,1.207,1.21,1.212,1.212,1.215,1.217,1.217,1.217,1.219,1.222,1.224,1.224,1.224,1.227,0,0,0,0,0,0,0,0,0,0,0,0,0,0,0,0,0,0,0,0,0,0,0.528,0.526,0.524,0.522,0.519,0.516,0.513,0.51,0.507,0.506,0.504,0.503,0.502,0.501,0.501,0.501,0.5,0.5,0.5,0.5,0.5,0.5,0.5,0.5,0.5,0.5,0.5,0.5,0.5,0.5,0.501,0.501,0.503,0.503,0.505,0.507,0.508,0.51,0.511,0.512,0.513,0.514,0.515,0.516,0.518,0.519,0.521,0.522,0.523,0.524,0.524,0.525,0.526,0.528,0.528,0.53,0.533,0.534,0.536,0.538,0.541,0.542,0.543,0.544,0.546,0.547,0.548,0.549,0.549,0.55,0.55,0.552,0.552,0.553,0.554,0.555,0.557,0.558,0.56,0.562,0.563,0.565,0.567,0.569,0.571,0.572,0.573,0.574,0.575,0.576,0.577,0.577,0.577,0.577,0.578,0.577,0.577,0.577,0.576,0.575,0.574,0.574,0.573,0.572,0.572,0.572,0.571,0.572,0.572,0.572,0.572,0.572,0.573,0.573,0,0,0,0,0,0.804,0.807,0.807,0,0,0.81,0.812,0.813,0.813,0.813,0.813,0.815,0,0.817,0.817,0.818,0.821,0.822,0.823,0.826,0.828,0,0,0,0,0,0,0,0.857,0,0,0.858,0.86,0.86,0,0,0,0,0,0,0,0,0,0,0,0,0,0.571,0.57,0.569,0.569,0.569,0.569,0.568,0.569,0.569,0.569,0.57,0.571,0.572,0.573,0.574,0.574,0.575,0.576,0.578,0.578,0.579,0.58,0.581,0.582,0.583,0.584,0.585,0.585,0.586,0.587,0.588,0.589,0.589,0.59,0.591,0.592,0.593,0.594,0.594,0.596,0.597,0.598,0.6,0.601,0.602,0.603,0.605,0.606,0.607,0.608,0.61,0.611,0.612,0.613,0.614,0.615,0.615,0.616,0.616,0.617,0.618,0.618,0.618,0.618,0.619,0.618,0.618,0.618,0.618,0.617,0.616,0.616,0,0,0,0,0,0.912,0.912,0.912,0.915,0.916,0.916,0.917,0.919,0.92,0.924,0.927,0.928,0.931,0.933,0.934,0.934,0.935,0.937,0.937,0.935,0.937,0.935,0.937,0.937,0.935,0.933,0.931,0.927,0.923,0.916,0.91,0.901,0.893,0.887,0.882,0.877,0.873,0.869,0.866,0.862,0.86,0.858,0.856,0.855,0.854,0.852,0.851,0.85,0.849,0.848,0.847,0.845,0.843,0.841,0.84,0.837,0.835,0.833,0.83,0.828,0.826,0.825,0.823,0.822,0.819,0.818,0.817,0.816,0.815,0.814,0.812,0.81,0.808,0.805,0.803,0.8,0.797,0.794,0.791,0.789,0.786,0.785,0.783,0.783,0.783,0.782,0.782,0.782,0.783,0.783,0.783,0.784,0.784,0.784,0.785,0.787,0.789,0.792,0.795,0.798,0.801,0.804,0.808,0.811,0.814,0.817,0.819,0.821,0.822,0.822,0.822,0.823,0.824,0.825,0.824,0.823,0.822,0.822,0.821,0.818,0.817,0.814,0.815,0.815,0.814,0.813,0.813,0.814,0.814,0.815,0.816,0.814,0.814,0,0,0,0,0,0,0,0,0,0,0,0,0,0,0.855,0.856,0.858,0.858,0.86,0.861,0.86,0.861,0.861,0.861,0.862,0.861,0.86,0.86,0.86,0.86,0.86,0.861,0.861,0.862,0.864,0.866,0.868,0.868,0.87,0.873,0.874,0.877,0.878,0.879,0.882,0.883,0.887,0.891,0.892,0.895,0.896,0.897,0.898,0,0,0,0,0,0,0,0,0,0,0.748,0,0,0.762,0.764,0.767,0.769,0.769,0.769,0.769,0.769,0.769,0.769,0.769,0.77,0,0,0.776,0.78,0.783,0.787,0.789,0.797,0,0,0,0.869,0.888,0.902,0.915,0.924,0.927,0.93,0.933,0.938,0.941,0.945,0.948,0.951,0.953
0,0,0,0,0,0,0,0,0,0,0,0,0,0,0,0,0,0,0,0,0,0,0,0,0,0,0,0,0,0,0,0,0,0,0,0,0.723,0.724,0.724,0.724,0.724,0.724,0.723,0.723,0.723,0.722,0.72,0.72,0.718,0.717,0.715,0.715,0.714,0.714,0.715,0.715,0.714,0.715,0.715,0.715,0.714,0.712,0.711,0.71,0.708,0.706,0.705,0.704,0.703,0.702,0.702,0.702,0.702,0.702,0.702,0.704,0.705,0.706,0.706,0.707,0.708,0.709,0.71,0.71,0.71,0.71,0,0,0,1.095,1.097,1.099,1.101,1.103,1.107,1.107,1.111,1.113,1.115,1.117,1.117,1.119,1.121,1.124,1.128,1.132,1.136,1.138,1.142,1.147,1.149,1.151,1.153,1.155,1.157,1.162,1.164,1.171,1.175,1.182,1.186,1.191,1.198,1.203,1.205,1.207,1.21,1.21,1.212,1.215,1.215,1.217,1.217,1.219,1.222,1.224,1.224,1.224,1.227,0,0,0,0,0,0,0,0,0,0,0,0,0,0,0,0,0,0,0,0,0,0,0.528,0.526,0.524,0.522,0,0.516,0.513,0.51,0.507,0.506,0.504,0.503,0.502,0.501,0.501,0.5,0.5,0.5,0.5,0.5,0.5,0.5,0.5,0.5,0.5,0.5,0.5,0.5,0.5,0.501,0.501,0.502,0.503,0.504,0.506,0.507,0.509,0.51,0.511,0.512,0.513,0.514,0.516,0.517,0.519,0.52,0.522,0.523,0.524,0.525,0.525,0.526,0.527,0.528,0.53,0.531,0.533,0.534,0.537,0.539,0.541,0.542,0.544,0.545,0.546,0.547,0.548,0.549,0.55,0.55,0.551,0.552,0.552,0.554,0.555,0.556,0.557,0.559,0.56,0.562,0.564,0.565,0.567,0.569,0.571,0.572,0.574,0.575,0.576,0.577,0.577,0.577,0.578,0.578,0.578,0.578,0.578,0.577,0.577,0.575,0.575,0.574,0.573,0.572,0.572,0.572,0.572,0.572,0.572,0.572,0,0,0,0,0,0.808,0,0.807,0.805,0.807,0.807,0.808,0.809,0.81,0.81,0.812,0.812,0.813,0.813,0.814,0.815,0.816,0.817,0.818,0.821,0.822,0.824,0.826,0.829,0.833,0.836,0.841,0.844,0.848,0.851,0.855,0.857,0.86,0.861,0.86,0.861,0.862,0.862,0.863,0,0,0,0,0,0,0,0,0,0,0,0,0.57,0.568,0.567,0.567,0.567,0.566,0.567,0.567,0.567,0.568,0.569,0.57,0.57,0.571,0.572,0.573,0.573,0.574,0.575,0.577,0.578,0.578,0.579,0.58,0.581,0.582,0.583,0.584,0.585,0.585,0.586,0.588,0.588,0.589,0.59,0.59,0.591,0.593,0.594,0.595,0.596,0.597,0.598,0.599,0.601,0.602,0.603,0.605,0.606,0.607,0.608,0.61,0.611,0.612,0.613,0.613,0.614,0.615,0.615,0.616,0.616,0.616,0.617,0.617,0.617,0.617,0.616,0.617,0.616,0.616,0.616,0.615,0.614,0,0,0,0,0.915,0.915,0.916,0.916,0.917,0.919,0.919,0.921,0.923,0.926,0.928,0.93,0.933,0.934,0.935,0.935,0.937,0.937,0.937,0.935,0.937,0.938,0.938,0.938,0.937,0.933,0.931,0.927,0.92,0.915,0.906,0.898,0.892,0.886,0.882,0.878,0.873,0.87,0.867,0.863,0.861,0.86,0.857,0.856,0.854,0.852,0.851,0.85,0.849,0.848,0.847,0.845,0.843,0.842,0.84,0.837,0.835,0.833,0.829,0.827,0.826,0.824,0.823,0.821,0.819,0.818,0.817,0.816,0.815,0.813,0.812,0.811,0.809,0.807,0.803,0.801,0.798,0.796,0.792,0.79,0.787,0.786,0.784,0.784,0.783,0.783,0.783,0.783,0.783,0.784,0.784,0.784,0.784,0.785,0.786,0.788,0.79,0.792,0.795,0.798,0.801,0.805,0.809,0.811,0.813,0.816,0.818,0.821,0.821,0.819,0.819,0.819,0.821,0.822,0.821,0.819,0.818,0.818,0.816,0.816,0.814,0.811,0.811,0.811,0.81,0.811,0.811,0.811,0.812,0.813,0.812,0.813,0.814,0.814,0,0,0.825,0.832,0.838,0.84,0,0,0.842,0.844,0.848,0,0,0,0.849,0.849,0.851,0.852,0.852,0.854,0.852,0.854,0.854,0.855,0.854,0.854,0.854,0.854,0.855,0.856,0.857,0.858,0.86,0.862,0.863,0.864,0.866,0.868,0.87,0.873,0.875,0.879,0.882,0.884,0.887,0.891,0.893,0.896,0.898,0.9,0.9,0.901,0.902,0,0,0,0,0,0,0,0,0.742,0.746,0.749,0,0.754,0.757,0.761,0.762,0.762,0.763,0.764,0.764,0.764,0.765,0.765,0.766,0.768,0,0.774,0.777,0.78,0.784,0.787,0.791,0.799,0.812,0,0,0.875,0.893,0.909,0.923,0.927,0.93,0.933,0.937,0.943,0.945,0.948,0.951,0.953
0,0,0,0,0,0,0,0,0,0,0,0,0,0,0,0,0,0,0,0,0,0,0,0,0,0,0,0,0,0,0,0,0,0,0,0,0.723,0.724,0.725,0.725,0.725,0.725,0.725,0.724,0.724,0.723,0.721,0.72,0.719,0.717,0.715,0.715,0.715,0.714,0.714,0.713,0.713,0.713,0.712,0.712,0.71,0.709,0.707,0.706,0.704,0.702,0.701,0.7,0.699,0.698,0.698,0.698,0.698,0.698,0.698,0.7,0.701,0.702,0.703,0.703,0.705,0.706,0.707,0.707,0.707,0.708,0.707,0,0,0,0,1.101,1.105,1.105,1.107,1.111,1.113,1.115,1.117,1.119,1.121,1.121,1.124,1.128,1.13,1.134,1.138,1.14,1.144,1.147,1.151,1.151,1.153,1.155,1.157,1.162,1.166,1.171,1.175,1.182,1.186,1.191,1.198,1.2,1.205,1.207,1.21,1.21,1.212,1.212,1.215,1.217,1.217,1.219,1.219,1.222,1.222,1.222,1.224,1.224,0,0,0,0,0,0,0,0,0,0,0,0,0,0,0,0,0,0,0,0,0,0,0.527,0.524,0.522,0,0.516,0.512,0.509,0.507,0.505,0.505,0.503,0.502,0.501,0.501,0.501,0.501,0.5,0.5,0.5,0.5,0.5,0.501,0.501,0.501,0.501,0.501,0.501,0.502,0.503,0.503,0.504,0.505,0.506,0.507,0.508,0.509,0.51,0.511,0.512,0.513,0.515,0.516,0.518,0.519,0.521,0.523,0.524,0.525,0.526,0.526,0.527,0.528,0.529,0.53,0.531,0.533,0.535,0.537,0.539,0.541,0.542,0.544,0.546,0.547,0.548,0.549,0.55,0.55,0.551,0.552,0.552,0.553,0.554,0.555,0.556,0.557,0.559,0.561,0.562,0.564,0.566,0.567,0.569,0.571,0.572,0.574,0.575,0.576,0.577,0.577,0.578,0.578,0.578,0.578,0.578,0.578,0.577,0.577,0.576,0.575,0.574,0,0,0,0,0,0,0,0,0,0,0.813,0.811,0.809,0.808,0.807,0.807,0.805,0.807,0.808,0.809,0.81,0.811,0.812,0.813,0.813,0.814,0.814,0.815,0.816,0.817,0.818,0.819,0.822,0.824,0.826,0.828,0.834,0.837,0.841,0.845,0.849,0.851,0.855,0.858,0.86,0.861,0.862,0.861,0.863,0.864,0.867,0.867,0,0,0,0,0,0,0,0,0,0,0,0,0,0.567,0.567,0.566,0.566,0.566,0.566,0.566,0.567,0.567,0.567,0.569,0.569,0.57,0.571,0.571,0.572,0.573,0.574,0.574,0.575,0.576,0.577,0.578,0.579,0.58,0.581,0.582,0.583,0.584,0.585,0.586,0.586,0.587,0.588,0.589,0.59,0.591,0.592,0.593,0.594,0.596,0.597,0.598,0.599,0.6,0.602,0.603,0.605,0.606,0.607,0.608,0.61,0.61,0.612,0.612,0.613,0.613,0.614,0.615,0.615,0.615,0.615,0.615,0.615,0.616,0.615,0.616,0.615,0.614,0.615,0.614,0.613,0.613,0,0,0,0,0.917,0.919,0.919,0.919,0.92,0.921,0.921,0.923,0.927,0.928,0.93,0.933,0.934,0.935,0.935,0.938,0.938,0.94,0.938,0.938,0.938,0.938,0.938,0.935,0.933,0.928,0.924,0.916,0.912,0.904,0.896,0.889,0.884,0.88,0.878,0.874,0.87,0.868,0.864,0.862,0.86,0.858,0.856,0.855,0.854,0.852,0.851,0.85,0.849,0.847,0.845,0.843,0.841,0.838,0.836,0.834,0.832,0.829,0.827,0.824,0.823,0.821,0.819,0.818,0.817,0.816,0.815,0.814,0.813,0.812,0.81,0.808,0.807,0.804,0.801,0.799,0.796,0.794,0.791,0.789,0.787,0.785,0.785,0.784,0.783,0.783,0.784,0.784,0.784,0.784,0.784,0.784,0.785,0.785,0.787,0.788,0.79,0.792,0.795,0.798,0.801,0.804,0.807,0.81,0.811,0.813,0.814,0.815,0.815,0.814,0.813,0.812,0.813,0.811,0.809,0.809,0.81,0.809,0.81,0.81,0.809,0.809,0.809,0.81,0.809,0.81,0.811,0.811,0.812,0.812,0.813,0.814,0.814,0.815,0.816,0.821,0.823,0,0.829,0.827,0.83,0.834,0.84,0.842,0,0,0,0,0,0.844,0.845,0.847,0.848,0,0.849,0.85,0.85,0.85,0.85,0.85,0.851,0.852,0.852,0.855,0.856,0.857,0.858,0.86,0.862,0.864,0.867,0.869,0.87,0.874,0.879,0.882,0.886,0.889,0.892,0.895,0.897,0.9,0.901,0.901,0.902,0.902,0.901,0,0,0,0,0,0,0,0.736,0.739,0.742,0.744,0.747,0.749,0.752,0.755,0.756,0.757,0.758,0.76,0.76,0.761,0.762,0.762,0.765,0.768,0.771,0.774,0.778,0.781,0.782,0.785,0.791,0.801,0.817,0,0,0.88,0.901,0.917,0.923,0.93,0.935,0.94,0.944,0.948,0.95,0.953,0.954
0,0,0,0,0,0,0,0,0,0,0,0,0,0,0,0,0,0,0,0,0,0,0,0,0,0,0,0,0,0,0,0,0,0,0,0,0,0,0.726,0.726,0.726,0.726,0.726,0.726,0.726,0.724,0.722,0.721,0.719,0.718,0.716,0.715,0.715,0.713,0.713,0.712,0.711,0.71,0.71,0.708,0.706,0.705,0.703,0.701,0.699,0.697,0.695,0.695,0.694,0.694,0.693,0.693,0.693,0.693,0.694,0.694,0.695,0.696,0.698,0.699,0.7,0.702,0.703,0.704,0.703,0.705,0,0,0,1.101,0,1.107,1.109,1.109,1.113,1.115,1.117,1.119,1.121,1.121,1.124,1.124,1.126,1.13,1.132,1.136,1.138,1.142,1.147,1.149,1.151,1.153,1.155,1.155,1.16,1.162,1.166,1.171,1.177,1.182,1.186,1.193,1.198,1.203,1.205,1.207,1.21,1.212,1.212,1.215,1.215,1.217,1.217,1.219,1.222,1.222,1.222,1.222,1.222,0,0,0,0,0,0,0,0,0,0,0,0,0,0,0,0,0,0,0,0,0,0,0,0.526,0.523,0.521,0.519,0.516,0.513,0.51,0.508,0.506,0.505,0.504,0.503,0.502,0.501,0.501,0.501,0.501,0.501,0.501,0.501,0.502,0.502,0.502,0.503,0.503,0.503,0.503,0.504,0.505,0.505,0.506,0.507,0.507,0.509,0.51,0.51,0.512,0.512,0.513,0.514,0.516,0.517,0.519,0.521,0.522,0.523,0.525,0.526,0.526,0.527,0.528,0.528,0.529,0.531,0.532,0.534,0.536,0.538,0.54,0.541,0.543,0.544,0.546,0.547,0.548,0.549,0.55,0.551,0.551,0.552,0.553,0.554,0.555,0.556,0.557,0.558,0.56,0.561,0.563,0.565,0.566,0.568,0.57,0.571,0.573,0.574,0.575,0.576,0.577,0.578,0.578,0.579,0,0.579,0.579,0.578,0,0,0,0,0,0,0,0,0,0,0,0,0,0.817,0.814,0.813,0.811,0.809,0.808,0.808,0.808,0.807,0.808,0.809,0.809,0.81,0.812,0.812,0.813,0.814,0.814,0.815,0.815,0.816,0.817,0.819,0.822,0.824,0.826,0.829,0.833,0.837,0.841,0.844,0.849,0.852,0.855,0.858,0.861,0.862,0.864,0.864,0.864,0.867,0.869,0.872,0,0,0,0,0,0,0,0,0,0,0,0,0,0,0,0.566,0.566,0.565,0.565,0.566,0.566,0.566,0.566,0.567,0.567,0.567,0.569,0.569,0.569,0.57,0.571,0.572,0.572,0.573,0.574,0.575,0.576,0.577,0.578,0.579,0.58,0.581,0.581,0.583,0.584,0.585,0.586,0.587,0.588,0.589,0.59,0.591,0.593,0.594,0.595,0.596,0.597,0.598,0.6,0.601,0.603,0.603,0.605,0.606,0.607,0.608,0.609,0.61,0.611,0.612,0.613,0.613,0.613,0.613,0.614,0.614,0.614,0.614,0.614,0.614,0.614,0.614,0.613,0.613,0.613,0.613,0.612,0,0,0,0,0,0.92,0.92,0.921,0.921,0.923,0.924,0.924,0.927,0.928,0.93,0,0.933,0,0.934,0.935,0.934,0.935,0.935,0.935,0.934,0.935,0.934,0.931,0.927,0.923,0.919,0,0.906,0.9,0.893,0.887,0.882,0.879,0.877,0.873,0.87,0.867,0.864,0.862,0.861,0.858,0.857,0.856,0.854,0.852,0.851,0.85,0.848,0.847,0.844,0.842,0.84,0.837,0.835,0.833,0.829,0.827,0.825,0.823,0.822,0.819,0.818,0.817,0.816,0.815,0.814,0.813,0.812,0.81,0.809,0.808,0.807,0.804,0.801,0.8,0.797,0.794,0.792,0.79,0.788,0.785,0.785,0.784,0.784,0.784,0.784,0.783,0.783,0.783,0.784,0.784,0.784,0.784,0.785,0.787,0.788,0.79,0.792,0.795,0.797,0.8,0.802,0.803,0.804,0.807,0.808,0.807,0.807,0.805,0.803,0.801,0.803,0.802,0.801,0.8,0.802,0.803,0.805,0.807,0.808,0.807,0.808,0.809,0.809,0.81,0.811,0.811,0.812,0.812,0.813,0.814,0.814,0.815,0.816,0.817,0.818,0.822,0.824,0,0.828,0.83,0.836,0,0.837,0.836,0.835,0.835,0.836,0.836,0.838,0.84,0.841,0.842,0.842,0.843,0.844,0.844,0.844,0.845,0.847,0.849,0.851,0.852,0.855,0.855,0.856,0.858,0.86,0.862,0.864,0.867,0.869,0.872,0.879,0.883,0.887,0.889,0.893,0.896,0.898,0.901,0.901,0.901,0.904,0.905,0,0,0,0,0,0,0,0,0.729,0.732,0.736,0,0.74,0.743,0.746,0.748,0.749,0.751,0.752,0.754,0.755,0.756,0.757,0.759,0.762,0.764,0.768,0.772,0.775,0.778,0.781,0.783,0.788,0.797,0.81,0,0,0.868,0.892,0.913,0.923,0.931,0.935,0.941,0.945,0.948,0.953,0.954,0.954
0,0,0,0,0,0,0,0,0,0,0,0,0,0,0,0,0,0,0,0,0,0,0,0,0,0,0,0,0,0,0,0,0,0,0,0,0,0,0.727,0.727,0.728,0.728,0.728,0.727,0.727,0.726,0.724,0.723,0.72,0.719,0.717,0.716,0.715,0.714,0.711,0.71,0.708,0.707,0.706,0.704,0.702,0.699,0.698,0.696,0.694,0.693,0.691,0.691,0.69,0.689,0.688,0.688,0.688,0.688,0.688,0.689,0.69,0.691,0.692,0.694,0.695,0.696,0.698,0.699,0.7,0.7,0.701,0.702,0,0,0,1.111,1.113,1.115,1.117,1.117,1.119,1.121,1.121,1.124,1.124,1.126,1.128,1.13,1.134,1.136,1.14,1.144,1.147,1.151,1.153,1.153,1.155,1.157,1.16,1.164,1.166,1.171,1.177,1.182,1.189,1.193,1.198,1.203,1.207,1.21,1.21,1.212,1.215,1.215,1.217,1.217,1.219,1.219,1.222,1.222,1.222,1.219,1.219,0,0,0,0,0,0,0,0,0,0,0,0,0,0,0,0,0,0,0,0,0,0,0,0.526,0.523,0.52,0.518,0.516,0.513,0.51,0.508,0.507,0.505,0.504,0.503,0.503,0.502,0.502,0.502,0.502,0.502,0.502,0.503,0.503,0.503,0.504,0.504,0.504,0.505,0.505,0.506,0.507,0.508,0.508,0.509,0.51,0.51,0.511,0.512,0.513,0.513,0.513,0.515,0.516,0.518,0.519,0.522,0.523,0.524,0.526,0.527,0.528,0.528,0.528,0.529,0.53,0.532,0.533,0.535,0.537,0.539,0.54,0.542,0.543,0.545,0.546,0.547,0.548,0.549,0.55,0.551,0.552,0.552,0.553,0.554,0,0,0,0,0,0,0,0,0,0,0,0,0,0,0,0,0,0,0,0,0,0,0,0.813,0.815,0.819,0.821,0,0,0.826,0.825,0.825,0.824,0.823,0.821,0.821,0.819,0.816,0.815,0.813,0.812,0.81,0.809,0.808,0.808,0.808,0.809,0.809,0.81,0.811,0.812,0.812,0.813,0.814,0.814,0.815,0.816,0.817,0.819,0.821,0.824,0.827,0.829,0.833,0.836,0.842,0.845,0.849,0.852,0.855,0.858,0.862,0.864,0.866,0.868,0.869,0.869,0.872,0.875,0.879,0.882,0,0,0,0,0,0,0,0,0,0,0,0,0,0,0,0.566,0.565,0.565,0.565,0.565,0.565,0.566,0.565,0.566,0.566,0.567,0.567,0.567,0.568,0.569,0.569,0.57,0.571,0.572,0.573,0.574,0.575,0.576,0.577,0.578,0.579,0.58,0.581,0.583,0.584,0.584,0.585,0.587,0.588,0.589,0.59,0.592,0.593,0.594,0.596,0.597,0.598,0.598,0.6,0.601,0.603,0.604,0.605,0.606,0.607,0.608,0.609,0.61,0.611,0.612,0.612,0.612,0.612,0.613,0.613,0.613,0.613,0.613,0.613,0.613,0.613,0.612,0.612,0.612,0.612,0.612,0.611,0.611,0.611,0,0,0.92,0.92,0.921,0.921,0.923,0.924,0.926,0.927,0.928,0.927,0,0,0,0,0,0,0,0.928,0.93,0.928,0.93,0.927,0.924,0.92,0.917,0.912,0.906,0,0.896,0.889,0.883,0.879,0.877,0.875,0.873,0.87,0.867,0.864,0.862,0.861,0.858,0.857,0.855,0.852,0.851,0.85,0.848,0.847,0.845,0.843,0.841,0.838,0.835,0.833,0.83,0.828,0.825,0.823,0.821,0.819,0.818,0.817,0.816,0.815,0.813,0.812,0.811,0.81,0.809,0.808,0.807,0.805,0.803,0.801,0.8,0.797,0.795,0.793,0.79,0.788,0.787,0.786,0.785,0.784,0.784,0.784,0.783,0.783,0.783,0.783,0.783,0.783,0.782,0.783,0.785,0.786,0.787,0.789,0.791,0.793,0.795,0.797,0.798,0.799,0.799,0.8,0.799,0.798,0.796,0.793,0.791,0.791,0.788,0.787,0.786,0.789,0.791,0.794,0.797,0.801,0.8,0.803,0.808,0.808,0.808,0.81,0.81,0.811,0.811,0.812,0.813,0.813,0.814,0.815,0.816,0.818,0.821,0.823,0.825,0,0,0.832,0.83,0,0,0,0.827,0.827,0.828,0.83,0.832,0.834,0.835,0.836,0.837,0.837,0.838,0.84,0.841,0,0.845,0.849,0,0,0,0.855,0.857,0.858,0,0,0,0,0,0.879,0.883,0.887,0.891,0.893,0.897,0.9,0.902,0.902,0.904,0.906,0.909,0,0,0,0,0,0,0,0,0,0,0,0,0,0.738,0.74,0.742,0.743,0,0.747,0.749,0.749,0.751,0.753,0.755,0.758,0.762,0.765,0.769,0.773,0.776,0.779,0.781,0.785,0.791,0.802,0,0,0,0.883,0.91,0.927,0.938,0.944,0.95,0.953,0.957,0.96,0.962,0.959
0,0,0,0,0,0,0,0,0,0,0,0,0,0,0,0,0,0,0,0,0,0,0,0,0,0,0,0,0,0,0,0,0,0,0,0,0,0,0,0.73,0.73,0.731,0.729,0.73,0.729,0.728,0.726,0.724,0.722,0.72,0.718,0.716,0.715,0.712,0.71,0.708,0.706,0.703,0.701,0.698,0.696,0.694,0.692,0.69,0.689,0.687,0.686,0.686,0.685,0.684,0.684,0.683,0.683,0.683,0.683,0.684,0.684,0.685,0.687,0.688,0.69,0.691,0.694,0.694,0.695,0.695,0.696,0,0,0,0,1.115,1.117,1.117,1.119,0,1.121,1.121,1.124,1.124,1.124,1.126,1.128,1.13,1.134,1.136,1.14,1.144,1.149,1.151,1.153,1.153,1.155,1.157,1.162,1.164,1.168,1.173,1.177,1.184,1.189,1.196,1.2,1.205,1.207,1.21,1.212,1.215,1.215,1.217,1.219,1.219,1.219,1.222,1.222,1.222,1.222,1.219,1.219,1.217,1.217,1.215,0,0,0,0,0,0,0,0,0,0,0,0,0,0,0,0,0,0,0,0,0,0,0.52,0,0,0.513,0.51,0.509,0.507,0.505,0.505,0.504,0.503,0.503,0.503,0.503,0.503,0.503,0.503,0.504,0.504,0.505,0.505,0.505,0.506,0.507,0.507,0.508,0.509,0.51,0.51,0.511,0.511,0.512,0.513,0.513,0.514,0.514,0.514,0.516,0.517,0.518,0.52,0.522,0.523,0.525,0.526,0.528,0.528,0.528,0.528,0.53,0.531,0.533,0.534,0.535,0.537,0.539,0.54,0.542,0.543,0.545,0.546,0.547,0.548,0.549,0.55,0.551,0,0,0,0,0,0.773,0.774,0.776,0,0,0,0,0,0,0.78,0.78,0.781,0,0,0,0,0,0.789,0,0.796,0,0,0.811,0.815,0.821,0.822,0.823,0.826,0.827,0.826,0.826,0.824,0.824,0.822,0.821,0.819,0.817,0.815,0.814,0.813,0.811,0.809,0.809,0.809,0.809,0.81,0.811,0.811,0.812,0.813,0.814,0.814,0.815,0.816,0.816,0.817,0.819,0.822,0.824,0.827,0.83,0.833,0.837,0.841,0.845,0.849,0.852,0.855,0.858,0.861,0.864,0.867,0.869,0.87,0.872,0.873,0.877,0.88,0.883,0.888,0.891,0.893,0,0,0,0,0,0,0,0,0,0,0,0,0,0,0.565,0.565,0.565,0.565,0.565,0.565,0.565,0.565,0.565,0.565,0.565,0.565,0.565,0.566,0.567,0.567,0.568,0.57,0.571,0.572,0.573,0.574,0.575,0.577,0.578,0.579,0.579,0.581,0.582,0.583,0.584,0.585,0.586,0.588,0.589,0.591,0.592,0.593,0.594,0.596,0.597,0.598,0.599,0.6,0.601,0.603,0.604,0.605,0.607,0.607,0.608,0.609,0.61,0.61,0.611,0.611,0.611,0.612,0.612,0.612,0.612,0.612,0.612,0.612,0.611,0.611,0.611,0.61,0.61,0.61,0.61,0.61,0.61,0,0,0,0.921,0.921,0.921,0.921,0.921,0.921,0.921,0.92,0.919,0.919,0,0,0,0,0,0,0.92,0.921,0.921,0.921,0.92,0.919,0.913,0.909,0,0.901,0.896,0.891,0.884,0.88,0.877,0.875,0.874,0.872,0.869,0.867,0.863,0.861,0.858,0.856,0.854,0.852,0.85,0.849,0.848,0.845,0.844,0.842,0.841,0.838,0.836,0.833,0.83,0.827,0.825,0.823,0.821,0.818,0.817,0.816,0.815,0.814,0.813,0.812,0.811,0.809,0.808,0.807,0.805,0.804,0.803,0.802,0.801,0.799,0.797,0.795,0.792,0.79,0.789,0.787,0.786,0.785,0.784,0.784,0.784,0.783,0.783,0.783,0.782,0.782,0.782,0.781,0.782,0.783,0.783,0.784,0.786,0.787,0.789,0.79,0.792,0.793,0.792,0.793,0.793,0.792,0.791,0.789,0.786,0.783,0.782,0.778,0,0,0,0,0,0,0,0,0,0,0,0,0.809,0.809,0.81,0.811,0.811,0.813,0.813,0.814,0.815,0.816,0.818,0.821,0.823,0.825,0,0,0,0,0,0,0,0.818,0.817,0.818,0.819,0.822,0.824,0.825,0,0.828,0.83,0.832,0.834,0.836,0.838,0.843,0.847,0.85,0.854,0.852,0.855,0.856,0.857,0.858,0,0,0,0,0,0,0.887,0.892,0.895,0.898,0.901,0.904,0.904,0.905,0.908,0.91,0,0,0,0,0,0,0,0,0,0,0,0,0.732,0.733,0.734,0.736,0.738,0.74,0.74,0.742,0.744,0.747,0.748,0.75,0.754,0.758,0.762,0.765,0.77,0.774,0.777,0.779,0.781,0.787,0.795,0,0,0,0,0,0.943,0.956,0.965,0.969,0.974,0.977,0.979,0.979,0.974
0,0,0,0,0,0,0,0,0,0,0,0,0,0,0,0,0,0,0,0,0,0,0,0,0,0,0,0,0,0,0,0,0,0,0,0,0,0,0,0.732,0.732,0.732,0.731,0.731,0.73,0.73,0.727,0.725,0.723,0.72,0.718,0.715,0.714,0.71,0.706,0.703,0.7,0.697,0.694,0.692,0.69,0.687,0.686,0.684,0.683,0.682,0.681,0.681,0.68,0.679,0.678,0.678,0.677,0.677,0.677,0.678,0.678,0.679,0.681,0.682,0.684,0.686,0.688,0.69,0.69,0.691,0.691,0.691,0,0,0,1.117,1.119,1.119,1.121,1.121,1.121,1.124,1.124,1.124,1.124,1.126,1.128,1.132,1.134,1.136,1.14,1.144,1.149,1.151,1.153,1.155,1.157,1.16,1.162,1.166,1.168,1.175,1.182,1.186,1.191,1.198,1.203,1.207,1.21,1.215,1.215,1.217,1.219,1.219,1.219,1.222,1.222,1.222,1.224,1.222,1.222,1.222,1.219,1.217,1.217,1.217,1.215,0,0,0,0,0,0,0,0,0,0,0,0,0,0,0,0,0,0,0,0,0,0.52,0,0,0.513,0.511,0.509,0.508,0.506,0.505,0.504,0.504,0.504,0.504,0.504,0.504,0.504,0.505,0.505,0.505,0.506,0.507,0.507,0.508,0.509,0.51,0.51,0.511,0.512,0.513,0.513,0.513,0.514,0.514,0.514,0.514,0.515,0.515,0.516,0.518,0.519,0.521,0.522,0.524,0.525,0.526,0.528,0.528,0.528,0.529,0.529,0.53,0.531,0.533,0.534,0.536,0.538,0.539,0.541,0.543,0.544,0,0,0,0,0,0,0,0.768,0.77,0.771,0.771,0.772,0.773,0.774,0,0,0.777,0.777,0.777,0.778,0.779,0.779,0.779,0.78,0.781,0.782,0.784,0.787,0.788,0.79,0.795,0.799,0.804,0.811,0.815,0.821,0.822,0.824,0.826,0.826,0.827,0.826,0.825,0.824,0.823,0.822,0.821,0.818,0.816,0.815,0.814,0.812,0.811,0.811,0.811,0.811,0.812,0.812,0.814,0.814,0.815,0.815,0.816,0.816,0.817,0.818,0.821,0.823,0.826,0.828,0.832,0.835,0.838,0.843,0.847,0.85,0.854,0.856,0.86,0.862,0.864,0.868,0.87,0.873,0.874,0.875,0.878,0.882,0.884,0.888,0.891,0.895,0.897,0.9,0,0,0,0,0,0,0,0,0,0,0,0,0,0,0.565,0.565,0.566,0.565,0.564,0.564,0.564,0.564,0.564,0.564,0.563,0.564,0.564,0.565,0.565,0.566,0.567,0.569,0.57,0.571,0.572,0.574,0.575,0.577,0.578,0.579,0.579,0.58,0.581,0.583,0.584,0.585,0.587,0.588,0.589,0.591,0.592,0.594,0.595,0.596,0.597,0.598,0.599,0.6,0.601,0.603,0.604,0.605,0.606,0.607,0.608,0.608,0.608,0.609,0.609,0.61,0.61,0.61,0.61,0.61,0.61,0.61,0.61,0.61,0.61,0.609,0.61,0.609,0.61,0.61,0.61,0.61,0.61,0,0,0.923,0.923,0.921,0.92,0.919,0.916,0.916,0.915,0.912,0.91,0,0,0,0,0,0,0.913,0.915,0.915,0.916,0.915,0.912,0.908,0.904,0.901,0.896,0.891,0.887,0.88,0.878,0.874,0.873,0.872,0.869,0.867,0.864,0.862,0.86,0.857,0.856,0.854,0.85,0.848,0.847,0.844,0.843,0.842,0.84,0.838,0.835,0.833,0.83,0.827,0.825,0.823,0.821,0.818,0.816,0.815,0.814,0.813,0.812,0.811,0.81,0.808,0.807,0.805,0.804,0.802,0.803,0.801,0.8,0.798,0.797,0.795,0.793,0.791,0.789,0.787,0.786,0.786,0.786,0.785,0.785,0.784,0.784,0.784,0.783,0.782,0.781,0.781,0.78,0.78,0.781,0.781,0.781,0.782,0.783,0.784,0.786,0.787,0.788,0.787,0.787,0.787,0.786,0.785,0.783,0.78,0.777,0.776,0.773,0.77,0.765,0,0,0,0,0,0,0,0,0,0.808,0.809,0.809,0.81,0.81,0.811,0.812,0.813,0.813,0.815,0.815,0.817,0.818,0.819,0,0,0,0,0,0,0,0,0,0,0,0,0,0,0,0,0,0,0,0,0,0,0,0.845,0.85,0.852,0.852,0.849,0,0,0.842,0,0,0,0,0,0,0,0,0.896,0.9,0.902,0.904,0,0,0,0,0,0,0,0,0,0,0,0,0,0,0,0,0.729,0.73,0.731,0.732,0.732,0.734,0.736,0.738,0.74,0.742,0.744,0.747,0.75,0.754,0.758,0.762,0.767,0.771,0.775,0.777,0.779,0.783,0.79,0.798,0.809,0.823,0,0,0.988,0.988,0.991,0.994,0.998,1.001,1.003,1.001,0.998
0,0,0,0,0,0,0,0,0,0,0,0,0,0,0,0,0,0,0,0,0,0,0,0,0,0,0,0,0,0,0,0,0,0,0,0,0,0,0,0,0.732,0.732,0.732,0.732,0.731,0.73,0.728,0.725,0.722,0.719,0.715,0.711,0.708,0.703,0.698,0.695,0.693,0.69,0.687,0.685,0.683,0.681,0.68,0.679,0.678,0.677,0.675,0.676,0.675,0.674,0.673,0.672,0.672,0.672,0.672,0.672,0.672,0.674,0.675,0.677,0.678,0.681,0.683,0.684,0.685,0.686,0.686,0.685,0,0,0,0,0,1.124,1.124,1.124,1.124,1.124,1.124,1.124,1.126,1.126,1.128,1.13,1.134,1.136,1.14,1.144,1.149,1.151,1.153,1.155,1.157,1.16,1.162,1.166,1.171,1.177,1.182,1.189,1.196,1.203,1.207,1.212,1.217,1.217,1.219,1.222,1.222,1.224,1.224,1.224,1.224,1.224,1.224,1.222,1.222,1.222,1.219,1.217,1.217,1.217,1.217,1.215,1.215,0,0,0,0,0,0,0,0,0,0,0,0,0,0,0,0,0,0,0,0,0,0.516,0.513,0.512,0.51,0.509,0.507,0.506,0.505,0.505,0.505,0.505,0.505,0.505,0.505,0.506,0.506,0.507,0.507,0.508,0.508,0.509,0.51,0.51,0.511,0.512,0.513,0.513,0.514,0.514,0.515,0.515,0.515,0.516,0.516,0.516,0.517,0.519,0.519,0.521,0.522,0.524,0.525,0.527,0,0,0,0,0,0,0,0,0,0,0,0,0,0,0,0,0,0,0,0,0.765,0.767,0.768,0.769,0.77,0.77,0.77,0.772,0.772,0.774,0.774,0.774,0.774,0.774,0.774,0.774,0.775,0.775,0.776,0.778,0.779,0.782,0.784,0.786,0.789,0.793,0.798,0.803,0.81,0.814,0.821,0.822,0.825,0.827,0.827,0.827,0.827,0.826,0.825,0.824,0.824,0.822,0.819,0.818,0.817,0.816,0.814,0.813,0.812,0.812,0.813,0.813,0.815,0.815,0.816,0.817,0.818,0.819,0.819,0.822,0.823,0.825,0.828,0.832,0.834,0.837,0.841,0.843,0.848,0.85,0.854,0.857,0.861,0.863,0.866,0.868,0.87,0.873,0.875,0.877,0.879,0.88,0.886,0.888,0.891,0.893,0.896,0.897,0.898,0.901,0,0,0,0,0,0,0,0,0,0,0,0,0,0,0.566,0.566,0.566,0.565,0.564,0.564,0.563,0.563,0.562,0.562,0.562,0.562,0.563,0.563,0.563,0.565,0.566,0.567,0.569,0.571,0.572,0.574,0.575,0.577,0.578,0.579,0.58,0.58,0.581,0.583,0.584,0.585,0.586,0.588,0.59,0.59,0.592,0.593,0.594,0.596,0.597,0.598,0.6,0.601,0.602,0.603,0.604,0.605,0.606,0.607,0.607,0.608,0.608,0.608,0.608,0.608,0.608,0.609,0.609,0.609,0.608,0.608,0.608,0.608,0.608,0.608,0.608,0.608,0.609,0.61,0.61,0.61,0.61,0,0,0.921,0.917,0.916,0.916,0.912,0.909,0.908,0.905,0.902,0.901,0,0,0,0,0.904,0.906,0.908,0.908,0.909,0.906,0.905,0.901,0.898,0.895,0.889,0.886,0.882,0.878,0.874,0.872,0.87,0.869,0.868,0.866,0.863,0.861,0.858,0.856,0.854,0.851,0.849,0.847,0.844,0.843,0.841,0.84,0.837,0.836,0.834,0.832,0.828,0.826,0.824,0.822,0.819,0.817,0.816,0.814,0.814,0.813,0.812,0.811,0.809,0.807,0.805,0.804,0.802,0.8,0.8,0.799,0.797,0.796,0.794,0.793,0.791,0.789,0.788,0.787,0.786,0.786,0.786,0.785,0.784,0.784,0.784,0.784,0.783,0.782,0.781,0.781,0.78,0.78,0.78,0.78,0.78,0.78,0.781,0.782,0.783,0.783,0.784,0.783,0.783,0.783,0.782,0.781,0.779,0.777,0.775,0.773,0.77,0.767,0.762,0,0,0,0,0,0,0,0,0,0.805,0.809,0,0.81,0.811,0.812,0.813,0.812,0.813,0.814,0.814,0.814,0.814,0,0,0,0,0,0,0,0,0,0,0,0,0,0,0,0,0,0,0,0,0,0,0,0,0,0,0.85,0.85,0.842,0.836,0.836,0.825,0,0,0,0,0,0,0,0,0,0,0,0,0,0,0,0,0,0,0,0,0,0,0,0,0,0,0,0,0,0.728,0.729,0.729,0.73,0.731,0.732,0.733,0.735,0.738,0.74,0.742,0.746,0.75,0.755,0.761,0.766,0.769,0.772,0.775,0.777,0.781,0.786,0.792,0.799,0,0,0,0,0,0,1.017,1.019,0,0,0,0
0,0,0,0,0,0,0,0,0,0,0,0,0,0,0,0,0,0,0,0,0,0,0,0,0,0,0,0,0,0,0,0,0,0,0,0,0,0,0,0,0.733,0.732,0.732,0.732,0.732,0.73,0.727,0.722,0.718,0.714,0.709,0.705,0.7,0.695,0.691,0.687,0.684,0.681,0.68,0.678,0.677,0.675,0.675,0.673,0.672,0.672,0.671,0.671,0.67,0.669,0.668,0.668,0.667,0.667,0.667,0.667,0.667,0.669,0.669,0.671,0.673,0.675,0.678,0.68,0.681,0.681,0.682,0.682,0.682,0,0,0,0,0,0,1.124,1.124,1.124,1.124,1.124,1.124,1.124,1.128,1.13,1.134,1.136,1.14,1.144,1.147,1.149,1.153,1.155,1.157,1.16,1.164,1.168,1.173,1.18,1.186,1.193,1.2,1.205,1.212,1.217,1.219,1.222,1.224,1.224,1.227,1.227,1.227,1.227,1.227,1.224,1.227,1.224,1.222,1.222,1.222,1.219,1.217,1.219,1.219,1.219,0,0,0,0,0,0,0,0,0,0,0,0,0,0,0,0,0,0,0,0,0,0,0.515,0.513,0.512,0.51,0.509,0.508,0.507,0.506,0.505,0.506,0.506,0.506,0.506,0.507,0.507,0.507,0.507,0.508,0.509,0.51,0.51,0.511,0.512,0.513,0.513,0.514,0.514,0.515,0.515,0.515,0.516,0.516,0.516,0.516,0.517,0.517,0.519,0.52,0.521,0,0,0,0,0,0,0,0,0,0,0,0,0,0,0,0,0,0,0,0,0,0,0.754,0.761,0.764,0.766,0.767,0.768,0.768,0.768,0.769,0.769,0.77,0.771,0.771,0.77,0.77,0.769,0.769,0.769,0.769,0.769,0.77,0.771,0.773,0.777,0.78,0.783,0.787,0.791,0.797,0.802,0.809,0,0.821,0.822,0.826,0.827,0.828,0.828,0.827,0.827,0.827,0.826,0.825,0.823,0.822,0.821,0.819,0.817,0.816,0.815,0.815,0.815,0.815,0.815,0.817,0.817,0.819,0.819,0.822,0.822,0.824,0.826,0.828,0.83,0.834,0.837,0.841,0.843,0.847,0.849,0.852,0.855,0.857,0.861,0.863,0.866,0.868,0.87,0.873,0.875,0.879,0.88,0.882,0.884,0.888,0.889,0.892,0.895,0.896,0.896,0.897,0.898,0.897,0.896,0.893,0,0,0,0,0,0,0,0,0,0,0,0,0,0.567,0.566,0.565,0.564,0.563,0.562,0.562,0.561,0.56,0.56,0.561,0.561,0.561,0.563,0.564,0.565,0.567,0.569,0.571,0.573,0.574,0.576,0.577,0.578,0.579,0.58,0.58,0.581,0.582,0.584,0.584,0.585,0.587,0.588,0.589,0.59,0.591,0.593,0.594,0.596,0.597,0.598,0.6,0.602,0.604,0.604,0.605,0.605,0.607,0.607,0.607,0.607,0.607,0.607,0.607,0.608,0.608,0.607,0.608,0.607,0.607,0.607,0.607,0.607,0.608,0.608,0.608,0.608,0.609,0.61,0.61,0,0,0,0,0,0.91,0.908,0.905,0.902,0.9,0.897,0.896,0.895,0.896,0.895,0.895,0.897,0.898,0.901,0.9,0.901,0.9,0.897,0.893,0.891,0.887,0.884,0.88,0.877,0.874,0.872,0.869,0.868,0.866,0.866,0.863,0.861,0.858,0.856,0.854,0.851,0.849,0.847,0.844,0.842,0.84,0.838,0.837,0.835,0.834,0.832,0.829,0.827,0.825,0.823,0.821,0.818,0.816,0.815,0.814,0.813,0.812,0.811,0.81,0.808,0.807,0.804,0.802,0.8,0.798,0.798,0.797,0.795,0.794,0.793,0.791,0.79,0.788,0.787,0.786,0.786,0.786,0.786,0.785,0.785,0.784,0.784,0.785,0.784,0.783,0.782,0.781,0.78,0.78,0.78,0.78,0.779,0.779,0.779,0.78,0.78,0.78,0.78,0.78,0.779,0.779,0.779,0.778,0.776,0.775,0.773,0.771,0.769,0.766,0.762,0.755,0.749,0.735,0.718,0.706,0,0,0,0,0,0,0,0,0,0,0,0.813,0,0,0,0,0,0,0,0,0,0,0,0,0,0,0,0,0,0,0,0,0,0,0,0,0,0,0,0,0,0,0,0,0,0,0,0,0,0,0,0,0,0,0,0,0,0,0,0,0,0,0,0,0,0,0,0,0,0,0,0,0,0,0,0.721,0.723,0.725,0.726,0.727,0.726,0.727,0.728,0.728,0.729,0.732,0.733,0.735,0.739,0.742,0,0.752,0.759,0.764,0.768,0.77,0.773,0.775,0.778,0.782,0.786,0.79,0.795,0,0,0,0,1.042,1.043,1.042,0,0,0,0
0,0,0,0,0,0,0,0,0,0,0,0,0,0,0,0,0,0,0,0,0,0,0,0,0,0,0,0,0,0,0,0,0,0,0,0,0,0,0,0,0.734,0.733,0.732,0.732,0.731,0.729,0.725,0.719,0.714,0.709,0.703,0.698,0.692,0.687,0.682,0.679,0.676,0.675,0.672,0.671,0.67,0.669,0.669,0.668,0.667,0.667,0.667,0.666,0.665,0.665,0.664,0.664,0.663,0.663,0.662,0.663,0.663,0.664,0.665,0.667,0.669,0.67,0.672,0.675,0.676,0.677,0.677,0.678,0.678,0.678,0.678,0,0,0,0,0,1.124,1.124,1.124,1.124,1.124,1.124,1.128,1.13,1.132,1.136,1.138,1.14,1.144,1.149,1.153,1.155,1.157,1.16,1.166,1.171,1.175,1.184,1.189,1.198,1.205,1.212,1.219,1.222,1.227,1.229,1.229,1.229,1.232,1.229,1.229,1.229,1.229,1.227,1.227,1.227,1.224,1.224,1.224,1.222,1.219,1.222,1.222,1.224,1.224,1.227,0,0,0,0,0,0,0,0,0,0,0,0,0,0,0,0,0,0,0,0,0,0,0,0.51,0.509,0.508,0.508,0.507,0.507,0.507,0.507,0.507,0.507,0.507,0.508,0.508,0.509,0.51,0.51,0.511,0.511,0.513,0.513,0.514,0.514,0.515,0.515,0.516,0.516,0.516,0.517,0.517,0.517,0.517,0.518,0.519,0.52,0,0,0,0,0,0,0,0,0.703,0.703,0.703,0.704,0.705,0.706,0.706,0.708,0.71,0.711,0.715,0.716,0.722,0.73,0.737,0,0.753,0.759,0,0.763,0.765,0.766,0.766,0.766,0.766,0.767,0.767,0.768,0.767,0.767,0.767,0.766,0.766,0,0.764,0.764,0.765,0.767,0.768,0.771,0.775,0.778,0.782,0.786,0.793,0.798,0,0.811,0.818,0.822,0.827,0.829,0.829,0.829,0.829,0.829,0.829,0.828,0.827,0.826,0.824,0.824,0.823,0.821,0.819,0.818,0.818,0.818,0.818,0.818,0.819,0.821,0.823,0.824,0.826,0.827,0.829,0.83,0.834,0.836,0.841,0.843,0.845,0.849,0.852,0.855,0.857,0.86,0.861,0.864,0.867,0.869,0.87,0.874,0.875,0.878,0.882,0.883,0.884,0.887,0.889,0.892,0.893,0.895,0.896,0.896,0.895,0.895,0.892,0.891,0.889,0,0,0,0,0,0,0,0,0,0,0,0,0,0.567,0.567,0.565,0.564,0.562,0.562,0.561,0.56,0.559,0.559,0.559,0.559,0.559,0.561,0.562,0.563,0.565,0.567,0.569,0.571,0.573,0.575,0.577,0.578,0.579,0.579,0.58,0.58,0.581,0.582,0.583,0.584,0.585,0.585,0.586,0.586,0.588,0.588,0.59,0.591,0.593,0.595,0.597,0.598,0.601,0.602,0.604,0.604,0.605,0.605,0.606,0.606,0.606,0.606,0.607,0.607,0.607,0.606,0.606,0.606,0.606,0.606,0.606,0.606,0.607,0.607,0.608,0.608,0.609,0.61,0.609,0.61,0.611,0,0,0,0,0.901,0.898,0.896,0.893,0.892,0.889,0.889,0.889,0.889,0.889,0.889,0.891,0.892,0.893,0.892,0.892,0.889,0.887,0.884,0.882,0.879,0.875,0.873,0.869,0.868,0.866,0.864,0.863,0.863,0.861,0.858,0.856,0.854,0.852,0.85,0.848,0.844,0.842,0.841,0.838,0.836,0.835,0.833,0.832,0.829,0.827,0.825,0.823,0.822,0.819,0.817,0.816,0.814,0.814,0.813,0.812,0.811,0.809,0.808,0.805,0.803,0.801,0.798,0.797,0.796,0.795,0.793,0.792,0.791,0.79,0.789,0.788,0.787,0.786,0.786,0.786,0.786,0.786,0.786,0.786,0.786,0.787,0.786,0.785,0.784,0.783,0.782,0.782,0.782,0.781,0.78,0.78,0.78,0.78,0.78,0.779,0.779,0.779,0.778,0.778,0.778,0.777,0.775,0.774,0.773,0.771,0.769,0.766,0.761,0.754,0.749,0.74,0.732,0.722,0.714,0.706,0,0,0,0,0,0,0,0,0,0,0,0,0,0,0,0,0,0,0,0,0,0,0,0,0,0,0,0,0,0,0,0,0,0,0,0,0,0,0,0,0,0,0,0,0,0,0,0,0,0,0,0,0,0,0,0,0,0,0,0,0,0,0,0,0,0,0,0,0,0,0,0.708,0.713,0.716,0.719,0.721,0.723,0.724,0.725,0.726,0.726,0.726,0.726,0.727,0.729,0.731,0.734,0.738,0.743,0.749,0.755,0.761,0.764,0.768,0.771,0.773,0.776,0.778,0.781,0.782,0.786,0,0,1.061,1.06,1.06,1.058,1.054,1.054,1.054,0,1.049
0,0,0,0,0,0,0,0,0,0,0,0,0,0,0,0,0,0,0,0,0,0,0,0,0,0,0,0,0,0,0,0,0,0,0,0,0,0,0,0,0,0,0.73,0.729,0.728,0.726,0.721,0.715,0.708,0.702,0.696,0.691,0,0.679,0.674,0.671,0.669,0.667,0.666,0.665,0.665,0.664,0.664,0.663,0.663,0.662,0.662,0.662,0.661,0.66,0.659,0.659,0.659,0.658,0.659,0.659,0.659,0.66,0.661,0.663,0.664,0.667,0.668,0.67,0.672,0.672,0.674,0.674,0.675,0.675,0.675,0,0,0,0,0,1.121,1.124,1.124,1.121,1.124,1.124,1.128,1.128,1.132,1.134,1.136,1.14,1.144,1.147,1.151,1.153,1.157,1.162,1.166,1.173,1.177,1.186,1.193,1.203,1.21,1.219,1.227,1.232,1.234,1.234,1.237,1.237,1.237,1.234,1.234,1.232,1.232,1.232,1.229,1.229,1.227,1.227,1.224,1.224,1.224,1.222,1.224,1.227,1.229,1.232,1.237,1.239,0,0,0,0,0,0,0,0,0,0,0,0,0,0,0,0,0,0,0,0,0,0,0,0.509,0.509,0.508,0.508,0.508,0.508,0.508,0.508,0.508,0.509,0.51,0.51,0.511,0.512,0.512,0.513,0.513,0.514,0.515,0.516,0.516,0.516,0.517,0.517,0.517,0.518,0.518,0.519,0.519,0.519,0,0,0,0,0,0,0,0.702,0.702,0.703,0.704,0.704,0.705,0.705,0.706,0.706,0.707,0.709,0.71,0.712,0.715,0.719,0.723,0.73,0.737,0.745,0.751,0.757,0.761,0.762,0.763,0.763,0.763,0.763,0.763,0.764,0.764,0.764,0.764,0.764,0.763,0.763,0.762,0.762,0.762,0.762,0.762,0.762,0.764,0.768,0.77,0.774,0.777,0.781,0.788,0,0,0.809,0.816,0,0,0.828,0.828,0.829,0.829,0.829,0.83,0.829,0.828,0.828,0.827,0.827,0.826,0.825,0.823,0.823,0.822,0.823,0.823,0.823,0.824,0.825,0.826,0.827,0.829,0.83,0.834,0.836,0.84,0.842,0.847,0.85,0.851,0.854,0.857,0.858,0.861,0.863,0.864,0.867,0.869,0.872,0.873,0.875,0.878,0.879,0.882,0.883,0.886,0.887,0.889,0.891,0.892,0.892,0.893,0.892,0.891,0.891,0.888,0.886,0.886,0,0,0,0,0,0,0,0,0,0,0,0,0,0.567,0.567,0.565,0.564,0.562,0.561,0.56,0.559,0.558,0.557,0.557,0.557,0.558,0.559,0.56,0.561,0.563,0.565,0.567,0.57,0.572,0.574,0.575,0.577,0.578,0.579,0.579,0.58,0.58,0.58,0.581,0.581,0.582,0.583,0.583,0.583,0.584,0.584,0.585,0.586,0.588,0.589,0.591,0.594,0.596,0.598,0.6,0.601,0.603,0.603,0.605,0.605,0.605,0.605,0.605,0.605,0.605,0.605,0.605,0.605,0.605,0.605,0.605,0.605,0.605,0.607,0.607,0.608,0.608,0.609,0.61,0.61,0.611,0.611,0,0,0,0.893,0.892,0.889,0.888,0.887,0.884,0.884,0.884,0.884,0.884,0.884,0.884,0.886,0.886,0.886,0.884,0.883,0.88,0.879,0.875,0.873,0.87,0.868,0.866,0.863,0.862,0.861,0.86,0.86,0.858,0.856,0.854,0.852,0.85,0.848,0.845,0.843,0.841,0.838,0.836,0.834,0.833,0.832,0.83,0.827,0.826,0.824,0.822,0.819,0.818,0.817,0.815,0.814,0.813,0.812,0.812,0.811,0.809,0.807,0.804,0.801,0.799,0.797,0.795,0.794,0.793,0.791,0.79,0.789,0.788,0.787,0.786,0.785,0.785,0.786,0.786,0.787,0.787,0.788,0.788,0.788,0.789,0.789,0.788,0.786,0.785,0.785,0.784,0.783,0.782,0.781,0.779,0.779,0.779,0.778,0.778,0.777,0.777,0.776,0.776,0.776,0.775,0.775,0.774,0.773,0.772,0.77,0.768,0,0,0,0,0.741,0.734,0.726,0.715,0,0,0,0,0,0,0,0,0,0,0,0,0,0,0,0,0,0,0,0,0,0,0,0,0,0,0,0,0,0,0,0,0,0,0,0,0,0,0,0,0,0,0,0,0,0,0,0,0,0,0,0,0,0,0,0,0,0,0,0,0,0.692,0.693,0,0.698,0,0,0.701,0.701,0,0,0.706,0.708,0.712,0.715,0.718,0.72,0.721,0.722,0.722,0.722,0.723,0.723,0.724,0.725,0.727,0.73,0,0.739,0.744,0.75,0.758,0.762,0.766,0.769,0.771,0.774,0.777,0.779,0.78,0.78,0,1.067,1.069,1.067,1.065,1.065,1.061,1.061,1.061,1.06,1.056
0,0,0,0,0,0,0,0,0,0,0,0,0,0,0,0,0,0,0,0,0,0,0,0,0,0,0,0,0,0,0,0,0,0,0,0,0,0,0,0,0,0,0,0.725,0.723,0.721,0.717,0.708,0,0,0,0.681,0.675,0.67,0.667,0.664,0.662,0.661,0.66,0.66,0.659,0.659,0.659,0.659,0.659,0.659,0.658,0.658,0.657,0.657,0.656,0.655,0.655,0.654,0.654,0.655,0.655,0.656,0.657,0.659,0.66,0.662,0.664,0.666,0.667,0.669,0.67,0.672,0.672,0.673,0.673,0.675,0,0,0,0,1.121,1.121,1.121,1.121,1.124,1.124,1.126,1.128,1.13,1.134,1.136,1.138,1.142,1.147,1.149,1.153,1.157,1.162,1.168,1.173,1.182,1.191,1.2,1.21,1.219,1.227,1.232,1.237,1.242,1.244,1.244,1.242,1.242,1.242,1.239,1.237,1.237,1.234,1.234,1.232,1.232,1.232,1.229,1.229,1.229,1.229,1.229,1.232,1.232,1.237,1.239,1.244,0,0,0,0,0,0,0,0,0,0,0,0,0,0,0,0,0,0,0,0,0,0,0,0.51,0.51,0.51,0.509,0.509,0.509,0.509,0.51,0.51,0.51,0.511,0.511,0.512,0.513,0.513,0.514,0.515,0.515,0.516,0.516,0.517,0.517,0.518,0.518,0.518,0.519,0.519,0,0,0,0,0,0,0.705,0.704,0.702,0.702,0.703,0.702,0.704,0.704,0.705,0.706,0.706,0.707,0.708,0.71,0.71,0.712,0.714,0.716,0.719,0.723,0,0,0.743,0,0.754,0.758,0.76,0.761,0.761,0.761,0.761,0.761,0.762,0.762,0.762,0.762,0.761,0.76,0.76,0.759,0.759,0.757,0.757,0.757,0.758,0.759,0.762,0.764,0.767,0.77,0.774,0,0.788,0,0,0,0,0,0,0.829,0.83,0.832,0.833,0.833,0.833,0.832,0.832,0.83,0.83,0.829,0.828,0.826,0.826,0.826,0.826,0.826,0.826,0.827,0.828,0.829,0.83,0.833,0.835,0.836,0.838,0.843,0.845,0.85,0.852,0.856,0.857,0.86,0.861,0.863,0.864,0.866,0.868,0.869,0.872,0.873,0.875,0.877,0.878,0.88,0.882,0.883,0.886,0.887,0.888,0.889,0.889,0.891,0.889,0.889,0.887,0.886,0.883,0.882,0,0,0,0,0,0,0,0,0,0,0,0,0,0.567,0.567,0.565,0.563,0.562,0.56,0.559,0.558,0.557,0.556,0.556,0.556,0.556,0.557,0.558,0.559,0.561,0.563,0.566,0.568,0.571,0.573,0.574,0.577,0.578,0.578,0.579,0.579,0.579,0.579,0.579,0.579,0.579,0.58,0.58,0.58,0.58,0.58,0.581,0.582,0.583,0.584,0.586,0.588,0.59,0.593,0.596,0.598,0.6,0.601,0.603,0.604,0.604,0.604,0.604,0.604,0.604,0.604,0.604,0.604,0.604,0.604,0.604,0.604,0.605,0.605,0.607,0.607,0.608,0.608,0.61,0.611,0.611,0.612,0,0,0,0.887,0.886,0.883,0.883,0.882,0.88,0.88,0.879,0.88,0.879,0.879,0.879,0.879,0.879,0.879,0.877,0.875,0.873,0.872,0.869,0.867,0.864,0.862,0.861,0.858,0.858,0.857,0.857,0.856,0.855,0.854,0.852,0.85,0.849,0.847,0.844,0.842,0.84,0.837,0.835,0.833,0.832,0.829,0.828,0.827,0.825,0.824,0.822,0.821,0.818,0.817,0.816,0.815,0.814,0.813,0.812,0.81,0.81,0.807,0.803,0.801,0.798,0.796,0.794,0.793,0.792,0.79,0.789,0.788,0.787,0.786,0.786,0.785,0.785,0.785,0.787,0.787,0.787,0.788,0.789,0.79,0.791,0.791,0.79,0.789,0.788,0.788,0.787,0.786,0.785,0.784,0.783,0.782,0.781,0.78,0.779,0.778,0.777,0.776,0.776,0.776,0.775,0.775,0.775,0.775,0.774,0.772,0.769,0.765,0.761,0.758,0,0,0,0.738,0.731,0.711,0,0,0,0,0,0,0,0,0,0,0,0,0,0,0,0,0,0,0,0,0,0,0,0,0,0.648,0,0,0,0,0,0,0,0,0,0,0,0,0,0,0,0,0,0,0,0,0,0,0,0,0,0,0,0,0,0,0,0,0.696,0.699,0.702,0.703,0.702,0.703,0.706,0.706,0.706,0.706,0.705,0.704,0.704,0.706,0.709,0.71,0.714,0.716,0.718,0.718,0.719,0.72,0.72,0.72,0.721,0.721,0.723,0.725,0,0,0.74,0.748,0.755,0.76,0.764,0.767,0.77,0.772,0.775,0.778,0.779,0.779,0,1.069,1.071,1.069,1.069,1.067,1.065,1.065,1.065,1.061,1.06
0,0,0,0,0,0,0,0,0,0,0,0,0,0,0,0,0,0,0,0,0,0,0,0,0,0,0,0,0,0,0,0,0,0,0,0,0,0,0,0,0,0,0,0,0.719,0.715,0.71,0.7,0,0,0.679,0.672,0.667,0.662,0.659,0.657,0.656,0.654,0.654,0.654,0.655,0.654,0.654,0.654,0.654,0.654,0.654,0.654,0.654,0.653,0.653,0.652,0.652,0.652,0.652,0.652,0.652,0.653,0.654,0.655,0.657,0.659,0.66,0.663,0.664,0.667,0.668,0.67,0.672,0.672,0.673,0.674,0.674,0.675,0.675,0.675,0,1.119,1.121,1.121,1.121,1.124,1.124,1.126,1.13,1.134,1.136,1.138,1.142,1.147,1.149,1.153,1.157,1.164,1.171,1.177,1.186,1.196,1.207,1.217,1.227,1.237,1.242,1.247,1.249,1.252,1.249,1.249,1.247,1.247,1.244,1.242,1.239,1.237,1.237,1.237,1.234,1.234,1.234,1.234,1.234,1.234,1.234,1.237,1.239,1.242,1.244,1.247,1.252,1.254,1.257,0,0,0,0,0,0,0,0,0,0,0,0,0,0,0,0,0,0,0,0,0,0,0,0.51,0.51,0.51,0.51,0.51,0.51,0.511,0.511,0.512,0.512,0.513,0.513,0.514,0.515,0.516,0.516,0.516,0.517,0.517,0.517,0.518,0,0,0,0,0,0.713,0.711,0.708,0.707,0.706,0.705,0.704,0.703,0.704,0.704,0.705,0.706,0.706,0.707,0.707,0.708,0.71,0.71,0.711,0.713,0.715,0.717,0.72,0.724,0.729,0.734,0,0,0.751,0.754,0.756,0.758,0.758,0.759,0.758,0.758,0.758,0.758,0.757,0.758,0.758,0.757,0.756,0.756,0.755,0.754,0.753,0.752,0.753,0.755,0.758,0.76,0.763,0.765,0.77,0.777,0.784,0,0,0,0,0,0,0,0.834,0.834,0.835,0.835,0.835,0.834,0.833,0.833,0.833,0.833,0.83,0.829,0.829,0.829,0.829,0.829,0.83,0.83,0.832,0.833,0.833,0.835,0.837,0.84,0.842,0.845,0.849,0.852,0.855,0.856,0.858,0.86,0.862,0.864,0.864,0.866,0.867,0.869,0.87,0.872,0.874,0.874,0.877,0.878,0.88,0.882,0.883,0.884,0.886,0.887,0.887,0.887,0.887,0.887,0.884,0.882,0.88,0.879,0.878,0.877,0,0,0,0,0,0,0,0,0,0,0,0,0.567,0.565,0.563,0.562,0.561,0.558,0.558,0.556,0.555,0.555,0.555,0.555,0.555,0.556,0.557,0.559,0.562,0.564,0.567,0.569,0.572,0.574,0.575,0.577,0.578,0.578,0.578,0.578,0.578,0.578,0.578,0.578,0.578,0.578,0.577,0.577,0.577,0.578,0.578,0,0,0,0.583,0.585,0.588,0.59,0.593,0.596,0.598,0.6,0.602,0.602,0.603,0.603,0.603,0.603,0.603,0.603,0.603,0.603,0.603,0.603,0.604,0.604,0.605,0.607,0.607,0.608,0.609,0.61,0.611,0.612,0.613,0,0,0,0,0.877,0,0.877,0.877,0.875,0.874,0.874,0.875,0.874,0.874,0.873,0.873,0.872,0.872,0.87,0.869,0.867,0.866,0.864,0.862,0.86,0.858,0.856,0.856,0.854,0.855,0.854,0.854,0.852,0.851,0.85,0.848,0.845,0.844,0.842,0.84,0.838,0.836,0.834,0.833,0.832,0.829,0.828,0.827,0.825,0.824,0.823,0.822,0.819,0.818,0.817,0.816,0.815,0.814,0.813,0.812,0.81,0.807,0.804,0.801,0.799,0.796,0.794,0.793,0.791,0.789,0.788,0.787,0.787,0.786,0.786,0.785,0.785,0.786,0.786,0.788,0.788,0.789,0.79,0.791,0.793,0.793,0.793,0.792,0.791,0.791,0.791,0.789,0.788,0.786,0.785,0.784,0.783,0.782,0.78,0.779,0.778,0.777,0.776,0.776,0.776,0.775,0.775,0.775,0.773,0.773,0.771,0.767,0.762,0.761,0.756,0.752,0,0,0,0,0,0,0,0,0,0,0,0,0,0,0,0,0,0,0,0,0,0,0,0,0,0.647,0,0,0,0,0,0,0,0,0,0,0,0,0,0,0,0,0,0,0,0,0,0,0,0,0,0,0,0,0,0,0,0,0,0,0,0,0.709,0.71,0.711,0.71,0.709,0.71,0.711,0.711,0.711,0.708,0.706,0.705,0.705,0.705,0.706,0.708,0.71,0.713,0.715,0.715,0.715,0.716,0.716,0.717,0.719,0.719,0.72,0.722,0,0,0,0.744,0.751,0.757,0.762,0.765,0.768,0.771,0.774,0.777,0.778,0.779,0,1.067,1.069,1.067,1.065,1.063,1.063,1.063,1.063,1.06,1.058
0,0,0,0,0,0,0,0,0,0,0,0,0,0,0,0,0,0,0,0,0,0,0,0,0,0,0,0,0,0,0,0,0,0,0,0,0,0,0,0,0,0,0,0,0.709,0.704,0.699,0.69,0.682,0.674,0.669,0.663,0.657,0.654,0.652,0.65,0.65,0.649,0.65,0.65,0.65,0.65,0.65,0.651,0.651,0.651,0.651,0.651,0.65,0.65,0.65,0.65,0.65,0.649,0.65,0.65,0.65,0.651,0.652,0.653,0.654,0.657,0.659,0.661,0.662,0.664,0.667,0.668,0.67,0.671,0.673,0.673,0.675,0.675,0.675,0.675,0.676,0,0,1.121,1.121,1.124,1.124,1.126,1.13,1.132,1.134,1.138,1.142,1.147,1.149,1.151,1.155,1.162,1.171,1.18,1.191,1.2,1.212,1.224,1.234,1.244,1.252,1.257,1.257,1.259,1.257,1.257,1.254,1.252,1.249,1.244,1.244,1.242,1.239,1.239,1.237,1.237,1.237,1.239,1.239,1.239,1.239,1.239,1.242,1.244,1.247,1.249,1.252,1.252,1.254,0,0,0,0,0,0,0,0,0,0,0,0,0,0,0,0,0,0,0,0,0,0,0,0.511,0.51,0.51,0.51,0.51,0.51,0.511,0.512,0.512,0.512,0.513,0.513,0.514,0.515,0.516,0,0,0,0,0,0,0,0.722,0.721,0.719,0.718,0.715,0.713,0.71,0.709,0.708,0.706,0.706,0.705,0.706,0.706,0.706,0.706,0.707,0.707,0.709,0.71,0.71,0.71,0.712,0.714,0.715,0.717,0.72,0.723,0.727,0.732,0.738,0.743,0.748,0.751,0.753,0.755,0.755,0.755,0.755,0.755,0.754,0.754,0.754,0.754,0.753,0.752,0.751,0.751,0.75,0.749,0.749,0.749,0.749,0.751,0.754,0.756,0.761,0.762,0.767,0.775,0,0,0,0,0,0,0,0,0.836,0.837,0.838,0,0.837,0.836,0.835,0.836,0.834,0.835,0.834,0.833,0.833,0.833,0.833,0.833,0.833,0.834,0.835,0.836,0.837,0.838,0.84,0.842,0.844,0.848,0.85,0.852,0.856,0.857,0.86,0.86,0.861,0.862,0.863,0.864,0.866,0.867,0.868,0.87,0.872,0.873,0.874,0.877,0.878,0.879,0.882,0.883,0.883,0.883,0.883,0.883,0.883,0.883,0.88,0.878,0.877,0.875,0.874,0.873,0,0,0,0,0,0,0,0,0,0,0,0,0.567,0.565,0.564,0.562,0.56,0.559,0.557,0.556,0.555,0.554,0.554,0.555,0.555,0.555,0.557,0.558,0.56,0.563,0.565,0.568,0.57,0.572,0.574,0.575,0.577,0.577,0.577,0.577,0.577,0.577,0.577,0.576,0.576,0.575,0.575,0.574,0.574,0.574,0.574,0.574,0.574,0.576,0,0,0,0.585,0.588,0.591,0.594,0.597,0.599,0.601,0.601,0.602,0.602,0.602,0.602,0.602,0.602,0.603,0.603,0.603,0.604,0.605,0.605,0.607,0.607,0.608,0.609,0.61,0.611,0.612,0.613,0.613,0,0,0,0.872,0.872,0.87,0.87,0.869,0.869,0.868,0.867,0.867,0.867,0.866,0.866,0.866,0.864,0.864,0.863,0.862,0.861,0.86,0.857,0.855,0.854,0.852,0.851,0.851,0.85,0.85,0.85,0.849,0.849,0.847,0.845,0.843,0.841,0.84,0.837,0.835,0.834,0.832,0.83,0.829,0.828,0.827,0.826,0.826,0.824,0.823,0.823,0.822,0.821,0.818,0.818,0.817,0.816,0.814,0.813,0.811,0.808,0.805,0.802,0.799,0.796,0.794,0.793,0.791,0.789,0.788,0.788,0.787,0.786,0.786,0.785,0.785,0.786,0.787,0.788,0.788,0.789,0.791,0.792,0.794,0.795,0.795,0.795,0.794,0.794,0.794,0.792,0.791,0.789,0.788,0.786,0.785,0.784,0.782,0.78,0.779,0.778,0.777,0.777,0.776,0.776,0.776,0.776,0.775,0.776,0.776,0.773,0.77,0.768,0.764,0.761,0.757,0.755,0.754,0.764,0,0,0,0,0,0,0,0,0,0,0,0,0,0,0,0,0,0,0,0,0.652,0.653,0.654,0,0,0,0,0,0,0,0,0,0,0,0,0,0,0,0,0,0,0,0,0,0,0,0,0,0,0,0,0,0,0,0,0,0,0,0,0.721,0.721,0.72,0,0.716,0.717,0,0.715,0.711,0.707,0.705,0.703,0.703,0.703,0.705,0.706,0.709,0.71,0.712,0.712,0.713,0.715,0.715,0.715,0.717,0.718,0.72,0.724,0.729,0.733,0.74,0.747,0.752,0.759,0.762,0.766,0.769,0.773,0.775,0.777,0,0,1.061,1.061,1.061,1.06,1.06,1.06,1.06,1.06,1.056,1.054
0,0,0,0,0,0,0,0,0,0,0,0,0,0,0,0,0,0,0,0,0,0,0,0,0,0,0,0,0,0,0,0,0,0,0,0,0,0,0,0,0,0,0,0,0,0.69,0.685,0.677,0.669,0.663,0.658,0.653,0.648,0.646,0.645,0.645,0.645,0.646,0.646,0.646,0.646,0.647,0.648,0.648,0.648,0.648,0.648,0.648,0.648,0.648,0.648,0.647,0.647,0.647,0.648,0.648,0.648,0.649,0.65,0.651,0.653,0.654,0.657,0.659,0.661,0.663,0.666,0.668,0.67,0.672,0.672,0.674,0.675,0.675,0.676,0.676,0.676,0.677,0.677,0,0,1.121,1.124,1.126,1.128,1.132,1.134,1.138,1.14,1.144,1.147,1.151,1.157,1.164,1.173,1.184,1.196,1.207,1.219,1.232,1.244,1.254,1.262,1.265,1.267,1.267,1.265,1.265,1.262,1.257,1.254,1.249,1.247,1.244,1.242,1.242,1.242,1.242,1.242,1.242,1.242,1.242,1.244,1.244,1.244,1.247,1.247,1.249,1.252,1.252,1.252,1.249,1.249,1.247,1.244,1.242,0,0,1.237,1.237,0,0,0,0,0,0,0,0,0,0,0,0,0,0,0,0,0,0,0,0,0,0,0,0,0,0,0,0,0,0,0,0,0.724,0.723,0.723,0.723,0.722,0.721,0.72,0.718,0.716,0.715,0.712,0.71,0.709,0.708,0.706,0.706,0.706,0.706,0.706,0.707,0.708,0.709,0.71,0.71,0.711,0.712,0.714,0.715,0.716,0.718,0.72,0.723,0.727,0.732,0.736,0.74,0.745,0.748,0.749,0.751,0.752,0.751,0.751,0.751,0.75,0.75,0.749,0.749,0.749,0.749,0.748,0.748,0.747,0.747,0.747,0.746,0.747,0.749,0.751,0.754,0.757,0.76,0.763,0,0,0,0,0,0,0,0,0,0,0,0,0,0.84,0.84,0.837,0.837,0.837,0.837,0.836,0.836,0.836,0.836,0.836,0.836,0.836,0.837,0.838,0.84,0.841,0.842,0.843,0.844,0.847,0.85,0.851,0.854,0.855,0.857,0.857,0.858,0.86,0.861,0.861,0.862,0.863,0.866,0.867,0.869,0.87,0.872,0.873,0.875,0.877,0.878,0.879,0.88,0.882,0.88,0.88,0.88,0.88,0.879,0.878,0.875,0.874,0.872,0.87,0.87,0,0,0,0,0,0,0,0,0,0,0,0,0,0.566,0.564,0.562,0.56,0.558,0.556,0.555,0.554,0.554,0.553,0.554,0.554,0.554,0.555,0.557,0.559,0.562,0.564,0.566,0.569,0.571,0.573,0.574,0.575,0.575,0.575,0.576,0.576,0.575,0.575,0.574,0.574,0.574,0.573,0.573,0.572,0.572,0.572,0.572,0.572,0.573,0.574,0.575,0.578,0,0.583,0.587,0.59,0.593,0.596,0.599,0.601,0.601,0.601,0.601,0.601,0.601,0.601,0.603,0.603,0.604,0.604,0.605,0.607,0.607,0.608,0.609,0.61,0.61,0.612,0.613,0.614,0.615,0.616,0.616,0,0.869,0.869,0.868,0.867,0.867,0.866,0.866,0.863,0.863,0.862,0.861,0.861,0.861,0.86,0.86,0.858,0.857,0.856,0.855,0.852,0.851,0.85,0.849,0.848,0.848,0.847,0.848,0.847,0.845,0.845,0.844,0.843,0.841,0.84,0.837,0.836,0.834,0.833,0.83,0.829,0.828,0.828,0.826,0.826,0.825,0.824,0.823,0.823,0.822,0.821,0.819,0.818,0.818,0.817,0.815,0.814,0.811,0.808,0.805,0.802,0.8,0.797,0.795,0.792,0.791,0.789,0.788,0.787,0.787,0.786,0.786,0.785,0.785,0.786,0.787,0.788,0.789,0.79,0.791,0.793,0.795,0.796,0.797,0.797,0.796,0.796,0.796,0.794,0.793,0.791,0.79,0.788,0.787,0.785,0.783,0.781,0.78,0.779,0.777,0.777,0.777,0.776,0.776,0.777,0.776,0.778,0.779,0.777,0.776,0.775,0.774,0.771,0.768,0.771,0.772,0.78,0.784,0,0,0,0.797,0,0,0,0,0,0,0,0,0,0,0,0,0,0,0,0.655,0.662,0.664,0.665,0.667,0.667,0.665,0.662,0.658,0.652,0,0,0,0,0,0,0,0,0,0,0,0,0,0,0,0,0,0,0,0,0,0,0,0,0,0,0,0,0,0,0.732,0.73,0.726,0.723,0.723,0,0.718,0.713,0.708,0.704,0.701,0.7,0.701,0.702,0.702,0.705,0.706,0.708,0.709,0.71,0.711,0.712,0.713,0.714,0.715,0.717,0.72,0.726,0.73,0.736,0.741,0.748,0.755,0.76,0.763,0.767,0.771,0.773,0,0,0,1.052,1.054,1.054,1.052,1.054,1.054,1.054,1.052,1.051,1.051
0,0,0,0,0,0,0,0,0,0,0,0,0,0,0,0,0,0,0,0,0,0,0,0,0,0,0,0,0,0,0,0,0,0,0,0,0,0,0,0,0,0,0,0,0,0.667,0.664,0.66,0.656,0.652,0.648,0.645,0.642,0.641,0.641,0.641,0.641,0.642,0.642,0.642,0.643,0.644,0.644,0.644,0.645,0.645,0.646,0.646,0.645,0.645,0.645,0.645,0.645,0.645,0.645,0.646,0.646,0.647,0.648,0.65,0.651,0.653,0.655,0.658,0.66,0.662,0.665,0.667,0.669,0.671,0.672,0.674,0.675,0.675,0.676,0.676,0.677,0.677,0.678,0.678,0.678,0,1.124,1.124,1.128,1.132,1.134,1.138,1.14,1.144,1.149,1.153,1.157,1.164,1.175,1.186,1.2,1.215,1.227,1.239,1.254,1.265,1.272,1.275,1.275,1.275,1.272,1.27,1.267,1.262,1.257,1.254,1.249,1.247,1.244,1.242,1.242,1.242,1.242,1.244,1.244,1.244,1.244,1.244,1.247,1.247,1.249,1.249,1.249,1.249,1.249,1.247,1.244,1.242,1.239,1.237,1.234,1.232,1.229,1.229,1.227,1.229,0,0,0,0,0,0,0,0,0,0,0,0,0,0,0,0,0,0,0,0,0,0,0,0,0,0,0,0,0.725,0.725,0.725,0.724,0.723,0.723,0.722,0.721,0.72,0.719,0.717,0.715,0.713,0.711,0.71,0.709,0.707,0.707,0.707,0.707,0.708,0.709,0.71,0.71,0.711,0.712,0.713,0.714,0.715,0.715,0.717,0.719,0.72,0.723,0.726,0.73,0.734,0.739,0.742,0.745,0.746,0.748,0.749,0.749,0.749,0.749,0.748,0.748,0.747,0.747,0.746,0.745,0.745,0.745,0.744,0.743,0.744,0.744,0.745,0.746,0.748,0.751,0.754,0.757,0.761,0,0,0,0,0,0,0,0,0,0,0,0,0,0.84,0.84,0.84,0.838,0.838,0.838,0.838,0.837,0.838,0.838,0.838,0.838,0.84,0.84,0.841,0.841,0.842,0.843,0.844,0.845,0.848,0.85,0.85,0.852,0.854,0.855,0.855,0.856,0.857,0.858,0.858,0.861,0.862,0.863,0.866,0.867,0.869,0.87,0.872,0.874,0.875,0.877,0.878,0.879,0.879,0.879,0.879,0.878,0.877,0.875,0.875,0.873,0.87,0.869,0.868,0.868,0.867,0,0,0,0,0,0,0,0,0,0,0,0,0,0.563,0.561,0.56,0.558,0.556,0.554,0.554,0.553,0.553,0.553,0.553,0.553,0.554,0.556,0.558,0.56,0.562,0.564,0.567,0.569,0.571,0.573,0.573,0.574,0.574,0.574,0.574,0.574,0.574,0.573,0.573,0.572,0.572,0.571,0.57,0.57,0.57,0.57,0.57,0.57,0.571,0.572,0.574,0.576,0,0.583,0.586,0.591,0.594,0.597,0.6,0.601,0.601,0.601,0.601,0.601,0.601,0.603,0.604,0.605,0.606,0.607,0.608,0.61,0.611,0.612,0.613,0.614,0.615,0.616,0.618,0.618,0.618,0.619,0.618,0,0.866,0.866,0.864,0.863,0.862,0.862,0.861,0.86,0.858,0.857,0.857,0.856,0.856,0.856,0.854,0.854,0.851,0.85,0.849,0.847,0.845,0.844,0.844,0.843,0.844,0.843,0.843,0.843,0.842,0.841,0.84,0.838,0.836,0.835,0.834,0.832,0.83,0.828,0.827,0.826,0.826,0.825,0.824,0.823,0.822,0.822,0.821,0.822,0.821,0.819,0.818,0.817,0.816,0.815,0.813,0.811,0.808,0.805,0.802,0.8,0.797,0.796,0.794,0.792,0.791,0.79,0.788,0.788,0.787,0.786,0.786,0.786,0.787,0.787,0.789,0.789,0.79,0.791,0.793,0.795,0.796,0.797,0.798,0.798,0.798,0.797,0.796,0.795,0.793,0.792,0.79,0.789,0.787,0.784,0.782,0.78,0.779,0.778,0.777,0.776,0.776,0.776,0.776,0.776,0.777,0.778,0.777,0.778,0.779,0.778,0.78,0.778,0.781,0.782,0.785,0.788,0.788,0.793,0.794,0.795,0.795,0.796,0,0,0,0,0,0,0,0,0,0,0,0,0,0,0.672,0.675,0,0.677,0.678,0.678,0.673,0.669,0,0,0,0,0,0,0,0,0,0,0,0,0,0,0,0,0,0,0,0,0,0,0,0,0,0,0,0.748,0.74,0.739,0,0,0,0.729,0.726,0.725,0.721,0,0.713,0,0,0.699,0.697,0.697,0.697,0.698,0.701,0.702,0.703,0.704,0.706,0.707,0.708,0.709,0.71,0.711,0.714,0.718,0.722,0,0.732,0,0.743,0,0.755,0,0,0,0,0,0,0,1.043,1.045,1.045,1.045,1.047,1.049,1.047,1.047,1.045,1.045
0,0,0,0,0,0,0,0,0,0,0,0,0,0,0,0,0,0,0,0,0,0,0,0,0,0,0,0,0,0,0,0,0,0,0,0,0,0,0,0,0,0,0,0,0,0.649,0.648,0.647,0.646,0.644,0.642,0.64,0.638,0.638,0.638,0.638,0.638,0.638,0.639,0.639,0.64,0.641,0.642,0.642,0.642,0.642,0.643,0.643,0.643,0.643,0.643,0.642,0.643,0.643,0.644,0.644,0.645,0.646,0.646,0.648,0.65,0.652,0.654,0.657,0.659,0.662,0.664,0.667,0.669,0.671,0.672,0.674,0.675,0.676,0.676,0.676,0.677,0.678,0.678,0.679,0.679,0.679,0,0,1.128,1.132,1.134,1.138,1.142,1.144,1.149,1.153,1.157,1.166,1.177,1.191,1.205,1.217,1.232,1.247,1.262,1.272,1.28,1.28,1.283,1.28,1.28,1.275,1.27,1.265,1.262,1.257,1.252,1.249,1.244,1.244,1.244,1.242,1.242,1.242,1.242,1.244,1.242,1.242,1.244,1.247,1.247,1.247,1.247,1.247,1.244,1.244,1.242,1.239,1.234,1.232,1.227,1.227,1.224,1.224,1.224,1.227,1.229,0,0,0,0,0,0,0,0,0,0,0,0,0,0,0,0,0,0,0,0,0,0,0,0,0,0,0.727,0.726,0.726,0.726,0.725,0.724,0.723,0.722,0.722,0.72,0.719,0.718,0.716,0.714,0.713,0.711,0.71,0.71,0.709,0.709,0.709,0.709,0.71,0.71,0.712,0.712,0.713,0.714,0.715,0.716,0.717,0.718,0.72,0.721,0.723,0.726,0.729,0.732,0.736,0.739,0.741,0.744,0.746,0.747,0.747,0.747,0.746,0.747,0.746,0.745,0.744,0.744,0.743,0.742,0.743,0.741,0.74,0.741,0.742,0.742,0.743,0.746,0,0,0,0,0,0,0,0,0,0,0,0,0,0,0,0,0,0.84,0.84,0.838,0.838,0.838,0.838,0.838,0.838,0.838,0.838,0.84,0.841,0.841,0.841,0.841,0.841,0.842,0.843,0.844,0.845,0.845,0.848,0.848,0.849,0.85,0.851,0.851,0.852,0.854,0.855,0.856,0.857,0.86,0.861,0.863,0.866,0.867,0.869,0.87,0.873,0.874,0.875,0.877,0.877,0.877,0.878,0.878,0.877,0.875,0.873,0.873,0.872,0.869,0.867,0.868,0.867,0.866,0.866,0,0,0,0,0,0,0,0,0,0,0,0,0.562,0.56,0.559,0.557,0.555,0.555,0.553,0.553,0.552,0.552,0.552,0.553,0.554,0.555,0.556,0.558,0.56,0.562,0.564,0.566,0.568,0.57,0.571,0.572,0.572,0.573,0.573,0.573,0.572,0.572,0.571,0.571,0.57,0.57,0.569,0.569,0.569,0.568,0.568,0.569,0.569,0.571,0.572,0.573,0.577,0,0,0.588,0.593,0.596,0.599,0.601,0.601,0.601,0.602,0.602,0.603,0.603,0.604,0.605,0.607,0.608,0.61,0.612,0.613,0.614,0.615,0.616,0.618,0.619,0.62,0.62,0.62,0.62,0,0,0,0.861,0.861,0.861,0.86,0.858,0.857,0.856,0.855,0.855,0.854,0.852,0.852,0.851,0.85,0.848,0.847,0.845,0.844,0.843,0.842,0.84,0.84,0.84,0.84,0.84,0.838,0.838,0.837,0.836,0.835,0.834,0.833,0.832,0.83,0.828,0.827,0.826,0.825,0.824,0.823,0.822,0.821,0.821,0.819,0.819,0.819,0.818,0.818,0.817,0.816,0.815,0.814,0.812,0.811,0.809,0.807,0.804,0.802,0.8,0.798,0.796,0.795,0.793,0.792,0.791,0.79,0.789,0.788,0.788,0.786,0.787,0.787,0.788,0.789,0.789,0.79,0.791,0.793,0.795,0.796,0.797,0.797,0.797,0.797,0.797,0.796,0.795,0.793,0.791,0.79,0.789,0.787,0.784,0.782,0.78,0.779,0.777,0.776,0.776,0.775,0.775,0.775,0.775,0.775,0.776,0.776,0.776,0.777,0.78,0.78,0.782,0.784,0.785,0.787,0.789,0.791,0.792,0.792,0.793,0.794,0.794,0.794,0.794,0.794,0.792,0.792,0,0,0,0,0,0,0,0,0,0.683,0,0,0,0.688,0.687,0.686,0.681,0.679,0.674,0,0,0,0,0,0,0,0,0,0,0,0,0,0,0,0,0,0,0,0,0,0,0,0.772,0.759,0.746,0.74,0.739,0,0.736,0,0.732,0.729,0.727,0,0.72,0,0.706,0,0,0.694,0.694,0.694,0.694,0.696,0.698,0.699,0.7,0.702,0.703,0.704,0.706,0.706,0.708,0.711,0.715,0.719,0,0.726,0.732,0.738,0.744,0.75,0,0,0,0,0,0,0,1.038,1.038,1.04,1.04,1.042,1.045,1.043,1.045,1.043,1.043
0,0,0,0,0,0,0,0,0,0,0,0,0,0,0,0,0,0,0,0,0,0,0,0,0,0,0,0,0,0,0,0,0,0,0,0,0,0,0,0,0,0,0,0,0,0.636,0.637,0.637,0.638,0.638,0.638,0.636,0.636,0.635,0.635,0.636,0.636,0.636,0.637,0.637,0.638,0.638,0.639,0.64,0.64,0.64,0.641,0.641,0.64,0.641,0.641,0.64,0.641,0.642,0.642,0.642,0.643,0.644,0.645,0.647,0.649,0.65,0.653,0.656,0.659,0.661,0.664,0.667,0.669,0.671,0.673,0.675,0.676,0.677,0.678,0.678,0.678,0.679,0.679,0.68,0.68,0.68,0.681,0.681,0,1.132,1.136,1.138,1.142,1.147,1.149,1.153,1.157,1.166,1.18,1.191,1.207,1.222,1.237,1.252,1.267,1.278,1.286,1.288,1.288,1.286,1.283,1.28,1.275,1.27,1.265,1.259,1.252,1.247,1.247,1.242,1.242,1.239,1.239,1.239,1.239,1.239,1.239,1.242,1.242,1.244,1.244,1.244,1.244,1.244,1.239,1.239,1.234,1.232,1.227,1.224,1.222,1.219,1.217,1.215,1.212,1.215,1.215,1.212,0,0,0,0,0,0,0,0,0,0,0,0,0,0,0,0,0,0,0,0,0,0,0,0.732,0.73,0.727,0.726,0.726,0.726,0.725,0.724,0.723,0.722,0.722,0.72,0.72,0.719,0.718,0.716,0.714,0.713,0.712,0.711,0.71,0.71,0.71,0.71,0.711,0.712,0.713,0.714,0.715,0.715,0.716,0.717,0.718,0.719,0.72,0.722,0.724,0.727,0.73,0.733,0.736,0.74,0.741,0.743,0.745,0.746,0.747,0.747,0.746,0.747,0.746,0.746,0.745,0.744,0.743,0.742,0.742,0.742,0.741,0.74,0.74,0.742,0,0,0,0,0,0,0,0,0,0,0,0,0,0,0,0,0,0,0,0.837,0.837,0.837,0.836,0.837,0.836,0.837,0.837,0.837,0.837,0.838,0.838,0.84,0.84,0.84,0.84,0.841,0.842,0.842,0.843,0.843,0.844,0.845,0.847,0.848,0.848,0.849,0.85,0.851,0.852,0.855,0.856,0.858,0.861,0.862,0.864,0.867,0.868,0.87,0.872,0.874,0.874,0.875,0.875,0.875,0.877,0.875,0.874,0.873,0.872,0.872,0.87,0.868,0.867,0.866,0.864,0.864,0.863,0,0,0,0,0,0,0,0,0,0,0,0,0,0.559,0.558,0.556,0.555,0.554,0.553,0.552,0.552,0.552,0.552,0.552,0.553,0.554,0.555,0.557,0.558,0.56,0.562,0.564,0.565,0.567,0.569,0.57,0.57,0.571,0.571,0.572,0.571,0.571,0.571,0.57,0.57,0.569,0.569,0.568,0.568,0.567,0.568,0.568,0.569,0.569,0.571,0.572,0.575,0.579,0,0,0.591,0.596,0.599,0.601,0.601,0.602,0.603,0.603,0.604,0.605,0.606,0.607,0.609,0.611,0.612,0.614,0.615,0.616,0.618,0.618,0.62,0.621,0.621,0.621,0.621,0.621,0.62,0,0,0,0.61,0,0.856,0.855,0.854,0.854,0.851,0.851,0.85,0.85,0.849,0.849,0.848,0.845,0.844,0.842,0.84,0.838,0.837,0.836,0.836,0.835,0.835,0.835,0.835,0.834,0.833,0.833,0.832,0.829,0.829,0.828,0.827,0.825,0.824,0.823,0.822,0.821,0.819,0.818,0.817,0.817,0.816,0.816,0.816,0.816,0.815,0.814,0.813,0.812,0.811,0.809,0.808,0.805,0.803,0.801,0.8,0.798,0.797,0.795,0.794,0.793,0.792,0.791,0.791,0.789,0.789,0.788,0.788,0.787,0.788,0.789,0.789,0.789,0.79,0.791,0.792,0.794,0.796,0.796,0.797,0.797,0.797,0.797,0.796,0.794,0.793,0.791,0.79,0.788,0.786,0.783,0.781,0.779,0.777,0.777,0.775,0.774,0.773,0.773,0.773,0.773,0.773,0.774,0.774,0.775,0.776,0.777,0.779,0.78,0.782,0.784,0.785,0.787,0.789,0.789,0.79,0.791,0.791,0.792,0.792,0.791,0.791,0.79,0.788,0.786,0.784,0.779,0,0,0,0,0,0,0.696,0.697,0.697,0.697,0,0,0,0.689,0.687,0,0,0,0,0,0,0,0,0,0,0,0,0,0,0,0,0,0,0,0,0,0,0,0,0,0.749,0.739,0.734,0.734,0,0.734,0.734,0.733,0.731,0.73,0.726,0,0.715,0,0.701,0.696,0.693,0.692,0.692,0.692,0.693,0.694,0.695,0.696,0.697,0.698,0.7,0.702,0.703,0.705,0.707,0.711,0.715,0.718,0.723,0.727,0.731,0,0.744,0,0,0,0,0,0,1.028,1.029,1.031,1.033,1.033,1.038,1.042,1.042,1.042,1.042,1.042
0,0,0,0,0,0,0,0,0,0,0,0,0,0,0,0,0,0,0,0,0,0,0,0,0,0,0,0,0,0,0,0,0,0,0,0,0,0,0,0,0,0,0,0,0,0.626,0.628,0.629,0.631,0.633,0.632,0.633,0.633,0.633,0.633,0.633,0.634,0.634,0.634,0.635,0.636,0.636,0.637,0.638,0.638,0.638,0.639,0.639,0.638,0.639,0.639,0.639,0.639,0.64,0.64,0.641,0.642,0.643,0.644,0.646,0.648,0.65,0.652,0.655,0.658,0.661,0.664,0.667,0.669,0.672,0.673,0.675,0.676,0.678,0.678,0.679,0.679,0.68,0.68,0.681,0.681,0.681,0.681,0.681,0.682,0.683,0,1.14,1.142,1.147,1.149,1.153,1.157,1.166,1.18,1.193,1.207,1.224,1.239,1.254,1.27,1.28,1.288,1.288,1.288,1.286,1.286,1.28,1.275,1.27,1.265,1.259,1.252,1.249,1.244,1.242,1.239,1.239,1.237,1.237,1.237,1.237,1.237,1.237,1.239,1.239,1.239,1.239,1.239,1.234,1.229,1.227,1.219,1.215,1.207,1.203,1.2,1.193,1.191,1.189,1.186,1.189,1.191,1.191,1.186,0,0,0,0,0,0,0,0,0,0,0,0,0,0,0,0,0,0,0,0,0,0.737,0.733,0.731,0.728,0.727,0.726,0.726,0.725,0.724,0.724,0.723,0.723,0.722,0.721,0.72,0.719,0.717,0.715,0.715,0.714,0.713,0.712,0.711,0.712,0.712,0.713,0.714,0.715,0.715,0.716,0.716,0.718,0.718,0.719,0.72,0.721,0.723,0.726,0.727,0.731,0.734,0.737,0.74,0.742,0.744,0.746,0.747,0.747,0.747,0.747,0.748,0.748,0.747,0.746,0.745,0.743,0.743,0.743,0.742,0.74,0.74,0,0,0,0,0,0,0,0,0,0,0,0,0,0,0,0,0,0,0,0,0,0.835,0.835,0.835,0.835,0.835,0.835,0.835,0.834,0.834,0.835,0.835,0.835,0.836,0.837,0.838,0.837,0.838,0.838,0.84,0.841,0.842,0.842,0.842,0.843,0.843,0.844,0.844,0.847,0.849,0.85,0.851,0.854,0.856,0.858,0.861,0.864,0.867,0.868,0.869,0.872,0.873,0.873,0.874,0.874,0.874,0.874,0.874,0.873,0.872,0.869,0.87,0.868,0.867,0.864,0.863,0.862,0.862,0.861,0,0,0,0,0,0,0,0,0,0,0,0,0,0,0.556,0.555,0.554,0.553,0.553,0.552,0.552,0.551,0.552,0.552,0.552,0.553,0.554,0.555,0.556,0.558,0.559,0.561,0.563,0.564,0.566,0.567,0.568,0.569,0.569,0.57,0.57,0.57,0.57,0.569,0.569,0.569,0.569,0.568,0.568,0.568,0.568,0.568,0.569,0.569,0.57,0.572,0.575,0.578,0,0,0.592,0.596,0.6,0.602,0.603,0.604,0.604,0.605,0.605,0.607,0.608,0.61,0.611,0.613,0.614,0.615,0.616,0.618,0.619,0.621,0.621,0.622,0.622,0.621,0.622,0.621,0.62,0.618,0.616,0.614,0.612,0.608,0,0,0,0.851,0.85,0.85,0.85,0.849,0.848,0.847,0.845,0.843,0.841,0.84,0.837,0.835,0.834,0.833,0.832,0.832,0.832,0.83,0.83,0.829,0.828,0.827,0.826,0.825,0.825,0.823,0.823,0.822,0.821,0.818,0.817,0.817,0.816,0.815,0.815,0.814,0.813,0.813,0.813,0.813,0.812,0.81,0.809,0.808,0.807,0.805,0.803,0.802,0.8,0.798,0.798,0.796,0.796,0.795,0.794,0.793,0.792,0.791,0.79,0.79,0.789,0.789,0.788,0.788,0.788,0.788,0.789,0.789,0.789,0.791,0.792,0.793,0.794,0.795,0.795,0.795,0.796,0.795,0.795,0.793,0.791,0.79,0.789,0.787,0.785,0.783,0.78,0.778,0.776,0.775,0.774,0.773,0.772,0.771,0.771,0.771,0.772,0.772,0.772,0.773,0.774,0.775,0.776,0.778,0.779,0.78,0.783,0.785,0.786,0.787,0.787,0.788,0.789,0.788,0.788,0.788,0.788,0.786,0.783,0.781,0.779,0.775,0,0,0,0,0,0.711,0.709,0.711,0.709,0.706,0.702,0.706,0.704,0,0.707,0.696,0,0,0,0,0,0,0,0,0,0,0,0,0,0,0,0,0,0,0,0,0,0,0,0.744,0.736,0.727,0.726,0,0.732,0.733,0.734,0.735,0.735,0.734,0.73,0.726,0,0.704,0,0.698,0.694,0.692,0.691,0.691,0.691,0.692,0.692,0.692,0.693,0.694,0.696,0.698,0.7,0.701,0.704,0.707,0.71,0.713,0.717,0.721,0.725,0,0.736,0,0,0,0,0,0,1.019,0,0,0,1.033,1.038,1.043,1.043,1.045,1.047,0
0,0,0,0,0,0,0,0,0,0,0,0,0,0,0,0,0,0,0,0,0,0,0,0,0,0,0,0,0,0,0,0,0,0,0,0,0,0,0,0,0,0,0,0.62,0.619,0.621,0.621,0.625,0.626,0.628,0.629,0.629,0.63,0.63,0.63,0.632,0.632,0.632,0.633,0.633,0.634,0.634,0.635,0.636,0.636,0.636,0.636,0.637,0.637,0.637,0.637,0.637,0.638,0.638,0.638,0.639,0.64,0.641,0.642,0.644,0.646,0.648,0.651,0.654,0.657,0.661,0.664,0.667,0.669,0.672,0.674,0.675,0.677,0.678,0.68,0.681,0.681,0.681,0.681,0.682,0.682,0.682,0.681,0.682,0.681,0.683,0,1.142,1.144,1.147,1.149,1.153,1.157,1.164,1.177,1.191,1.207,1.222,1.237,1.252,1.265,1.278,1.283,1.286,1.286,1.283,1.28,1.278,1.275,1.267,1.262,1.257,1.252,1.244,1.242,1.237,1.237,1.234,1.232,1.232,1.232,1.232,1.232,1.232,1.232,1.232,1.229,1.229,1.227,1.219,1.212,1.205,1.2,1.193,1.186,1.18,1.175,1.171,1.168,1.166,1.166,1.166,1.162,1.162,0,0,0,0,0,0,0,0,0,0,0,0,0,0,0,0.751,0.751,0.75,0.749,0.748,0.746,0.741,0.739,0.736,0.733,0.731,0.729,0.727,0.726,0.726,0.726,0.724,0.724,0.723,0.722,0.721,0.72,0.72,0.718,0.717,0.716,0.715,0.715,0.714,0.713,0.714,0.714,0.715,0.715,0.715,0.716,0.717,0.718,0.718,0.719,0.72,0.72,0.722,0.724,0.726,0.729,0.732,0.734,0.738,0.74,0.743,0.745,0.747,0.748,0.749,0.749,0.749,0.749,0.749,0.747,0.748,0.746,0.745,0.745,0.743,0.742,0.74,0,0,0,0,0,0,0,0,0,0,0.551,0.551,0.551,0.551,0,0,0,0,0,0,0,0.833,0.833,0.832,0.83,0.83,0.832,0.832,0.832,0.83,0.83,0.83,0.832,0.833,0.833,0.834,0.835,0.835,0.836,0.837,0.837,0.838,0.837,0.837,0.837,0.838,0.84,0.841,0.841,0.842,0.844,0.847,0.849,0.851,0.855,0.857,0.861,0.864,0.866,0.868,0.869,0.872,0.873,0.873,0.874,0.875,0.875,0.875,0.874,0.873,0.87,0.869,0.868,0.867,0.864,0.862,0.861,0.858,0.858,0.857,0.857,0,0,0,0,0,0,0,0,0,0,0,0,0,0.556,0.555,0.554,0.553,0.553,0.552,0.552,0.551,0.551,0.551,0.552,0.552,0.553,0.554,0.555,0.556,0.557,0.559,0.56,0.562,0.563,0.565,0.565,0.566,0.567,0.568,0.568,0.569,0.569,0.569,0.569,0.569,0.569,0.568,0.568,0.568,0.568,0.569,0.569,0.569,0.571,0.572,0.575,0.579,0.583,0,0.593,0.597,0.601,0.603,0.604,0.604,0.605,0.606,0.607,0.608,0.61,0.611,0.612,0.614,0.615,0.617,0.618,0.619,0.621,0.622,0.623,0.623,0.623,0.623,0.622,0.621,0.62,0.618,0.616,0.615,0.612,0.61,0.607,0.605,0,0,0,0.849,0.848,0.848,0.847,0.845,0.843,0.841,0.838,0.837,0.835,0.834,0.832,0.83,0.829,0.828,0.827,0.826,0.826,0.825,0.824,0.822,0.822,0.821,0.819,0.818,0.817,0.816,0.816,0.815,0.814,0.813,0.812,0.811,0.811,0.81,0.81,0.809,0.809,0.808,0.807,0.805,0.804,0.803,0.802,0.8,0.799,0.798,0.796,0.796,0.795,0.795,0.794,0.793,0.793,0.792,0.792,0.791,0.791,0.79,0.79,0.789,0.789,0.788,0.788,0.788,0.788,0.789,0.789,0.789,0.79,0.792,0.793,0.793,0.793,0.794,0.794,0.793,0.792,0.791,0.79,0.788,0.787,0.786,0.783,0.781,0.78,0.778,0.776,0.774,0.773,0.772,0.77,0.77,0.77,0.77,0.77,0.77,0.77,0.77,0.771,0.772,0.773,0.774,0.776,0.777,0.779,0.781,0.782,0.783,0.784,0.783,0.785,0.784,0.785,0.783,0.783,0.782,0.779,0.777,0.773,0.769,0,0,0,0,0.732,0.729,0.726,0.724,0.721,0.719,0.716,0.717,0.717,0.714,0.713,0.719,0,0,0,0,0,0,0,0,0,0,0,0,0,0,0,0,0,0,0,0,0,0,0,0,0,0.718,0.72,0,0,0,0,0,0.733,0,0,0,0.698,0.695,0.694,0.693,0.692,0.693,0.691,0.691,0.691,0.691,0.691,0.691,0.691,0.691,0.692,0.694,0.695,0.697,0.7,0.703,0.706,0.709,0.713,0.716,0.72,0,0,0,0,0,0,0,0,1.009,1.021,0,0,1.029,1.036,1.042,1.045,1.045,0,0
0,0,0,0,0,0,0,0,0,0,0,0,0,0,0,0,0,0,0,0,0,0,0,0,0,0,0,0,0,0,0,0,0,0,0,0,0,0,0,0,0,0,0.615,0.614,0.615,0.616,0.618,0.62,0.622,0.624,0.625,0.626,0.627,0.628,0.628,0.63,0.63,0.631,0.631,0.632,0.632,0.633,0.634,0.634,0.634,0.634,0.635,0.635,0.636,0.635,0.636,0.636,0.636,0.636,0.637,0.638,0.638,0.64,0.641,0.642,0.644,0.647,0.65,0.654,0.657,0.66,0.663,0.667,0.669,0.672,0.674,0.675,0.678,0.68,0.681,0.681,0.682,0.682,0.683,0.682,0.683,0.683,0.683,0.682,0.682,0.684,0.684,0.684,1.144,1.147,1.149,1.151,1.155,1.164,1.175,1.189,1.203,1.217,1.232,1.247,1.259,1.27,1.275,1.28,1.28,1.28,1.275,1.272,1.27,1.265,1.259,1.254,1.247,1.242,1.237,1.234,1.229,1.229,1.227,1.227,1.224,1.224,1.224,1.222,1.224,1.222,1.217,1.215,1.21,1.2,1.193,1.186,1.177,1.168,1.16,1.155,1.147,1.144,0,0,0,0,0,0,0,0,0,0,0,0,0,0,0,0,0,0,0,0,0,0.754,0.754,0.753,0.753,0.75,0.749,0.745,0.742,0.74,0.736,0.733,0.732,0.729,0.728,0.726,0.726,0.725,0.724,0.723,0.722,0.722,0.721,0.72,0.72,0.718,0.718,0.716,0.716,0.715,0.715,0.715,0.715,0.715,0.716,0.717,0.718,0.718,0.719,0.72,0.72,0.721,0.722,0.724,0.726,0.728,0.731,0.734,0.737,0.74,0.742,0.745,0.748,0.749,0.75,0.751,0.751,0.751,0.751,0.751,0.749,0.749,0.748,0.747,0.745,0.745,0.743,0.74,0,0,0,0,0,0,0,0,0,0.551,0.551,0.551,0.55,0.55,0.55,0,0,0,0,0,0,0,0.826,0.827,0.826,0.827,0.827,0.827,0.828,0.828,0.828,0.828,0.828,0.829,0.83,0.832,0.833,0.834,0.834,0.835,0.835,0.836,0.836,0.836,0.835,0.836,0.836,0.836,0.837,0.84,0.842,0.844,0.847,0.85,0.852,0.857,0.86,0.864,0.866,0.868,0.87,0.873,0.874,0.874,0.875,0.874,0.875,0.874,0.874,0.872,0.869,0.867,0.867,0.866,0.863,0.86,0.858,0.856,0.856,0.855,0.854,0.85,0,0,0,0,0,0,0,0,0,0,0,0,0,0.554,0.554,0.553,0.553,0.552,0.552,0.551,0.551,0.551,0.551,0.551,0.552,0.553,0.553,0.554,0.555,0.557,0.558,0.56,0.561,0.562,0.563,0.564,0.565,0.566,0.566,0.567,0.567,0.568,0.568,0.568,0.569,0.569,0.569,0.569,0.569,0.569,0.569,0.57,0.571,0.573,0.576,0.58,0.584,0,0.593,0.598,0.601,0.603,0.604,0.605,0.606,0.607,0.608,0.609,0.61,0.612,0.613,0.615,0.616,0.618,0.619,0.62,0.621,0.623,0.623,0.624,0.624,0.623,0.623,0.621,0.62,0.618,0.616,0.615,0.613,0.61,0.608,0.605,0.603,0.599,0.596,0,0,0,0,0.843,0.842,0.84,0.837,0.835,0.834,0.832,0.83,0.828,0.827,0.826,0.825,0.823,0.822,0.821,0.819,0.818,0.816,0.816,0.814,0.813,0.813,0.812,0.811,0.81,0.809,0.809,0.808,0.807,0.805,0.805,0.804,0.804,0.802,0.802,0.801,0.8,0.798,0.797,0.796,0.795,0.794,0.794,0.792,0.792,0.792,0.792,0.792,0.792,0.792,0.792,0.791,0.791,0.79,0.79,0.79,0.789,0.789,0.789,0.789,0.789,0.789,0.789,0.79,0.789,0.79,0.791,0.792,0.792,0.792,0.792,0.792,0.791,0.79,0.789,0.788,0.787,0.785,0.784,0.783,0.78,0.779,0.777,0.775,0.774,0.772,0.771,0.77,0.769,0.768,0.768,0.768,0.768,0.767,0.768,0.768,0.769,0.769,0.77,0.772,0.773,0.774,0.775,0.776,0.777,0.778,0.778,0.779,0.779,0.779,0.778,0.777,0.777,0.774,0.771,0.768,0.764,0,0.752,0,0.739,0.733,0.732,0.732,0.73,0.729,0.728,0.727,0.728,0.727,0.726,0,0.726,0.73,0,0,0,0,0,0,0,0,0,0,0,0,0,0,0,0,0,0,0,0,0.707,0.709,0.71,0.71,0.711,0.715,0.713,0.71,0.704,0.698,0,0,0,0,0,0.68,0.679,0.681,0.684,0.686,0.688,0.689,0.69,0.69,0.69,0.69,0.689,0.689,0.689,0.689,0.69,0.691,0.693,0.696,0.699,0.702,0.705,0.708,0.712,0,0,0,0,0,0,0,0,0,1.001,1.011,1.016,0,1.024,1.036,1.045,1.045,0,0,0
0,0,0,0,0,0,0,0,0,0,0,0,0,0,0,0,0,0,0,0,0,0,0,0,0,0,0,0,0,0,0,0,0,0,0,0,0,0,0,0,0,0.61,0.611,0.612,0.612,0.613,0.615,0.616,0.618,0.621,0.622,0.623,0.625,0.626,0.627,0.628,0.629,0.63,0.63,0.63,0.631,0.632,0.632,0.632,0.633,0.632,0.633,0.633,0.634,0.634,0.634,0.634,0.634,0.634,0.635,0.636,0.636,0.638,0.639,0.641,0.643,0.646,0.65,0.653,0.657,0.66,0.664,0.667,0.669,0.672,0.675,0.676,0.678,0.68,0.681,0.682,0.683,0.683,0.684,0.684,0.684,0.684,0.683,0.683,0.683,0.684,0.684,0.685,0.686,1.147,1.149,1.153,1.155,1.162,1.173,1.186,1.198,1.21,1.222,1.234,1.247,1.259,1.265,1.27,1.272,1.27,1.27,1.267,1.265,1.262,1.257,1.249,1.244,1.239,1.234,1.229,1.227,1.224,1.222,1.222,1.219,1.217,1.217,1.215,1.212,1.207,1.203,1.2,1.191,1.18,1.171,1.16,1.153,1.144,1.134,1.128,0,0,1.111,1.107,0,0,1.095,1.097,1.095,0,0,0,0,0,0,0,0,0,0,0,0.756,0,0,0.756,0.755,0.755,0.754,0.752,0.75,0.749,0.746,0.744,0.741,0.738,0.735,0.733,0.732,0.73,0.728,0.726,0.726,0.724,0.723,0.722,0.721,0.72,0.72,0.72,0.719,0.718,0.718,0.717,0.717,0.717,0.717,0.717,0.718,0.718,0.719,0.72,0.72,0.72,0.721,0.723,0.724,0.726,0.728,0.731,0.734,0.737,0.74,0.742,0.745,0.748,0.749,0.751,0.752,0.753,0.754,0.754,0.754,0.753,0.752,0.751,0.749,0.747,0.747,0,0,0,0,0,0,0,0,0,0,0.552,0.551,0.551,0.55,0.55,0.55,0.55,0.55,0,0,0,0,0,0,0,0.818,0.819,0.819,0.821,0.823,0.824,0.824,0.825,0.826,0.826,0.827,0.828,0.829,0.829,0.83,0.832,0.832,0.833,0.834,0.834,0.834,0.833,0.833,0.833,0.834,0.835,0.834,0.836,0.838,0.841,0.844,0.848,0.851,0.854,0.858,0.863,0.866,0.868,0.869,0.872,0.873,0.874,0.873,0.873,0.873,0.872,0.87,0.869,0.867,0.864,0.864,0.863,0.861,0.858,0.855,0.855,0.852,0.852,0.851,0.848,0,0,0,0,0,0,0,0,0,0,0,0,0,0.553,0.553,0.553,0.552,0.552,0.551,0.551,0.551,0.551,0.551,0.551,0.551,0.552,0.552,0.553,0.554,0.555,0.556,0.558,0.559,0.56,0.561,0.563,0.564,0.564,0.565,0.566,0.566,0.567,0.567,0.568,0.569,0.569,0.569,0.569,0.57,0.57,0.57,0.57,0.572,0.574,0.577,0.58,0.584,0.589,0.593,0.598,0.601,0.603,0.604,0.604,0.606,0.607,0.608,0.61,0.611,0.612,0.613,0.615,0.616,0.618,0.62,0.621,0.622,0.623,0.623,0.624,0.623,0.623,0.621,0.621,0.62,0.618,0.616,0.615,0.613,0.611,0.608,0.606,0.603,0.6,0.597,0.593,0.589,0.585,0,0,0,0,0.836,0.834,0.832,0.83,0.828,0.826,0.825,0.823,0.822,0.821,0.819,0.818,0.815,0.814,0.813,0.812,0.81,0.81,0.808,0.808,0.805,0.804,0.804,0.803,0.802,0.801,0.801,0.8,0.798,0.798,0.797,0.796,0.795,0.794,0.793,0.792,0.791,0.79,0.789,0.789,0.788,0.788,0.789,0.789,0.79,0.79,0.791,0.791,0.79,0.79,0.79,0.79,0.79,0.79,0.789,0.789,0.789,0.789,0.79,0.79,0.79,0.79,0.791,0.792,0.792,0.792,0.792,0.791,0.791,0.79,0.789,0.788,0.786,0.785,0.784,0.783,0.782,0.78,0.779,0.777,0.775,0.773,0.772,0.771,0.769,0.768,0.767,0.767,0.766,0.766,0.765,0.765,0.765,0.765,0.765,0.766,0.767,0.768,0.769,0.77,0.771,0.771,0.771,0.772,0.771,0.772,0.772,0.771,0.771,0.769,0.768,0.765,0.763,0.76,0.755,0.749,0.743,0.739,0.733,0.732,0.732,0.731,0.731,0.731,0.731,0.731,0.732,0.732,0.732,0.732,0.733,0.734,0,0,0,0,0,0,0,0,0,0,0,0,0,0,0,0,0,0,0.699,0.702,0.702,0.702,0.702,0.703,0.706,0.703,0.699,0.694,0.687,0,0,0,0.672,0.669,0.671,0.672,0.674,0.678,0.682,0.684,0.687,0.687,0.689,0.688,0.687,0.687,0.687,0.686,0.686,0.686,0.687,0.689,0.691,0.695,0.698,0.7,0.703,0.706,0,0,0,0,0,0,0,0,0,0,1.003,1.007,0,1.019,1.038,1.045,0,0,0,0
0,0,0,0,0,0,0,0,0,0,0,0,0,0,0,0,0,0,0,0,0,0,0,0,0,0,0,0,0,0,0,0,0,0,0,0,0,0,0,0,0,0.609,0.609,0.61,0.61,0.611,0.612,0.614,0.616,0.618,0.62,0.621,0.623,0.625,0.626,0.628,0.629,0.63,0.63,0.63,0.631,0.632,0.632,0.632,0.632,0.632,0.632,0.632,0.632,0.632,0.632,0.632,0.632,0.632,0.632,0.634,0.634,0.635,0.637,0.639,0.642,0.645,0.648,0.652,0.656,0.66,0.664,0.667,0.669,0.672,0.675,0.676,0.678,0.681,0.682,0.683,0.684,0.684,0.684,0.684,0.685,0.684,0.684,0.684,0.684,0.685,0.685,0.686,0.686,0.686,1.151,1.153,1.157,1.164,1.173,1.184,1.193,1.205,1.215,1.224,1.234,1.244,1.254,1.254,1.259,1.259,1.259,1.259,1.259,1.257,1.252,1.247,1.242,1.234,1.229,1.224,1.219,1.217,1.215,1.212,1.21,1.21,1.207,1.205,1.203,1.196,1.189,1.182,1.173,1.16,1.147,1.134,1.124,1.115,1.103,1.095,1.088,1.082,1.076,1.073,1.065,1.063,1.056,1.052,1.051,1.043,0,0,0,0,0,0,0,0,0,0.762,0.76,0.759,0.759,0.76,0.759,0.759,0.757,0.755,0.754,0.752,0.75,0.748,0.745,0.742,0.74,0.736,0.735,0.732,0.731,0.728,0.726,0.725,0.724,0.723,0.722,0.721,0.72,0.72,0.72,0.719,0.719,0.718,0.718,0.718,0.719,0.719,0.719,0.72,0.72,0.72,0.721,0.723,0.724,0.725,0.726,0.728,0.731,0.734,0.737,0.74,0.743,0.746,0.749,0.75,0.752,0.754,0.755,0.756,0.756,0.756,0.756,0.755,0.754,0.753,0.751,0.749,0,0,0,0,0,0,0,0,0,0,0.552,0.552,0.551,0.551,0.551,0.55,0.55,0.549,0.549,0,0,0,0,0,0,0,0,0.809,0.81,0.813,0.815,0.817,0.818,0.821,0.822,0.823,0.824,0.825,0.825,0.826,0.827,0.828,0.829,0.83,0.832,0.832,0.83,0.83,0.83,0.83,0.832,0.832,0.832,0.834,0.836,0.838,0.842,0.845,0.849,0.851,0.856,0.861,0.863,0.866,0.867,0.87,0.872,0.872,0.872,0.872,0.87,0.87,0.868,0.867,0.864,0.862,0.862,0.861,0.858,0.856,0.855,0.852,0.851,0.85,0.849,0.847,0,0,0,0,0,0,0,0,0,0,0,0,0,0.553,0.553,0.553,0.553,0.553,0.552,0.551,0.551,0.55,0.55,0.55,0.551,0.551,0.551,0.551,0.552,0.553,0.555,0.556,0.557,0.558,0.56,0.561,0.562,0.563,0.564,0.565,0.566,0.567,0.567,0.568,0.569,0.569,0.569,0.57,0.57,0.571,0.571,0.571,0.573,0.575,0.578,0.581,0.585,0.589,0.593,0.597,0.6,0.602,0.603,0.604,0.605,0.607,0.608,0.609,0.61,0.612,0.613,0.615,0.617,0.618,0.62,0.621,0.622,0.623,0.623,0.623,0.623,0.623,0.622,0.621,0.62,0.618,0.616,0.615,0.613,0.611,0.608,0.607,0.604,0.601,0.597,0.593,0.589,0.585,0.584,0.581,0.58,0.579,0,0,0,0,0.827,0.825,0.824,0.823,0.819,0.818,0.817,0.815,0.814,0.811,0.81,0.808,0.807,0.805,0.804,0.803,0.802,0.801,0.8,0.8,0.799,0.799,0.798,0.796,0.795,0.793,0.792,0.792,0.789,0.788,0.786,0.785,0.785,0.784,0.784,0.784,0.783,0.784,0.785,0.786,0.786,0.788,0.788,0.789,0.789,0.789,0.789,0.789,0.789,0.789,0.789,0.789,0.789,0.79,0.79,0.79,0.79,0.791,0.791,0.792,0.792,0.792,0.792,0.791,0.791,0.789,0.788,0.787,0.786,0.785,0.784,0.783,0.781,0.78,0.778,0.776,0.774,0.772,0.771,0.769,0.768,0.767,0.766,0.765,0.764,0.764,0.763,0.762,0.762,0.762,0.762,0.762,0.762,0.763,0.764,0.764,0.765,0.765,0.765,0.765,0.764,0.764,0.764,0.763,0.763,0.762,0.761,0.759,0.755,0.752,0.749,0.745,0.74,0.737,0.733,0.732,0.731,0.731,0.731,0.731,0.731,0.731,0.732,0.731,0.732,0.732,0.733,0.733,0.733,0.734,0,0,0,0,0,0,0,0,0,0,0,0,0,0,0,0.697,0.697,0.698,0.697,0.695,0.695,0.695,0.697,0.691,0,0,0,0.65,0.649,0.65,0.65,0,0,0.665,0.669,0.675,0.68,0.684,0.686,0.687,0.688,0.687,0.687,0.687,0.685,0.684,0.684,0.684,0.684,0.685,0.687,0.689,0.691,0.693,0.695,0.698,0,0,0,0,0,0,0,0,0,0,0.994,0,0,0,0,0,0,0,0,0
0,0,0,0,0,0,0,0,0,0,0,0,0,0,0,0,0,0,0,0,0,0,0,0,0,0,0,0,0,0,0,0,0,0,0,0,0,0,0,0,0.608,0.608,0.607,0.608,0.609,0.61,0.61,0.612,0.613,0.616,0.618,0.621,0.623,0.625,0.626,0.628,0.63,0.63,0.631,0.632,0.632,0.632,0.633,0.633,0.632,0.632,0.631,0.631,0.631,0.631,0.631,0.63,0.63,0.63,0.63,0.631,0.632,0.634,0.635,0.638,0.64,0.644,0.648,0.652,0.655,0.66,0.664,0.667,0.67,0.673,0.675,0.676,0.679,0.681,0.682,0.684,0.684,0.685,0.685,0.686,0.686,0.686,0.686,0.684,0.684,0.685,0.685,0.686,0.686,0.686,1.151,1.155,1.157,1.164,1.171,1.18,1.189,1.196,1.205,1.215,1.222,1.232,1.239,1.242,1.244,1.247,1.249,1.249,1.252,1.249,1.247,1.242,1.237,1.232,1.224,1.219,1.215,1.212,1.207,1.207,1.205,1.203,1.2,1.193,1.189,1.182,1.175,1.162,1.147,1.13,1.111,1.095,1.084,1.078,1.065,1.056,1.049,1.043,1.043,1.035,1.031,1.023,0.998,0.983,0.971,0,0.924,0,0,0,0,0,0,0,0,0.768,0.764,0.762,0.762,0.762,0.762,0.761,0.76,0.759,0.758,0.756,0.754,0.751,0.749,0.747,0.744,0.74,0.739,0.736,0.734,0.731,0.729,0.727,0.726,0.724,0.723,0.722,0.721,0.72,0.72,0.72,0.72,0.72,0.72,0.72,0.72,0.72,0.72,0.721,0.721,0.722,0.723,0.724,0.725,0.726,0.729,0.731,0.733,0.737,0.74,0.743,0.746,0.749,0.751,0.754,0.756,0.758,0.758,0.759,0.759,0.759,0.758,0.758,0.757,0.756,0.754,0.752,0,0,0,0,0,0,0,0,0,0,0.552,0.551,0.55,0.55,0.55,0.55,0.549,0.549,0.549,0,0,0,0,0,0,0,0.793,0.797,0.799,0.802,0.805,0.809,0.811,0.813,0.815,0.817,0.818,0.819,0.821,0.822,0.823,0.823,0.824,0.826,0.827,0.828,0.828,0.828,0.828,0.829,0.83,0.83,0.832,0.833,0.835,0.838,0.842,0.844,0.847,0.85,0.855,0.858,0.861,0.863,0.864,0.867,0.868,0.869,0.869,0.869,0.868,0.867,0.864,0.863,0.862,0.86,0.86,0.858,0.857,0.855,0.852,0.851,0.85,0.849,0.848,0.845,0,0,0,0,0,0,0,0,0,0,0,0,0,0,0.553,0.553,0.553,0.553,0.552,0.551,0.551,0.55,0.55,0.55,0.55,0.55,0.55,0.55,0.551,0.552,0.553,0.554,0.556,0.557,0.558,0.559,0.561,0.562,0.563,0.564,0.565,0.566,0.567,0.568,0.569,0.569,0.57,0.57,0.571,0.571,0.572,0.572,0.574,0.577,0.579,0,0.586,0.589,0.593,0.596,0.598,0.601,0.602,0.603,0.605,0.606,0.607,0.609,0.61,0.612,0.613,0.615,0.616,0.617,0.618,0.62,0.621,0.622,0.622,0.623,0.622,0.621,0.621,0.62,0.619,0.618,0.616,0.615,0.613,0.611,0.609,0.607,0.604,0.601,0.597,0.594,0.59,0.585,0.584,0.582,0.58,0.579,0.577,0.575,0.573,0.572,0,0,0,0,0.818,0.816,0.815,0.814,0.811,0.809,0.808,0.807,0.804,0.803,0.802,0.801,0.801,0.799,0.799,0.798,0.797,0.796,0.796,0.794,0.792,0.79,0.788,0.786,0.785,0.783,0.781,0.78,0.779,0.779,0.778,0.779,0.779,0.78,0.781,0.782,0.784,0.786,0.786,0.787,0.788,0.788,0.789,0.789,0.79,0.79,0.79,0.79,0.79,0.79,0.791,0.791,0.792,0.792,0.793,0.793,0.793,0.793,0.793,0.792,0.791,0.791,0.79,0.788,0.787,0.786,0.784,0.784,0.783,0.781,0.779,0.777,0.776,0.774,0.772,0.77,0.769,0.768,0.766,0.765,0.764,0.763,0.762,0.762,0.761,0.76,0.76,0.759,0.759,0.758,0.759,0.76,0.759,0.759,0.759,0.758,0.758,0.757,0.757,0.757,0.756,0.754,0.752,0.751,0.749,0.745,0.742,0.739,0.736,0.732,0.731,0.73,0.73,0.73,0.729,0.729,0.73,0.73,0.73,0.731,0.73,0.731,0.732,0.731,0.731,0.731,0.731,0,0,0,0,0,0,0,0,0,0,0,0,0,0,0,0.692,0.692,0.691,0.69,0.687,0.684,0.685,0,0.675,0.67,0,0.658,0.657,0.657,0.656,0.655,0.659,0,0,0,0.677,0.681,0.683,0.685,0.686,0.686,0.684,0.684,0.684,0.682,0.681,0.681,0.681,0.681,0.682,0.684,0.685,0.687,0.687,0.69,0,0,0,0,0,0,0,0,0,0,0,0,0,0,0,0,0,0,0,0
0,0,0,0,0,0,0,0,0,0,0,0,0,0,0,0,0,0,0,0,0,0,0,0,0,0,0,0,0,0,0,0,0,0,0,0,0,0,0,0,0.606,0.606,0.607,0.607,0.607,0.608,0.609,0.611,0.613,0.615,0.618,0.621,0.623,0.625,0.626,0.628,0.63,0.632,0.632,0.633,0.633,0.634,0.634,0.634,0.634,0.633,0.632,0.632,0.631,0.63,0.63,0.629,0.629,0.628,0.629,0.63,0.631,0.632,0.633,0.636,0.639,0.642,0.646,0.651,0.655,0.659,0.664,0.667,0.67,0.673,0.675,0.677,0.679,0.681,0.683,0.684,0.684,0.685,0.687,0.687,0.687,0.687,0.686,0.686,0.686,0.686,0.686,0.686,0.687,0.686,0.687,1.153,1.157,1.162,1.168,1.177,1.184,1.191,1.198,1.203,1.21,1.217,1.224,1.229,1.232,1.237,1.239,1.239,1.242,1.242,1.242,1.237,1.232,1.224,1.222,1.215,1.21,1.207,1.203,1.198,1.196,1.193,1.191,1.182,1.175,1.171,1.162,1.147,1.132,1.113,1.092,1.073,1.058,1.045,1.035,1.019,1.011,1.001,0.994,0.986,0.979,0,0.957,0.945,0.933,0,0,0,0,0,0,0,0,0,0,0.771,0.767,0.765,0.765,0.764,0.764,0.763,0.762,0.762,0.761,0.76,0.758,0.756,0.753,0.75,0.748,0.745,0.742,0.74,0.738,0.735,0.732,0.73,0.728,0.726,0.726,0.724,0.723,0.722,0.721,0.721,0.721,0.721,0.721,0.721,0.721,0.722,0.722,0.722,0.723,0.723,0.725,0.726,0.727,0.729,0.731,0.733,0.736,0.74,0.743,0.746,0.749,0.751,0.754,0.756,0.758,0.76,0.759,0.76,0.761,0.761,0.76,0.76,0.759,0.758,0.756,0,0,0,0,0,0,0,0,0,0,0.551,0.55,0.55,0.55,0.55,0.549,0.549,0.548,0.549,0,0,0,0,0,0,0,0,0.781,0.783,0.785,0.789,0.794,0.797,0.8,0.803,0.808,0.81,0.812,0.814,0.815,0.816,0.818,0.818,0.821,0.822,0.824,0.825,0.825,0.826,0.827,0.828,0.829,0.83,0.832,0.834,0.836,0.84,0.842,0.844,0.847,0.85,0.854,0.857,0.86,0.861,0.863,0.864,0.866,0.867,0.866,0.866,0.864,0.864,0.862,0.861,0.86,0.857,0.857,0.856,0.855,0.852,0.851,0.849,0.848,0.847,0.845,0.844,0.843,0,0,0,0,0,0,0,0,0,0,0,0,0,0.552,0.552,0.552,0.552,0.551,0.551,0.55,0.55,0.549,0.549,0.549,0.549,0.549,0.549,0.55,0.551,0.552,0.553,0.554,0.555,0.557,0.558,0.559,0.561,0.562,0.563,0.564,0.566,0.566,0.567,0.569,0.569,0.57,0.571,0.571,0.572,0.572,0.573,0.575,0.578,0.581,0,0.586,0.59,0.593,0.596,0.598,0.6,0.601,0.602,0.604,0.605,0.607,0.608,0.609,0.61,0.612,0.613,0.614,0.616,0.616,0.618,0.618,0.619,0.62,0.62,0.62,0.62,0.62,0.619,0.618,0.617,0.616,0.615,0.613,0.612,0.609,0.607,0.604,0.601,0.598,0.594,0.59,0.586,0.584,0.583,0,0.579,0.577,0.575,0.573,0.572,0.57,0.569,0.567,0,0,0,0.813,0.811,0.81,0.808,0.805,0.803,0.802,0.802,0.8,0.8,0.799,0.798,0.797,0.797,0.796,0.795,0.794,0.792,0.79,0.788,0.785,0.783,0.78,0.779,0.777,0.775,0.774,0.774,0.773,0.774,0.775,0.776,0.778,0.779,0.78,0.782,0.784,0.786,0.787,0.787,0.788,0.788,0.789,0.789,0.79,0.79,0.79,0.791,0.791,0.792,0.793,0.793,0.794,0.794,0.794,0.795,0.795,0.794,0.793,0.792,0.791,0.79,0.789,0.788,0.787,0.786,0.785,0.784,0.783,0.781,0.779,0.778,0.776,0.774,0.772,0.77,0.768,0.765,0.763,0.762,0.762,0.76,0.759,0.757,0.756,0.755,0.754,0.753,0.753,0.752,0.752,0.752,0.751,0.75,0.749,0.749,0.749,0.749,0.748,0.747,0.745,0.743,0.74,0.739,0.737,0.733,0.732,0.729,0.728,0.728,0.727,0.727,0.727,0.727,0.728,0.728,0.728,0.727,0.728,0.727,0.728,0.727,0.726,0.725,0.725,0.723,0,0,0,0,0,0,0,0,0,0,0,0,0,0.697,0.694,0.693,0.691,0.691,0.689,0.686,0,0,0,0,0,0.663,0.662,0.661,0.661,0.659,0.662,0.664,0.667,0.671,0,0,0,0.681,0.683,0.683,0.681,0.682,0.681,0.68,0.679,0.678,0.677,0.678,0.678,0.679,0.679,0.68,0,0,0,0,0,0,0,0,0,0,0,0,0,0,0,0,0,0,0,0,0,0
0,0,0,0,0,0,0,0,0,0,0,0,0,0,0,0,0,0,0,0,0,0,0,0,0,0,0,0,0,0,0,0,0,0,0,0,0,0,0,0.605,0.605,0.605,0.605,0.605,0.607,0.608,0.609,0.611,0.612,0.615,0.618,0.621,0.623,0.625,0.627,0.629,0.632,0.632,0.634,0.634,0.635,0.636,0.636,0.636,0.636,0.634,0.633,0.632,0.631,0.63,0.63,0.628,0.627,0.627,0.628,0.628,0.629,0.63,0.632,0.634,0.638,0.641,0.646,0.65,0.654,0.659,0.664,0.667,0.669,0.673,0.675,0.677,0.679,0.681,0.683,0.684,0.685,0.686,0.687,0.687,0.688,0.688,0.687,0.687,0.686,0.687,0.687,0.687,0.687,0.686,0.686,0,1.155,1.162,1.166,1.173,1.18,1.186,1.191,1.196,1.2,1.205,1.215,1.217,1.219,1.224,1.227,1.229,1.232,1.237,1.234,1.232,1.227,1.219,1.215,1.21,1.203,1.2,1.196,1.191,1.189,1.186,1.18,1.173,1.166,1.157,0,1.134,1.115,1.088,1.065,1.042,1.024,1.011,1.001,0.988,0.98,0,0.966,0.96,0.956,0.948,0.943,0.933,0,0,0,0,0,0,0.827,0.809,0,0,0,0.774,0.77,0.769,0.769,0.767,0.767,0.767,0.766,0.766,0.764,0.763,0.762,0.76,0.757,0.755,0.752,0.75,0.747,0.744,0.741,0.739,0.735,0.732,0.731,0.729,0.727,0.726,0.724,0.723,0.722,0.723,0.723,0.723,0.722,0.722,0.722,0.723,0.723,0.724,0.724,0.725,0.726,0.726,0.728,0.73,0.732,0.735,0.738,0.741,0.745,0.748,0.75,0.753,0.756,0.758,0.76,0.761,0.761,0.761,0.761,0.761,0.761,0.761,0.761,0.76,0,0,0,0,0,0,0,0,0,0,0.549,0.549,0.549,0.549,0.549,0.549,0.548,0.548,0.548,0,0,0,0,0,0,0,0.765,0.768,0.769,0.771,0.774,0.779,0.783,0.787,0.791,0.794,0.798,0.802,0.805,0.809,0.811,0.812,0.813,0.815,0.816,0.818,0.821,0.823,0.825,0.826,0.827,0.829,0.83,0.833,0.834,0.835,0.837,0.841,0.842,0.845,0.848,0.85,0.854,0.856,0.858,0.86,0.861,0.862,0.863,0.863,0.863,0.863,0.862,0.862,0.861,0.858,0.857,0.856,0.855,0.855,0.852,0.852,0.85,0.848,0.847,0.845,0.845,0.843,0.842,0,0,0,0,0,0,0,0,0,0,0,0,0,0.551,0.551,0.551,0.551,0.55,0.55,0.549,0.549,0.549,0.549,0.548,0.548,0.548,0.549,0.549,0.55,0.551,0.552,0.553,0.554,0.556,0.557,0.558,0.56,0.561,0.563,0.564,0.565,0.567,0.568,0.569,0.57,0.57,0.571,0.572,0.572,0.573,0.574,0.577,0.579,0.582,0.585,0.587,0.59,0.593,0.595,0.597,0.598,0.6,0.601,0.603,0.604,0.605,0.606,0.608,0.609,0.61,0.612,0.613,0.614,0.615,0.616,0.616,0.618,0.618,0.618,0.619,0.619,0.619,0.618,0.618,0.617,0.616,0.615,0.613,0.612,0.61,0.608,0.605,0,0,0.594,0.589,0.585,0.584,0.582,0.58,0.578,0.577,0.575,0.573,0.572,0.57,0.568,0.566,0.565,0.563,0.561,0,0,0,0,0.803,0.802,0.801,0.8,0.799,0.798,0.797,0.796,0.796,0.795,0.794,0.794,0.792,0.789,0.787,0.783,0.781,0.778,0.775,0.774,0.771,0.77,0.769,0.769,0.769,0.769,0.77,0.772,0.774,0.775,0.778,0.779,0.781,0.784,0.785,0.786,0.787,0.788,0.789,0.789,0.79,0.79,0.79,0.791,0.791,0.793,0.793,0.794,0.795,0.796,0.796,0.796,0.796,0.796,0.795,0.795,0.794,0.792,0.791,0.79,0.789,0.788,0.787,0.787,0.786,0.786,0.785,0.782,0.781,0.779,0.777,0.775,0.771,0.767,0.764,0.761,0.758,0.757,0.755,0.753,0.752,0.75,0.749,0.748,0.746,0.746,0.745,0.744,0.744,0.743,0.742,0.741,0.741,0.74,0.74,0.739,0.737,0.736,0.734,0.733,0.731,0.729,0.727,0.726,0.725,0.725,0.725,0.724,0.724,0.725,0.725,0.725,0.725,0.725,0.725,0.724,0.725,0.723,0.722,0.72,0.72,0.718,0,0,0,0,0,0.748,0,0,0,0.737,0,0,0,0,0,0,0,0,0,0.686,0,0,0,0,0,0.666,0.664,0.664,0.662,0.662,0,0.664,0.667,0,0,0,0.676,0,0.679,0.679,0.678,0.678,0.678,0.676,0.675,0.674,0.673,0.673,0.673,0.675,0.674,0.674,0.675,0,0,0,0,0,0,0,0,0,0,0,0,0,0,0,0,0,0,0,0,0
0,0,0,0,0,0,0,0,0,0,0,0,0,0,0,0,0,0,0,0,0,0,0,0,0,0,0,0,0,0,0,0,0,0,0,0,0,0,0.605,0.604,0.604,0.604,0.604,0.605,0.606,0.607,0.608,0.61,0.612,0.615,0.618,0.621,0.623,0.626,0.628,0.63,0.634,0.634,0.636,0.637,0.638,0.638,0.639,0.638,0.638,0.635,0.634,0.632,0.631,0.63,0.628,0.627,0.626,0.626,0.626,0.627,0.628,0.628,0.63,0.633,0.636,0.64,0.645,0.649,0.654,0.659,0.663,0.667,0.669,0.672,0.675,0.677,0.678,0.681,0.682,0.684,0.685,0.686,0.687,0.687,0.688,0.688,0.687,0.687,0.687,0.687,0.687,0.687,0.687,0.687,0.687,0.687,0,1.16,1.164,1.168,1.175,1.18,1.184,1.189,1.191,1.196,1.2,1.205,1.21,1.212,1.217,1.222,1.224,1.227,1.229,1.224,1.219,1.215,1.21,1.203,1.198,1.193,1.189,1.186,1.182,1.18,1.171,1.164,1.155,1.147,1.136,1.121,1.095,1.058,1.031,1.012,0.994,0.983,0.971,0.962,0.956,0.948,0.943,0.938,0.933,0.927,0.92,0,0.905,0.878,0.867,0.851,0.838,0.829,0.822,0.805,0,0,0,0.777,0.773,0.772,0.772,0.77,0.77,0.77,0.77,0.769,0.768,0.767,0.766,0.763,0.762,0.76,0.757,0.754,0.751,0.748,0.746,0.742,0.74,0.737,0.733,0.732,0.73,0.728,0.726,0.725,0.724,0.724,0.724,0.724,0.723,0.724,0.724,0.724,0.724,0.725,0.725,0.726,0.726,0.727,0.729,0.73,0.732,0.736,0.738,0.741,0.745,0.749,0.751,0.753,0.756,0.758,0.759,0.76,0.76,0.761,0.761,0.762,0.761,0.761,0,0,0,0,0,0,0,0,0,0,0.547,0.548,0.547,0.547,0.548,0.547,0.548,0.547,0.547,0.547,0,0,0,0,0,0,0,0,0.757,0.759,0.761,0.762,0.764,0.769,0.774,0.778,0.781,0.785,0.79,0.794,0.799,0.802,0.805,0.808,0.81,0.812,0.814,0.816,0.819,0.822,0.824,0.826,0.828,0.83,0.832,0.834,0.835,0.836,0.838,0.841,0.843,0.845,0.848,0.85,0.852,0.856,0.857,0.858,0.86,0.86,0.861,0.861,0.861,0.86,0.86,0.858,0.857,0.857,0.855,0.855,0.854,0.852,0.852,0.851,0.849,0.848,0.847,0.845,0.844,0.843,0.842,0.841,0,0,0,0,0,0,0,0,0,0,0,0,0.55,0.55,0.55,0.55,0.55,0.55,0.549,0.549,0.548,0.548,0.548,0.548,0.548,0.548,0.548,0.549,0.55,0.551,0.552,0.553,0.555,0.557,0.558,0.56,0.561,0.563,0.564,0.565,0.566,0.567,0.569,0.57,0.57,0.571,0.572,0.573,0.574,0.575,0.578,0.58,0.583,0.585,0.588,0.59,0.592,0.594,0.596,0.597,0.598,0.6,0.601,0.602,0.604,0.605,0.606,0.607,0.608,0.61,0.611,0.612,0.613,0.614,0.615,0.616,0.616,0.617,0.618,0.617,0.618,0.617,0.616,0.616,0.616,0.615,0.613,0.612,0.61,0.608,0.606,0,0,0.594,0.59,0.585,0.584,0.582,0.58,0.579,0.577,0.575,0.573,0,0.57,0.568,0.566,0.564,0.563,0.561,0.56,0.558,0,0,0,0,0.798,0.798,0.797,0.796,0.796,0.795,0.795,0.794,0.793,0.792,0.79,0.787,0.784,0.78,0.776,0.774,0.77,0.768,0.766,0.765,0.764,0.762,0.763,0.763,0.766,0.767,0.769,0.771,0.774,0.777,0.779,0.782,0.784,0.785,0.785,0.787,0.788,0.788,0.789,0.79,0.79,0.791,0.792,0.792,0.794,0.795,0.796,0.797,0.797,0.798,0.798,0.798,0.798,0.797,0.796,0.796,0.794,0.793,0.791,0.791,0.79,0.79,0.79,0.791,0.791,0.79,0.788,0.786,0.785,0.782,0.777,0.772,0.765,0.759,0.755,0.753,0.75,0.749,0.746,0.744,0.741,0.74,0.74,0.739,0.738,0.737,0.735,0.735,0.735,0.735,0.734,0.733,0.732,0.731,0.729,0.728,0.727,0.726,0.725,0.723,0.722,0.72,0.72,0.72,0.72,0.72,0.72,0.72,0.72,0.72,0.72,0.72,0.72,0.72,0.72,0.719,0.717,0.715,0.715,0,0.715,0,0,0,0,0,0,0,0,0,0,0,0,0,0,0,0,0,0.69,0.688,0.687,0.682,0.678,0.675,0.67,0.668,0.667,0.664,0.664,0,0.663,0,0,0,0,0,0,0,0,0.675,0.674,0.674,0.673,0.672,0.671,0.67,0.669,0.668,0.668,0.669,0.669,0.669,0.669,0.67,0,0,0,0,0,0,0,0,0,0,0,0,0,0,0,0,0,0,0,0
0,0,0,0,0,0,0,0,0,0,0,0,0,0,0,0,0,0,0,0,0,0,0,0,0,0,0,0,0,0,0,0,0,0,0,0,0,0,0.604,0.603,0.603,0.603,0.604,0.604,0.605,0.607,0.608,0.61,0.613,0.615,0.619,0.622,0.625,0.628,0.63,0.632,0.634,0.636,0.638,0.638,0.64,0.64,0.64,0.64,0.639,0.636,0.634,0.632,0.63,0.629,0.628,0.626,0.625,0.625,0.625,0.626,0.626,0.627,0.628,0.632,0.635,0.639,0.644,0.648,0.653,0.659,0.663,0.667,0.669,0.672,0.675,0.677,0.679,0.681,0.682,0.684,0.684,0.686,0.687,0.688,0.689,0.689,0.688,0.687,0.687,0.687,0.687,0.687,0.687,0.687,0.687,0.687,0,0,0,1.168,1.173,1.175,1.18,1.18,1.184,1.189,1.191,1.196,1.2,1.203,1.207,1.212,1.217,1.219,1.222,1.219,1.215,0,0,0,0,0,0,0,1.177,1.175,1.166,1.157,1.149,1.14,1.128,1.094,1.045,0,0,0.972,0.96,0.948,0.938,0.933,0.928,0,0.919,0.912,0.906,0,0,0.889,0.882,0.87,0.86,0,0.834,0.826,0.818,0.805,0.796,0,0.784,0.78,0.777,0.776,0.775,0.774,0.774,0.774,0.774,0.772,0.772,0.77,0.768,0.767,0.765,0.762,0.76,0.757,0.755,0.751,0.749,0.746,0.743,0.74,0.737,0.735,0.732,0.731,0.728,0.726,0.726,0.726,0.725,0.725,0.724,0.724,0.724,0.725,0.725,0.725,0.726,0.726,0.726,0.727,0.729,0.731,0.732,0.735,0.738,0.74,0.744,0.746,0.749,0.751,0.754,0.756,0.757,0.758,0.759,0.759,0.76,0.76,0.761,0,0,0,0,0,0,0,0,0,0,0.545,0.545,0.545,0.545,0.546,0.546,0.546,0.546,0.546,0.546,0.546,0,0,0,0,0,0,0,0,0.749,0.749,0.752,0.752,0.756,0.759,0.762,0.765,0.768,0.771,0.775,0.78,0.786,0.791,0.797,0.801,0.805,0.81,0.813,0.815,0.818,0.822,0.825,0.827,0.829,0.833,0.834,0.836,0.837,0.838,0.841,0.844,0.845,0.848,0.849,0.851,0.854,0.856,0.857,0.857,0.857,0.858,0.858,0.86,0.858,0.857,0.857,0.857,0.856,0.855,0.855,0.855,0.854,0.852,0.852,0.851,0.851,0.848,0.847,0.845,0.845,0.843,0.843,0,0,0,0,0,0,0,0,0,0,0,0,0,0.55,0.55,0.55,0.55,0.55,0.549,0.549,0.548,0.548,0.548,0.547,0.548,0.547,0.548,0.548,0.549,0.549,0.551,0.552,0.553,0.554,0.556,0.557,0.559,0.561,0.562,0.564,0.565,0.566,0.567,0.569,0.57,0.57,0.571,0.572,0.573,0.574,0.575,0.578,0.58,0.583,0.585,0.587,0.589,0.591,0.593,0.594,0.596,0.597,0.597,0.599,0.6,0.601,0.603,0.604,0.605,0.607,0.608,0.61,0.611,0.612,0.613,0.614,0.615,0.615,0.615,0.616,0.616,0.616,0.616,0.615,0.615,0.615,0.614,0.613,0.612,0.611,0.609,0.607,0,0,0.597,0.593,0.587,0.585,0.583,0.58,0.579,0.577,0.575,0.573,0.571,0.57,0.568,0.566,0.564,0.562,0.56,0.559,0.557,0.556,0.555,0.553,0.552,0,0,0,0,0.794,0.794,0.794,0.794,0.793,0.792,0.789,0.785,0.781,0.776,0.772,0.768,0.766,0.763,0.761,0.761,0.76,0.759,0.759,0.759,0.761,0.762,0.764,0.766,0.768,0.771,0.774,0.777,0.779,0.782,0.783,0.785,0.786,0.788,0.788,0.789,0.79,0.791,0.792,0.793,0.794,0.795,0.797,0.798,0.799,0.8,0.8,0.801,0.801,0.8,0.799,0.799,0.797,0.796,0.794,0.794,0.794,0.794,0.796,0.797,0.798,0.798,0.797,0.796,0.793,0.789,0.784,0.775,0.767,0.757,0.749,0.746,0.743,0.741,0.738,0.735,0.732,0.731,0.731,0.73,0.73,0.729,0.729,0.728,0.727,0.727,0.726,0.726,0.725,0.724,0.722,0.72,0.72,0.719,0.718,0.717,0.716,0.715,0.715,0.715,0.715,0.715,0.715,0.715,0.715,0.715,0.715,0.715,0.715,0.715,0.714,0.713,0.712,0.71,0.709,0.708,0.706,0.706,0.711,0,0,0,0.728,0.728,0.727,0.724,0,0,0,0,0,0,0,0,0.691,0.689,0.69,0.685,0.682,0.678,0.676,0.673,0.672,0.669,0.668,0.666,0.666,0.667,0.667,0.667,0.668,0,0,0.671,0.671,0.67,0.669,0.67,0.669,0.668,0.667,0.666,0.665,0.664,0.664,0.664,0.664,0.664,0.664,0.666,0.667,0.667,0,0,0,0,0,0,0,0,0,0,0,0,0,0,0,0,0,0
0,0,0,0,0,0,0,0,0,0,0,0,0,0,0,0,0,0,0,0,0,0,0,0,0,0,0,0,0,0,0,0,0,0,0,0,0,0,0.602,0.601,0.601,0.601,0.603,0.603,0.605,0.607,0.608,0.611,0.613,0.616,0.62,0.624,0.626,0.63,0.632,0.634,0.636,0.638,0.639,0.64,0.641,0.641,0.641,0.64,0.64,0.636,0.634,0.632,0.63,0.628,0.627,0.625,0.624,0.624,0.624,0.625,0.626,0.626,0.628,0.631,0.634,0.639,0.644,0.648,0.654,0.659,0.664,0.667,0.669,0.672,0.674,0.676,0.678,0.68,0.681,0.682,0.684,0.685,0.687,0.687,0.687,0.688,0.687,0.687,0.687,0.687,0.687,0.687,0.687,0.687,0.687,0.688,0.689,0,0,0,1.168,1.173,1.175,1.177,1.177,1.182,1.184,1.186,1.191,1.196,1.203,1.207,1.212,1.219,1.222,0,0,0,0,0,0,0,0,0,0,0,1.164,0,1.144,0,0,1.017,0,0,0,0,0,0,0.915,0.912,0.908,0.902,0.898,0.892,0.888,0.883,0.879,0.873,0.867,0.86,0.849,0.837,0.828,0.819,0.813,0.804,0.797,0,0.787,0.782,0.78,0.779,0.778,0.777,0.777,0.776,0.776,0.775,0.773,0.771,0.769,0.768,0.766,0.763,0.761,0.759,0.757,0.754,0.751,0.749,0.746,0.743,0.74,0.737,0.734,0.732,0.73,0.727,0.726,0.726,0.726,0.725,0.725,0.724,0.725,0.725,0.725,0.726,0.726,0.726,0.726,0.728,0.729,0.731,0.732,0.735,0.737,0.74,0.742,0.745,0.747,0.749,0.752,0.753,0.755,0.756,0.756,0.758,0.758,0.758,0.759,0,0,0,0,0,0,0,0,0,0,0,0.543,0.543,0.544,0.544,0.544,0.544,0.544,0.545,0.545,0,0,0,0,0,0,0,0,0,0.74,0.742,0.744,0.746,0.749,0.752,0.755,0.756,0.758,0.76,0.763,0.769,0.775,0.782,0.786,0.791,0.798,0.807,0.812,0.815,0.819,0.823,0.826,0.829,0.833,0.835,0.838,0.84,0.842,0.843,0.845,0.848,0.849,0.85,0.852,0.854,0.856,0.856,0.857,0.857,0.857,0.857,0.857,0.857,0.857,0.856,0.856,0.855,0.855,0.855,0.855,0.855,0.854,0.854,0.854,0.852,0.85,0.849,0.848,0.847,0.845,0.844,0.843,0,0,0,0,0,0,0,0,0,0,0,0,0.55,0.55,0.549,0.549,0.55,0.549,0.549,0.548,0.548,0.547,0.547,0.547,0.547,0.547,0.547,0.548,0.548,0.549,0.55,0.551,0.552,0.554,0.555,0.556,0.558,0.56,0.562,0.563,0.565,0.566,0.567,0.568,0.569,0.57,0.571,0.572,0.573,0.575,0.577,0.578,0.58,0.583,0.585,0.587,0.589,0.591,0.592,0.593,0.594,0.595,0.596,0.597,0.598,0.6,0.601,0.603,0.604,0.605,0.607,0.608,0.61,0.611,0.612,0.613,0.613,0.613,0.614,0.614,0.615,0.615,0.614,0.614,0.613,0.613,0.613,0.612,0.612,0.611,0.609,0.608,0,0,0.599,0.596,0.589,0.586,0.583,0.58,0.579,0.577,0.574,0.573,0.571,0.569,0.567,0.566,0.564,0.562,0.56,0.558,0.557,0.556,0.554,0.553,0.551,0.55,0.549,0.549,0.548,0,0,0,0.792,0.791,0.791,0.788,0.783,0.778,0.772,0.768,0.764,0.761,0.759,0.757,0.756,0.755,0.754,0.755,0.755,0.757,0.758,0.761,0.762,0.764,0.766,0.769,0.773,0.776,0.778,0.78,0.782,0.785,0.786,0.787,0.788,0.789,0.791,0.792,0.793,0.794,0.796,0.797,0.799,0.8,0.801,0.802,0.802,0.803,0.803,0.802,0.802,0.8,0.799,0.797,0.797,0.798,0.8,0.801,0.803,0.804,0.807,0.805,0.804,0.802,0,0,0,0,0.753,0.741,0.737,0.733,0.732,0.728,0.725,0.722,0.721,0.722,0.721,0.721,0.722,0.722,0.721,0.721,0.721,0.72,0.72,0.718,0.717,0.716,0.715,0.713,0.712,0.711,0.71,0.71,0.71,0.71,0.71,0.71,0.71,0.71,0.71,0.71,0.71,0.71,0.71,0.709,0.708,0.708,0.707,0.706,0.704,0.703,0.702,0.701,0.702,0.704,0.706,0.707,0.717,0.721,0.721,0.721,0,0.71,0,0.701,0.698,0.695,0.694,0.694,0.694,0.692,0.691,0.691,0.689,0.687,0.684,0.681,0.68,0.678,0.675,0.673,0.671,0.671,0.67,0.669,0.668,0.667,0.666,0.667,0.667,0.667,0.667,0.666,0.667,0.666,0.665,0.664,0.662,0.662,0.661,0.66,0.659,0.659,0.659,0.659,0.661,0.662,0,0,0,0,0,0,0,0,0,0,0,0,2.429,0,2.508,2.519,2.54,0,0
0,0,0,0,0,0,0,0,0,0,0,0,0,0,0,0,0,0,0,0,0,0,0,0,0,0,0,0,0,0,0,0,0,0,0,0,0,0.601,0.6,0.6,0.6,0.6,0.601,0.602,0.604,0.606,0.609,0.612,0.615,0.618,0.623,0.626,0.629,0.632,0.634,0.636,0.638,0.638,0.64,0.641,0.642,0.642,0.641,0.641,0.64,0.636,0.634,0.632,0.63,0.628,0.626,0.625,0.623,0.623,0.623,0.624,0.625,0.626,0.627,0.63,0.633,0.637,0.642,0.646,0.652,0.657,0.663,0.666,0.669,0.671,0.673,0.675,0.677,0.679,0.681,0.681,0.683,0.684,0.686,0.687,0.687,0.687,0.687,0.687,0.686,0.685,0.685,0.686,0.686,0.687,0.686,0.686,0.687,0.688,0,0,0,1.173,1.175,1.175,1.175,1.177,1.18,1.184,1.189,1.191,1.198,0,0,0,0,0,0,0,0,0,0,0,0,0,0,0,0,0,0,0,0.963,0,0,0,0,0,0.905,0.898,0.895,0.893,0.891,0.888,0.884,0.88,0.874,0.87,0.868,0.862,0.856,0.85,0.842,0.832,0.824,0.818,0.811,0.803,0.797,0,0.788,0.784,0.782,0.78,0.779,0.779,0.778,0.777,0.776,0.775,0.774,0.771,0.77,0.767,0.765,0.763,0.761,0.759,0.757,0.754,0.752,0.749,0.747,0.743,0.74,0.738,0.735,0.732,0.73,0.728,0.726,0.726,0.726,0.725,0.724,0.725,0.725,0.725,0.725,0.725,0.725,0.726,0.726,0.727,0.728,0.73,0.731,0.733,0.735,0.738,0.74,0.742,0.744,0.747,0.749,0.75,0.752,0.752,0.753,0.754,0.755,0.755,0,0,0,0,0,0,0,0,0,0,0,0.542,0.542,0.542,0.542,0.542,0.543,0.543,0.543,0.543,0,0,0,0,0,0,0,0,0,0.728,0.732,0.734,0.736,0.738,0.741,0.743,0.746,0.748,0.75,0.752,0.754,0.759,0.765,0.773,0,0.785,0.793,0.803,0.81,0.815,0.819,0.823,0.828,0.832,0.836,0.84,0.842,0.844,0.847,0.848,0.85,0.851,0.854,0.855,0.855,0.856,0.857,0.857,0.857,0.856,0.856,0.856,0.856,0.856,0.855,0.855,0.855,0.855,0.855,0.854,0.855,0.855,0.855,0.855,0.854,0.854,0.852,0.851,0.849,0.847,0.847,0.847,0,0,0,0,0,0,0,0,0,0,0,0,0,0.552,0.55,0.55,0.549,0.55,0.549,0.549,0.548,0.548,0.548,0.547,0.547,0.547,0.547,0.547,0.547,0.547,0.548,0.549,0.55,0.552,0.553,0.554,0.556,0.558,0.56,0.561,0.563,0.564,0.566,0.567,0.568,0.569,0.57,0.571,0.572,0.573,0.575,0.577,0.579,0.58,0.583,0.585,0.586,0.589,0.59,0.591,0.592,0.593,0.594,0.595,0.596,0.598,0.599,0.6,0.601,0.603,0.605,0.606,0.607,0.609,0.61,0.611,0.612,0.612,0.613,0.613,0.613,0.613,0.613,0.612,0.612,0.612,0.612,0.611,0.61,0.61,0.61,0.609,0.608,0,0,0,0.597,0.591,0.588,0.584,0.58,0.579,0.577,0.575,0.572,0.571,0.569,0.566,0.565,0.563,0.561,0.559,0.558,0.557,0.555,0.554,0.552,0.55,0.55,0.549,0.548,0.547,0.546,0.546,0.545,0,0,0.79,0.787,0.782,0.776,0.769,0.764,0.761,0.758,0.755,0.753,0.752,0.751,0.751,0.751,0.751,0.752,0.753,0.755,0.756,0.759,0.762,0.764,0.767,0.77,0.773,0.776,0.779,0.782,0.784,0.785,0.786,0.788,0.79,0.791,0.793,0.794,0.796,0.797,0.799,0.801,0.802,0.803,0.804,0.804,0.804,0.804,0.804,0.803,0.802,0.801,0.801,0.803,0.805,0.809,0.811,0.813,0.815,0.815,0.815,0.814,0,0,0,0,0,0.732,0.728,0.725,0.721,0.718,0.715,0.713,0.713,0.713,0.713,0.714,0.715,0.715,0.715,0.716,0.716,0.716,0.715,0.714,0.713,0.711,0.709,0.708,0.707,0.706,0.706,0.705,0.704,0.704,0.704,0.704,0.705,0.705,0.704,0.704,0.704,0.704,0.703,0.703,0.702,0.702,0.701,0.699,0.698,0.698,0.698,0.696,0.698,0.701,0.703,0.706,0.708,0.715,0.715,0,0,0.706,0.702,0.698,0.695,0.694,0.693,0.693,0.692,0.692,0.691,0.691,0.691,0.689,0.688,0.686,0.685,0.684,0.681,0.679,0.678,0.677,0.675,0.673,0.671,0.669,0.667,0.666,0.666,0.664,0.664,0.663,0.663,0.662,0.662,0.66,0.659,0.658,0.657,0.657,0.656,0.656,0.656,0.657,0.658,0.659,0.662,0,0.667,0,0,0,0,0,0,0,0,2.401,2.42,2.448,2.488,2.498,2.519,2.561,0
0,0,0,0,0,0,0,0,0,0,0,0,0,0,0,0,0,0,0,0,0,0,0,0,0,0,0,0,0,0,0,0,0,0,0,0,0,0.599,0.598,0.598,0.598,0.599,0.6,0.601,0.603,0.607,0.61,0.613,0.617,0.621,0.625,0.628,0.632,0.634,0.635,0.636,0.638,0.639,0.64,0.641,0.641,0.641,0.641,0.64,0.639,0.636,0.634,0.631,0.629,0.627,0.626,0.624,0.623,0.622,0.622,0.623,0.623,0.625,0.626,0.628,0.632,0.636,0,0.645,0.65,0.656,0.662,0.665,0.667,0.669,0.672,0.675,0.676,0.678,0.679,0.681,0.682,0.684,0.684,0.685,0.686,0.685,0.686,0.685,0.684,0.684,0.684,0.684,0.684,0.686,0.686,0.685,0.687,0.687,0,0,0,0,1.175,1.175,1.175,1.177,1.18,1.182,0,0,0,0,0,0,0,0,0,0,0,0,0,0,0,0,0,0,0,0,0,0,0,0,0,0,0,0.884,0.886,0.883,0.882,0.882,0.879,0.877,0.874,0.869,0.866,0.862,0.858,0.855,0.85,0.845,0.836,0.829,0,0,0.811,0.803,0.798,0.793,0.789,0.786,0.783,0.782,0.781,0.78,0.779,0.778,0.776,0.775,0.773,0.771,0.768,0.766,0.763,0.761,0.759,0.757,0.755,0.752,0.75,0.748,0.746,0.743,0.74,0.738,0.735,0.732,0.73,0.728,0.726,0.726,0.725,0.724,0.724,0.724,0.724,0.724,0.724,0.724,0.724,0.725,0.726,0.726,0.726,0.728,0.729,0.731,0.732,0.735,0.737,0.739,0.74,0.743,0.744,0.746,0.748,0.749,0.749,0.75,0.751,0,0,0,0,0,0,0,0,0,0,0,0,0.541,0.541,0.541,0.541,0.541,0.542,0.542,0.542,0,0,0,0,0,0,0,0,0,0,0.719,0.721,0.725,0.726,0.728,0.732,0.734,0.736,0.74,0.74,0.742,0.744,0.748,0.754,0.76,0.767,0.775,0.784,0.793,0.804,0.812,0.819,0.825,0.829,0.834,0.838,0.842,0.845,0.848,0.85,0.852,0.855,0.856,0.858,0.86,0.86,0.861,0.862,0.861,0.861,0.86,0.858,0.858,0.856,0.856,0.856,0.855,0.855,0.854,0.854,0.854,0.855,0.856,0.856,0.855,0.855,0.854,0.852,0.851,0.85,0.849,0.849,0,0,0,0,0,0,0,0,0,0,0,0,0,0,0,0.55,0.55,0.55,0.55,0.549,0.549,0.548,0.548,0.548,0.547,0.547,0.547,0.547,0.547,0.547,0.547,0.548,0.548,0.549,0.551,0.552,0.553,0.555,0.557,0.559,0.561,0.563,0.565,0.566,0.567,0.568,0.569,0.57,0.571,0.572,0.573,0.575,0.577,0.579,0.58,0.583,0.584,0.586,0.588,0.589,0.59,0.591,0.593,0.594,0.595,0.596,0.597,0.598,0.6,0.601,0.602,0.604,0.605,0.607,0.608,0.609,0.61,0.61,0.611,0.612,0.612,0.612,0.612,0.611,0.61,0.61,0.61,0.609,0.61,0.609,0.608,0.609,0.608,0.608,0.607,0,0,0.6,0.595,0.592,0,0,0,0,0.574,0.572,0.57,0.569,0.566,0.564,0.562,0.56,0.558,0.557,0.556,0.554,0.553,0.552,0.55,0.549,0.548,0.548,0.547,0.546,0.545,0.544,0.544,0,0,0,0,0,0,0.761,0.757,0.754,0.752,0.751,0.749,0.748,0.748,0.749,0.748,0.748,0.749,0.749,0.75,0.752,0.754,0.757,0.76,0.762,0.766,0.769,0.773,0.777,0.78,0.782,0.785,0.786,0.788,0.79,0.792,0.793,0.796,0.797,0.799,0.801,0.802,0.804,0.804,0.807,0.807,0.807,0.807,0.807,0.805,0.805,0.807,0.809,0.813,0.816,0.819,0.822,0.825,0.827,0.827,0.827,0.825,0,0,0,0,0,0.719,0.715,0.712,0.709,0.707,0.705,0.704,0.704,0.705,0.706,0.706,0.707,0.708,0.709,0.709,0.709,0.709,0.708,0.706,0.705,0.703,0.702,0.701,0.7,0.699,0.698,0.698,0.698,0.698,0.698,0.698,0.698,0.698,0.698,0.698,0.698,0.697,0.697,0.696,0.696,0.695,0.694,0.693,0.694,0.694,0.693,0.694,0.696,0.698,0.701,0.703,0.706,0.706,0.706,0.705,0.703,0.7,0.698,0.694,0.694,0.692,0.693,0.692,0.692,0.691,0.691,0.692,0.691,0.69,0.688,0.687,0.685,0.684,0.682,0.681,0.678,0.676,0.674,0.672,0.67,0.667,0.667,0.666,0.664,0.662,0.661,0.661,0.659,0.659,0.658,0.657,0.655,0.655,0.654,0.654,0.654,0.652,0.653,0.655,0.657,0.659,0.662,0.667,0,0,0,0,0,0,0,2.355,2.391,2.42,2.439,2.478,2.488,2.508,2.54,2.571
0,0,0,0,0,0,0,0,0,0,0,0,0,0,0,0,0,0,0,0,0,0,0,0,0,0,0,0,0,0,0,0,0,0,0,0,0,0.597,0.597,0.597,0.597,0.598,0.599,0.6,0.604,0.607,0.611,0.615,0.619,0.623,0.626,0.63,0.633,0.635,0.636,0.637,0.638,0.638,0.64,0.64,0.64,0.64,0.64,0.64,0.638,0.635,0.634,0.631,0.628,0.627,0.625,0.623,0.622,0.621,0.621,0.622,0.623,0.624,0.624,0.626,0.63,0.634,0,0.642,0.648,0.653,0.659,0.663,0.666,0.669,0.672,0.674,0.676,0.678,0.679,0.68,0.681,0.683,0.684,0.684,0.684,0.684,0.684,0.683,0.683,0.682,0.683,0.683,0.684,0.685,0.684,0.685,0.686,0.687,0,0,0,0,0,1.177,1.177,1.18,0,0,0,0,0,0,0,0,0,0,0,0,0.852,0.854,0.855,0.855,0.855,0.855,0.855,0,0,0,0,0,0.864,0.867,0,0,0.869,0.872,0.872,0.868,0.869,0.869,0.868,0.867,0.863,0.86,0.856,0.854,0.85,0.848,0.843,0.838,0.833,0.826,0.819,0,0.809,0.802,0.798,0.793,0.79,0.788,0.786,0.784,0.782,0.781,0.78,0.779,0.777,0.774,0.773,0.77,0.767,0.764,0.762,0.758,0.756,0.754,0.751,0.749,0.748,0.745,0.743,0.741,0.739,0.737,0.734,0.732,0.73,0.727,0.726,0.725,0.725,0.724,0.723,0.723,0.723,0.723,0.723,0.723,0.723,0.724,0.725,0.725,0.726,0.726,0.727,0.729,0.73,0.732,0.733,0.735,0.737,0.738,0.74,0.741,0.742,0.743,0.744,0.745,0.747,0,0,0,0,0,0,0,0,0,0,0,0,0.54,0.54,0.54,0.54,0.541,0.541,0.541,0,0,0,0,0,0,0,0,0,0,0.71,0.711,0.714,0.716,0.718,0.72,0.723,0.724,0.726,0.73,0.732,0.733,0.734,0.738,0.743,0.749,0.754,0.763,0.77,0.783,0.798,0.812,0.821,0.825,0.83,0.836,0.841,0.845,0.849,0.852,0.855,0.857,0.858,0.862,0.862,0.863,0.864,0.864,0.866,0.866,0.864,0.863,0.861,0.86,0.858,0.857,0.856,0.856,0.856,0.855,0.855,0.855,0.855,0.856,0.856,0.856,0.856,0.855,0.854,0.854,0.852,0.851,0,0,0,0,0,0,0,0,0,0,0,0,0,0,0,0.553,0.55,0.549,0.549,0.548,0.549,0.548,0.548,0.547,0.547,0.547,0.547,0.547,0.547,0.547,0.546,0.547,0.547,0.548,0.549,0.55,0.551,0.553,0.555,0.557,0.559,0.561,0.563,0.565,0.566,0.567,0.567,0.569,0.57,0.571,0.572,0.573,0.575,0.577,0.579,0.58,0.582,0.584,0.585,0.588,0.589,0.59,0.591,0.593,0.593,0.594,0.596,0.597,0.598,0.599,0.6,0.601,0.603,0.604,0.605,0.607,0.608,0.609,0.61,0.61,0.61,0.61,0.61,0.61,0.61,0.608,0.608,0.608,0.608,0.608,0.608,0.608,0.608,0.608,0.608,0.607,0.606,0,0,0,0,0,0,0,0,0,0,0,0,0,0,0,0,0.557,0.556,0.555,0.554,0.552,0.551,0.55,0.549,0.548,0.548,0.547,0.546,0.545,0.544,0.544,0.543,0.542,0.541,0,0,0,0,0.754,0.751,0.749,0.747,0.746,0.746,0.745,0.745,0.744,0.744,0.745,0.744,0.745,0.747,0.749,0.749,0.751,0.755,0.757,0.762,0.766,0.771,0.775,0.778,0.78,0.783,0.786,0.788,0.79,0.793,0.794,0.797,0.799,0.801,0.802,0.804,0.805,0.807,0.808,0.809,0.809,0.81,0.809,0.81,0.812,0.815,0.819,0.824,0.828,0.832,0.836,0.838,0.841,0.842,0.841,0,0,0,0,0,0.709,0.706,0.704,0.701,0.699,0.696,0.695,0.695,0.695,0.696,0.698,0.698,0.699,0.7,0.702,0.702,0.702,0.702,0.701,0.699,0.698,0.696,0.695,0.694,0.693,0.692,0.691,0.691,0.691,0.691,0.691,0.692,0.692,0.692,0.692,0.692,0.691,0.691,0.691,0.691,0.69,0.69,0.689,0.69,0.691,0.691,0.691,0.694,0.697,0.702,0.705,0.707,0.707,0.706,0.706,0.704,0.703,0.7,0.696,0.694,0.694,0.694,0.694,0.694,0.694,0.693,0.693,0.692,0.691,0.688,0.687,0.686,0.684,0.681,0.679,0.677,0.675,0.673,0.671,0.669,0.667,0.666,0.664,0.663,0.662,0.66,0.659,0.658,0.657,0.655,0.654,0.654,0.652,0.652,0.65,0.651,0.651,0.651,0.653,0.655,0.657,0.661,0.665,0,0,0,0,0,0,0,2.337,2.382,2.41,2.439,2.458,2.468,2.488,2.519,2.55
0,0,0,0,0,0,0,0,0,0,0,0,0,0,0,0,0,0,0,0,0,0,0,0,0,0,0,0,0,0,0,0,0,0,0,0,0,0.596,0.596,0.596,0.596,0.597,0.598,0.6,0.604,0.607,0.612,0.616,0.62,0.623,0.627,0.631,0.634,0.635,0.636,0.636,0.637,0.638,0.638,0.638,0.639,0.639,0.639,0.638,0.637,0.634,0.632,0.63,0.627,0.625,0.624,0.622,0.621,0.62,0.621,0.621,0.621,0.622,0.623,0.625,0.628,0.632,0,0.64,0.645,0.651,0.657,0.662,0.665,0.668,0.671,0.674,0.676,0.678,0.679,0.68,0.681,0.682,0.683,0.684,0.683,0.683,0.682,0.681,0.681,0.681,0.681,0.681,0.683,0.684,0.684,0.685,0.686,0.687,0,0,0,0,0,0,0,0,0,0,0,0,0,0,0,0,0,0,0,0.852,0.854,0.854,0.852,0.854,0.852,0.852,0.854,0.854,0,0,0,0,0.857,0.857,0.857,0.858,0.86,0.86,0.858,0.86,0.86,0.86,0.858,0.858,0.857,0.855,0.851,0.849,0.847,0.843,0.84,0.836,0.829,0.823,0.818,0,0.809,0.803,0.798,0.794,0.79,0.788,0.786,0.784,0.783,0.781,0.78,0.778,0.776,0.774,0.771,0.768,0.764,0.762,0.758,0.755,0.752,0.75,0.748,0.746,0.744,0.742,0.74,0.739,0.737,0.735,0.732,0.731,0.728,0.726,0.725,0.724,0.724,0.722,0.721,0.721,0.721,0.721,0.721,0.721,0.722,0.722,0.723,0.723,0.724,0.724,0.725,0.726,0.727,0.729,0.73,0.731,0.732,0.735,0.736,0.738,0.739,0.74,0.74,0.741,0,0,0,0,0,0,0,0,0,0,0,0,0,0.538,0.538,0.538,0.539,0.539,0.539,0,0,0,0,0,0,0,0,0.706,0,0.705,0.706,0.706,0.707,0.709,0.71,0.713,0.715,0.715,0.719,0.721,0.724,0.726,0.727,0.73,0.734,0.74,0,0,0,0,0,0,0,0.827,0.833,0.838,0.843,0.848,0.851,0.856,0.857,0.861,0.863,0.866,0.866,0.868,0.869,0.87,0.872,0.87,0.869,0.868,0.867,0.864,0.862,0.861,0.858,0.857,0.856,0.855,0.855,0.856,0.857,0.857,0.857,0.857,0,0,0,0,0,0,0,0,0,0,0,0,0,0,0,0,0,0,0,0,0.555,0.553,0.55,0.549,0.549,0.549,0.548,0.548,0.548,0.547,0.547,0.547,0.547,0.547,0.547,0.547,0.546,0.546,0.547,0.547,0.548,0.549,0.55,0.552,0.554,0.556,0.559,0.561,0.563,0.564,0.565,0.566,0.567,0.569,0.569,0.57,0.571,0.573,0.574,0.577,0.578,0.58,0.581,0.583,0.585,0.586,0.588,0.59,0.591,0.592,0.593,0.594,0.595,0.596,0.597,0.598,0.599,0.6,0.602,0.603,0.604,0.605,0.607,0.608,0.608,0.609,0.609,0.609,0.608,0.608,0.607,0.607,0.606,0.605,0.606,0.607,0.607,0.607,0.608,0.608,0.607,0.607,0.606,0,0,0,0,0,0,0,0,0,0,0,0,0,0,0,0,0,0.554,0.553,0.553,0.552,0.55,0.549,0.548,0.548,0.547,0.547,0.546,0.545,0.544,0.543,0.543,0.542,0.541,0.54,0.54,0.539,0,0,0.748,0.747,0.745,0.743,0.742,0.742,0.742,0.741,0.741,0.741,0.74,0.74,0.741,0.742,0.743,0.744,0.747,0.747,0.751,0.753,0.757,0.759,0.762,0.766,0.771,0.775,0.778,0.782,0.786,0.79,0.794,0.796,0.799,0.801,0.803,0.804,0.807,0.808,0.808,0.81,0.811,0.811,0.814,0.816,0.821,0.825,0.829,0.833,0.837,0.841,0.843,0.845,0.848,0.849,0,0,0,0,0,0.702,0.699,0.698,0.695,0.693,0.691,0.69,0.689,0.689,0.69,0.69,0.691,0.693,0.694,0.695,0.696,0.697,0.697,0.695,0.694,0.692,0.691,0.689,0.688,0.687,0.686,0.685,0.685,0.685,0.685,0.686,0.686,0.686,0.686,0.686,0.686,0.686,0.685,0.685,0.686,0.685,0.685,0.685,0.686,0.687,0.688,0.69,0.692,0.694,0.698,0.702,0.706,0.707,0.706,0.706,0.705,0.703,0.702,0.699,0.697,0.695,0.695,0.695,0.696,0.695,0.694,0.694,0.693,0.691,0.689,0.687,0.685,0.683,0.681,0.678,0.676,0.674,0.672,0.67,0.668,0.666,0.665,0.664,0.662,0.66,0.659,0.657,0.656,0.654,0.653,0.652,0.65,0.65,0.649,0.648,0.648,0.649,0.649,0.652,0.653,0.656,0.659,0.664,0.67,0,0,0,0,0,0,0,0,2.401,2.42,2.448,2.448,2.468,2.498,2.54
0,0,0,0,0,0,0,0,0,0,0,0,0,0,0,0,0,0,0,0,0,0,0,0,0,0,0,0,0,0,0,0,0,0,0,0,0,0.594,0.594,0.594,0.596,0.596,0.597,0.6,0.604,0.608,0.613,0.618,0.621,0.625,0.628,0.631,0.633,0.634,0.635,0.636,0.636,0.636,0.637,0.637,0.637,0.636,0.636,0.636,0.634,0.632,0.63,0.628,0.626,0.624,0.623,0.621,0.62,0.62,0.62,0.62,0.621,0.621,0.621,0.623,0.626,0.63,0.633,0.637,0.642,0.648,0.655,0.66,0.664,0.667,0.67,0.673,0.675,0.677,0.679,0.68,0.682,0.682,0.682,0.682,0.682,0.681,0.681,0.68,0.679,0.679,0.68,0.681,0.681,0.683,0.684,0.684,0.686,0.687,0,0,0,0,0,0,0,0,0,0,0,0,0,0,0,0,0,0.852,0.852,0.852,0.852,0.852,0.852,0.852,0.852,0.851,0.851,0.85,0.852,0.852,0.852,0.852,0.852,0.852,0.854,0.854,0.855,0.854,0.855,0.854,0.855,0.854,0.852,0.851,0.849,0.848,0.845,0.843,0.841,0.838,0.835,0.833,0.827,0.823,0.818,0,0.809,0.804,0.799,0.795,0.792,0.789,0.789,0.785,0.783,0.781,0.779,0.777,0.774,0.772,0.769,0.765,0.762,0.758,0.754,0.751,0.749,0.747,0.745,0.742,0.741,0.74,0.738,0.736,0.734,0.732,0.731,0.729,0.726,0.725,0.724,0.723,0.722,0.72,0.72,0.72,0.72,0.72,0.72,0.72,0.72,0.72,0.721,0.721,0.721,0.721,0.722,0.723,0.724,0.726,0.726,0.728,0.729,0.73,0.732,0.733,0.734,0.735,0.737,0,0,0,0,0,0,0,0,0,0,0,0,0,0,0.536,0.537,0.537,0.537,0,0,0,0,0,0,0,0,0,0.708,0.706,0.704,0.703,0.702,0.702,0.702,0.703,0.704,0.706,0.707,0.709,0.71,0.714,0.716,0.719,0.72,0.722,0.726,0.732,0.738,0,0,0,0,0,0,0.827,0,0,0.845,0,0.855,0.857,0.86,0.863,0.866,0.867,0.868,0.872,0.872,0.874,0.874,0.873,0.873,0.872,0.869,0.868,0.866,0.863,0.861,0.858,0.858,0.857,0.857,0,0.858,0,0,0,0,0,0,0,0,0,0,0,0,0,0,0,0,0,0,0.561,0.561,0.56,0.558,0.557,0,0.554,0.551,0.55,0.549,0.549,0.549,0.548,0.548,0.547,0.547,0.547,0.547,0.547,0.546,0.547,0.546,0.546,0.546,0.547,0.547,0.549,0.55,0.551,0.553,0.555,0.558,0.56,0.562,0.564,0.565,0.566,0.567,0.568,0.569,0.57,0.571,0.572,0.574,0.575,0.577,0.579,0.58,0.582,0.584,0.586,0.588,0.589,0.591,0.591,0.593,0.594,0.594,0.596,0.596,0.597,0.598,0.599,0.601,0.602,0.603,0.604,0.605,0.607,0.607,0.607,0.607,0.607,0.607,0.607,0.605,0.605,0.604,0.604,0.604,0.604,0.605,0.607,0.607,0.607,0.608,0.607,0.608,0.607,0,0,0,0,0,0,0,0,0,0,0,0,0,0,0,0,0,0,0.552,0.55,0.549,0.548,0.547,0.547,0.546,0.546,0.545,0.544,0.544,0.543,0.543,0.541,0.541,0.54,0.54,0.539,0.539,0.538,0,0,0.742,0.741,0.74,0.74,0.74,0.739,0.739,0.739,0.739,0.737,0.737,0.737,0.736,0.736,0.737,0.738,0.737,0.74,0.741,0.744,0.749,0.752,0.757,0.762,0.765,0.771,0.777,0.781,0.787,0.791,0.794,0.797,0.801,0.803,0.805,0.805,0.809,0.811,0.812,0.812,0.815,0.821,0.824,0.828,0.832,0.836,0.841,0.843,0.845,0.847,0.849,0.85,0,0,0,0,0,0,0.694,0.691,0.69,0.687,0.686,0.684,0.683,0.683,0.683,0.682,0.682,0.684,0.684,0.684,0.686,0.686,0.687,0.686,0.685,0.684,0.683,0.682,0.681,0.68,0.679,0.678,0.678,0.679,0.679,0.68,0.68,0.68,0.681,0.681,0.681,0.681,0.681,0.681,0.681,0.681,0.682,0.683,0.683,0.684,0.685,0.687,0.689,0.692,0.697,0.701,0.705,0.705,0.704,0.704,0,0,0.701,0.698,0.696,0.694,0.694,0.695,0.696,0.696,0.695,0.694,0.694,0.691,0.689,0.687,0.685,0.682,0.679,0.677,0.675,0.672,0.67,0.669,0.667,0.664,0.664,0.663,0.661,0.659,0.657,0.655,0.654,0.652,0.65,0.65,0.649,0.648,0.646,0.645,0.646,0.646,0.647,0.65,0.651,0.654,0.658,0.663,0.669,0,0,0,0,0,0,2.319,2.364,2.401,2.42,2.439,2.448,2.458,2.488,2.529
0,0,0,0,0,0,0,0,0,0,0,0,0,0,0,0,0,0,0,0,0,0,0,0,0,0,0,0,0,0,0,0,0,0,0,0,0,0,0.593,0.594,0.594,0.596,0.597,0.6,0.604,0.608,0.613,0.619,0.623,0.625,0.629,0.631,0.633,0.634,0.635,0.635,0.635,0.635,0.635,0.635,0.634,0.635,0.634,0.633,0.633,0.63,0.628,0.626,0.625,0.623,0.621,0.621,0.619,0.618,0.618,0.619,0.62,0.62,0.62,0.621,0.625,0.627,0.631,0.635,0.64,0.646,0.653,0.659,0.664,0.667,0.67,0.673,0.675,0.677,0.679,0.68,0.681,0.682,0.681,0.681,0.681,0.68,0.678,0.678,0.678,0.677,0.678,0.679,0.681,0.682,0.683,0.684,0.685,0.687,0,0,0,0,0,0,0,0,0,0,0,0,0,0,0,0.85,0.851,0.851,0.851,0.851,0.85,0.851,0.85,0.851,0.85,0.85,0.849,0.849,0.85,0.85,0.849,0.849,0.849,0.85,0.849,0.849,0.849,0.849,0.848,0.848,0.848,0.847,0.845,0.844,0.842,0.841,0.838,0.837,0.835,0.834,0.832,0.829,0.825,0.822,0.818,0.815,0.81,0.805,0.8,0.796,0.793,0.79,0.788,0.785,0.782,0.779,0.777,0.774,0.771,0.769,0.766,0.762,0.758,0.754,0.749,0.747,0.744,0.742,0.74,0.738,0.736,0.735,0.734,0.732,0.732,0.73,0.728,0.726,0.725,0.723,0.723,0.721,0.72,0.72,0.72,0.719,0.719,0.719,0.718,0.719,0.719,0.719,0.719,0.719,0.719,0.719,0.72,0.72,0.721,0.721,0.723,0.724,0.726,0.726,0.728,0.729,0.73,0.732,0.732,0,0,0,0,0,0,0,0,0,0,0,0,0,0,0,0,0,0,0,0,0,0,0,0.722,0,0.715,0.712,0.709,0.706,0.703,0.702,0.7,0.698,0.698,0.698,0.698,0.698,0.699,0.702,0.702,0.706,0.708,0.71,0.712,0.714,0.717,0.72,0.724,0.728,0,0,0,0,0,0,0,0,0,0,0,0.86,0.862,0.864,0.868,0.87,0.87,0.873,0.875,0.877,0.877,0.877,0.875,0.874,0.873,0.87,0.868,0.866,0.862,0.86,0,0,0,0,0,0,0,0,0,0,0,0,0,0,0,0,0,0,0,0,0,0,0,0,0.56,0.559,0,0.557,0,0.554,0.552,0.551,0.551,0.55,0.55,0.549,0.548,0.548,0.548,0.548,0.547,0.547,0.547,0.547,0.546,0.546,0.546,0.547,0.547,0.548,0.549,0.551,0.552,0.554,0.557,0.559,0.561,0.563,0.564,0.565,0.566,0.567,0.568,0.569,0.571,0.572,0.573,0.575,0.576,0.578,0.58,0.581,0.584,0.585,0.588,0.589,0.59,0.591,0.593,0.593,0.594,0.595,0.596,0.597,0.597,0.598,0.6,0.601,0.603,0.604,0.604,0.605,0.606,0.606,0.606,0.605,0.605,0.604,0.604,0.603,0.603,0.603,0.603,0.604,0.605,0.606,0.607,0.608,0.608,0.608,0.608,0.609,0.61,0.613,0,0,0,0,0,0.657,0,0,0,0,0,0,0,0,0,0,0,0,0,0,0,0.545,0.545,0.545,0.544,0.544,0.543,0.542,0.542,0.541,0.541,0.54,0.54,0.539,0.539,0.538,0.537,0.537,0.536,0.536,0,0,0.739,0.738,0.737,0.737,0.735,0.734,0.734,0.732,0.732,0.73,0.73,0.728,0.729,0.728,0.729,0.732,0.734,0.739,0.743,0.747,0.751,0.757,0.762,0.768,0.774,0.779,0.783,0.786,0.79,0.795,0.797,0.8,0.803,0.807,0.809,0.812,0.817,0.822,0.825,0.829,0.834,0.836,0.84,0.842,0.844,0.847,0.848,0.849,0,0,0,0,0,0.692,0.691,0.687,0.684,0.684,0.681,0.678,0.677,0.677,0.675,0.675,0.675,0.675,0.675,0.675,0.675,0.676,0.676,0.676,0.676,0.675,0.675,0.675,0.674,0.673,0.672,0.672,0.672,0.673,0.673,0.674,0.675,0.675,0.675,0.675,0.675,0.676,0.676,0.677,0.678,0.678,0.678,0.68,0.681,0.682,0.684,0.685,0,0,0,0,0.706,0,0.706,0.705,0,0,0.702,0.699,0.696,0.694,0.695,0.695,0.696,0.696,0.695,0.694,0.693,0.691,0.688,0.686,0.684,0.681,0.678,0.675,0.672,0.671,0.669,0.667,0.665,0.663,0.663,0.662,0.66,0.658,0,0,0,0.651,0,0,0,0,0,0,0.643,0.644,0.645,0.646,0.648,0.652,0,0.661,0.667,0.669,0,0,0,0,0,2.319,2.364,2.401,2.429,2.439,2.448,2.448,2.488,2.519
0,0,0,0,0,0,0,0,0,0,0,0,0,0,0,0,0,0,0,0,0,0,0,0,0,0,0,0,0,0,0,0,0,0,0,0,0,0,0,0.592,0.593,0.595,0.596,0.599,0.603,0.608,0.614,0.62,0.623,0.626,0.629,0.631,0.632,0.634,0.634,0.634,0.633,0.633,0.633,0.633,0.632,0.632,0.632,0.631,0.63,0.628,0.627,0.625,0.623,0.621,0.621,0.62,0.618,0.618,0.617,0.618,0.618,0.619,0.619,0.62,0.623,0.625,0.628,0.632,0.638,0.644,0.65,0.657,0.662,0.666,0.669,0.672,0.675,0.678,0.678,0.68,0.681,0.681,0.681,0.68,0.678,0.678,0.676,0.676,0.675,0.675,0.676,0.678,0.679,0.681,0.682,0.684,0.685,0.687,0,0,0,0,0,0,0,0,0,0,0,0,0,0,0.849,0.849,0.849,0.85,0.849,0.85,0.848,0.849,0.848,0.847,0.847,0.847,0.844,0.845,0.845,0.847,0.845,0.845,0.844,0.844,0.844,0.844,0.843,0.842,0.841,0.841,0.84,0.84,0.838,0.837,0.836,0.834,0.833,0.83,0.829,0.827,0.826,0.825,0.822,0.818,0.815,0.813,0.81,0.805,0.8,0.795,0.792,0.789,0.787,0.784,0.78,0.776,0.774,0.771,0.768,0.765,0.762,0.757,0.753,0.749,0.746,0.742,0.74,0.738,0.736,0.733,0.732,0.731,0.731,0.729,0.727,0.726,0.725,0.724,0.722,0.72,0.72,0.719,0.718,0.718,0.718,0.717,0.717,0.716,0.716,0.716,0.716,0.716,0.715,0.715,0.715,0.716,0.717,0.718,0.719,0.719,0.72,0.72,0.721,0.723,0.724,0.725,0.726,0.727,0,0,0,0,0,0,0,0,0,0,0,0,0,0,0,0,0,0,0.735,0.734,0,0.731,0.728,0.726,0.724,0.72,0.717,0.713,0.709,0.706,0.702,0.7,0.697,0.696,0.694,0.694,0.694,0.694,0.695,0.695,0.697,0.698,0.701,0.702,0.704,0.706,0.707,0.709,0.71,0.708,0.71,0,0,0,0,0,0,0,0,0,0,0,0.866,0.868,0.87,0.873,0.874,0.878,0.878,0.879,0.88,0.88,0.879,0.878,0.875,0.874,0.869,0,0,0,0,0,0,0,0,0,0,0,0,0,0,0,0,0,0,0,0,0,0,0,0,0,0.558,0.558,0,0.558,0,0.556,0.556,0.554,0.553,0.552,0.551,0.55,0.55,0.55,0.549,0.549,0.548,0.548,0.548,0.547,0.547,0.547,0.546,0.546,0.546,0.547,0.547,0.547,0.549,0.55,0.552,0.554,0.556,0.558,0.561,0.563,0.564,0.565,0.566,0.566,0.568,0.569,0.57,0.571,0.573,0.574,0.575,0.578,0.579,0.58,0.583,0.585,0.586,0.588,0.59,0.591,0.592,0.593,0.594,0.594,0.595,0.596,0.597,0.598,0.599,0.6,0.601,0.602,0.603,0.604,0.604,0.604,0.604,0.604,0.603,0.603,0.603,0.601,0.601,0.602,0.603,0.604,0.605,0.607,0.608,0.608,0.61,0.61,0.61,0.61,0.613,0.616,0.621,0,0,0,0.65,0,0.657,0.658,0.659,0.659,0.659,0.659,0.659,0,0,0,0,0,0,0,0,0,0.543,0.543,0.543,0.542,0.542,0.542,0.542,0.541,0.541,0.54,0.54,0.539,0.539,0.538,0.537,0.537,0.536,0.535,0.535,0,0,0.737,0.736,0,0.733,0.732,0.732,0.728,0.726,0.726,0.724,0.724,0.722,0.722,0.721,0.721,0.724,0.728,0.732,0.733,0.739,0.742,0.748,0.753,0.759,0.762,0.763,0.767,0.773,0.777,0.781,0.786,0.791,0.798,0.81,0.813,0.817,0.822,0.826,0.829,0.833,0.836,0.838,0.842,0.843,0.845,0.847,0.848,0,0,0,0,0,0.687,0.685,0.682,0.68,0.678,0.676,0.673,0.672,0.671,0.669,0.669,0.668,0.667,0.667,0.667,0.667,0.667,0.667,0.667,0.668,0.667,0.667,0.667,0.667,0.667,0.667,0.667,0.667,0.668,0.668,0.669,0.669,0.669,0.67,0.671,0.672,0.672,0.673,0.673,0.674,0.675,0.675,0.677,0.678,0.68,0.682,0,0,0,0,0,0,0,0.708,0.707,0,0,0.704,0.7,0.697,0.695,0.695,0.696,0.696,0.696,0.694,0.693,0.692,0.689,0.686,0.684,0.681,0.678,0.675,0.672,0.67,0.668,0.667,0.665,0.664,0.662,0.662,0.66,0.659,0.657,0,0,0,0,0,0,0,0,0,0,0,0,0.642,0.643,0,0,0,0,0,0,0,0,0,0,0,0,2.364,2.401,2.42,2.429,2.439,2.448,2.468,2.498
0,0,0,0,0,0,0,0,0,0,0,0,0,0,0,0,0,0,0,0,0,0,0,0,0,0,0,0,0,0,0,0,0,0,0,0,0,0,0,0,0.592,0.594,0.596,0.599,0.603,0.608,0.614,0.62,0.624,0.627,0.63,0.632,0.632,0.632,0.633,0.633,0.632,0.632,0.632,0.632,0.631,0.631,0.63,0.63,0.629,0.628,0.626,0.624,0.623,0.621,0.62,0.619,0.617,0.616,0.616,0.617,0.617,0.618,0.618,0.619,0.621,0.625,0.627,0.631,0.635,0.64,0.647,0.653,0.66,0.664,0.668,0.671,0.674,0.677,0.678,0.68,0.681,0.68,0.679,0.679,0.678,0.676,0.675,0.675,0.674,0.672,0.674,0.676,0.678,0.681,0.682,0.683,0.685,0.687,0,0,0,0,0,0,0,0,0,0,0,0,0,0,0.848,0.848,0.848,0.848,0.847,0.847,0.845,0.843,0.843,0.843,0.842,0.841,0.841,0.841,0.841,0.841,0.841,0.84,0.84,0.84,0.838,0.837,0.837,0.836,0.835,0.834,0.833,0.832,0.832,0.829,0.828,0.827,0.825,0.824,0.822,0.821,0.818,0.816,0.814,0.813,0.811,0.81,0.805,0.802,0.798,0.793,0.79,0.787,0.784,0.78,0.776,0.773,0.77,0.767,0.764,0.762,0.758,0.754,0.75,0.746,0.743,0.74,0.737,0.735,0.732,0.73,0.728,0.727,0.726,0.726,0.724,0.723,0.721,0.72,0.72,0.719,0.718,0.717,0.717,0.716,0.716,0.715,0.715,0.715,0.714,0.713,0.713,0.713,0.713,0.713,0.713,0.713,0.714,0.715,0.715,0.716,0.717,0.718,0.719,0.72,0.72,0,0,0,0,0,0,0,0,0,0,0,0,0,0,0,0,0,0,0,0,0.733,0.734,0.733,0.732,0.731,0.728,0.726,0.723,0.72,0.717,0.713,0.71,0.706,0.702,0.698,0.695,0.694,0.691,0.691,0.69,0.689,0.69,0.691,0.691,0.693,0.695,0.696,0.698,0.698,0,0,0,0,0.694,0,0,0,0,0,0,0,0,0,0,0,0,0,0.874,0.875,0.878,0.88,0.88,0.882,0.883,0.882,0.88,0.879,0.879,0,0,0,0,0,0,0,0,0,0,0,0,0,0,0,0,0,0,0,0,0,0,0,0,0,0,0,0.557,0.557,0.558,0.558,0.557,0.556,0.556,0.553,0.552,0.551,0.55,0.55,0.55,0.549,0.549,0.548,0.548,0.548,0.548,0.547,0.547,0.547,0.546,0.546,0.546,0.546,0.547,0.547,0.548,0.55,0.551,0.553,0.555,0.557,0.56,0.562,0.563,0.564,0.565,0.566,0.567,0.569,0.57,0.571,0.572,0.573,0.575,0.577,0.578,0.58,0.582,0.584,0.586,0.588,0.589,0.59,0.591,0.593,0.593,0.594,0.594,0.596,0.597,0.597,0.598,0.6,0.6,0.601,0.601,0.603,0.603,0.602,0.602,0.601,0.601,0.601,0.601,0.6,0.6,0.6,0.602,0.603,0.605,0.607,0.608,0.61,0.61,0.611,0.611,0.612,0.614,0.617,0.622,0.628,0,0.642,0,0.654,0.656,0.657,0.658,0.658,0.658,0.658,0.658,0.657,0.657,0,0.657,0,0,0,0,0,0,0,0,0,0,0,0,0.541,0.541,0.54,0.54,0.539,0.538,0.538,0.537,0.537,0.536,0.535,0.534,0.533,0.533,0.532,0,0,0.732,0.73,0,0,0,0.721,0.72,0.72,0.718,0.716,0.715,0.715,0.716,0.717,0.72,0.72,0.723,0.726,0.727,0.731,0,0,0,0,0.753,0.762,0.766,0.772,0.78,0.79,0.804,0.812,0.817,0.823,0.826,0.828,0.83,0.833,0.836,0.838,0.841,0.842,0.842,0,0,0,0,0,0,0,0,0,0,0,0.67,0.668,0.667,0.665,0.664,0.663,0.662,0.662,0.661,0.661,0.66,0.659,0.661,0.659,0.66,0.66,0.661,0.661,0.661,0.661,0.661,0.662,0.662,0.663,0.663,0.664,0.664,0.665,0.667,0.667,0.668,0.669,0.669,0.67,0.671,0.672,0.674,0.675,0.676,0.678,0.68,0,0,0,0,0,0,0,0.712,0.71,0.709,0,0,0.702,0.698,0.695,0.696,0.695,0.694,0.694,0.692,0.691,0.688,0.686,0.682,0.68,0.678,0.675,0.672,0.669,0.668,0.667,0.665,0.664,0.662,0.661,0,0.66,0.659,0.657,0,0,0,0,0,0,0,0,0,0,0,0,0.64,0.64,0,0,0,0,0,0,0,0,0,0,0,0,2.373,2.41,2.42,2.429,2.429,2.439,2.468,2.488
0,0,0,0,0,0,0,0,0,0,0,0,0,0,0,0,0,0,0,0,0,0,0,0,0,0,0,0,0,0,0,0,0,0,0,0,0,0,0,0.59,0.591,0.593,0.596,0,0.602,0.607,0.615,0.62,0.624,0.628,0.63,0.63,0.632,0.632,0.632,0.632,0.631,0.631,0.631,0.63,0.63,0.63,0.629,0.628,0.628,0.627,0.625,0.623,0.622,0.62,0.62,0.618,0.616,0.616,0.616,0.616,0.616,0.617,0.618,0.618,0.62,0.623,0.626,0.628,0.632,0.637,0.644,0.65,0.657,0.662,0.666,0.67,0.673,0.675,0.678,0.679,0.681,0.681,0.679,0.678,0.678,0.675,0.675,0.674,0.672,0.672,0.673,0.675,0.678,0.68,0.681,0.683,0.685,0.687,0.69,0,0,0,0,0,0,0,0,0,0,0,0,0.847,0.847,0.847,0.845,0.845,0.844,0.843,0.842,0.841,0.838,0.838,0.837,0.836,0.836,0.835,0.835,0.836,0.836,0.835,0.834,0.834,0.833,0.832,0.83,0.829,0.828,0.827,0.826,0.825,0.825,0.824,0.823,0.821,0.818,0.817,0.815,0.814,0.813,0.811,0.809,0.807,0.805,0.805,0.802,0.799,0.795,0.791,0.787,0.784,0.781,0.777,0.774,0.77,0.767,0.764,0.762,0.759,0.756,0.751,0.749,0.745,0.741,0.738,0.735,0.732,0.73,0.727,0.726,0.725,0.723,0.721,0.72,0.72,0.719,0.718,0.716,0.715,0.715,0.714,0.713,0.713,0.713,0.712,0.712,0.711,0.711,0.71,0.71,0.71,0.71,0.71,0.71,0.71,0.711,0.712,0.713,0.714,0.715,0.715,0.716,0.717,0,0,0,0,0,0,0,0,0,0,0,0,0,0,0,0,0,0,0,0.727,0.729,0.731,0.731,0.731,0.73,0.729,0.726,0.725,0.722,0.72,0.715,0.711,0.707,0.704,0.7,0.697,0.694,0.691,0.689,0.687,0.687,0.686,0.686,0.687,0.687,0.688,0.689,0.691,0.691,0.692,0.693,0,0,0.691,0,0,0,0,0,0,0,0,0,0,0,0,0,0,0,0,0.879,0.88,0.882,0.884,0.884,0.883,0.884,0.882,0.88,0,0,0,0,0,0,0,0,0,0,0,0,0,0,0,0,0,0,0,0,0,0,0,0,0,0,0.557,0.557,0.557,0.558,0.558,0.558,0.556,0.556,0.553,0.552,0.552,0.551,0.55,0.55,0.549,0.549,0.548,0.548,0.548,0.547,0.547,0.547,0.547,0.546,0.546,0.546,0.546,0.546,0.547,0.548,0.549,0.551,0.552,0.554,0.557,0.559,0.561,0.562,0.563,0.564,0.565,0.566,0.567,0.569,0.57,0.572,0.573,0.575,0.577,0.577,0.579,0.581,0.583,0.585,0.586,0.588,0.589,0.59,0.591,0.593,0.593,0.594,0.595,0.596,0.597,0.598,0.598,0.599,0.6,0.6,0.601,0.601,0.601,0.6,0.6,0.6,0.599,0.6,0.598,0.599,0.6,0.602,0.604,0.606,0.608,0.609,0.611,0.612,0.612,0.613,0.613,0.615,0.619,0.624,0,0.636,0.642,0.649,0.654,0.655,0.657,0.657,0.657,0.657,0.656,0.655,0.655,0.654,0.654,0.654,0.653,0.653,0.653,0,0,0,0,0,0,0,0,0,0,0,0.54,0.539,0.539,0.538,0.537,0.537,0.536,0.536,0.535,0.534,0.533,0.532,0.531,0,0,0,0,0,0,0,0.718,0.716,0.715,0.715,0.713,0.712,0.709,0.708,0.709,0.708,0.71,0.709,0.71,0.71,0.709,0.711,0,0,0.717,0,0,0,0,0,0,0.803,0.811,0.818,0.823,0.825,0.828,0.83,0.832,0.834,0.836,0.838,0.84,0,0,0,0,0,0,0,0,0,0,0,0,0,0.663,0.662,0.66,0.659,0.659,0.657,0.657,0.655,0.655,0.654,0.654,0.654,0.654,0.654,0.654,0.654,0.655,0.655,0.655,0.656,0.657,0.657,0.658,0.659,0.659,0.66,0.661,0.662,0.664,0.664,0.665,0.667,0.667,0.669,0.67,0.672,0.673,0.674,0.675,0.677,0,0,0,0,0,0,0,0,0.716,0.713,0,0,0.703,0.699,0.697,0.697,0.696,0.694,0.693,0.69,0.687,0.685,0.682,0.678,0.676,0.673,0.671,0.668,0.667,0.664,0.664,0.663,0.662,0.662,0.66,0.659,0,0,0.656,0,0,0,0,0,0,0,0,0,0,0,0,0.638,0.638,0,0,0,0,0,0,0,0,0,0,0,0,2.382,2.41,2.42,2.429,2.429,2.439,2.458,2.478
0,0,0,0,0,0,0,0,0,0,0,0,0,0,0,0,0,0,0,0,0,0,0,0,0,0,0,0,0,0,0,0,0,0,0,0,0,0,0,0,0,0.593,0.596,0,0.602,0.608,0.615,0.62,0.623,0.626,0.628,0.63,0.63,0.63,0.63,0.63,0.63,0.63,0.63,0.629,0.629,0.628,0.628,0.628,0.627,0.626,0.624,0.622,0.621,0.62,0.618,0.618,0.616,0.615,0.615,0.615,0.616,0.616,0.616,0.618,0.619,0.622,0.624,0.627,0.631,0.636,0.641,0.647,0.653,0.657,0.662,0.666,0.67,0.673,0.675,0.678,0.678,0.68,0.679,0.678,0.677,0.675,0.674,0.673,0.672,0.671,0.672,0.675,0.678,0.68,0.681,0.684,0.686,0.688,0.691,0,0,0,0,0,0,0,0,0,0,0,0.847,0.847,0.845,0.844,0.843,0.842,0.841,0.841,0.838,0.836,0.834,0.833,0.832,0.83,0.83,0.829,0.83,0.83,0.83,0.829,0.828,0.828,0.827,0.826,0.825,0.824,0.823,0.822,0.821,0.819,0.818,0.817,0.816,0.815,0.813,0.812,0.81,0.809,0.807,0.805,0.804,0.802,0.801,0.801,0.799,0.796,0.792,0.788,0.784,0.781,0.778,0.774,0.77,0.767,0.764,0.762,0.759,0.757,0.754,0.75,0.747,0.744,0.74,0.737,0.734,0.732,0.729,0.726,0.725,0.722,0.721,0.72,0.718,0.717,0.715,0.714,0.712,0.711,0.71,0.71,0.71,0.71,0.71,0.709,0.708,0.708,0.707,0.707,0.707,0.706,0.706,0.706,0.707,0.708,0.709,0.71,0.711,0.711,0.712,0.713,0.713,0,0,0,0,0,0,0,0,0,0,0,0,0,0,0,0,0,0,0,0.719,0.722,0.723,0.726,0.727,0.727,0.726,0.725,0.723,0.721,0.719,0.717,0.713,0.71,0.706,0.702,0.698,0.694,0.691,0.689,0.686,0.684,0.683,0.682,0.683,0.683,0.684,0.684,0.685,0.686,0.687,0.687,0.687,0.688,0.687,0.687,0.684,0.682,0.68,0.679,0,0,0,0,0,0,0,0,0,0,0,0,0,0,0,0,0,0,0,0,0,0,0,0,0,0,0,0,0,0,0,0,0,0,0,0,0,0,0,0,0,0,0,0,0,0,0,0.554,0.554,0.555,0.555,0.555,0.555,0.555,0.553,0.553,0.552,0.551,0.55,0.55,0.549,0.549,0.549,0.549,0.548,0.548,0.547,0.547,0.547,0.547,0.546,0.546,0.546,0.546,0.547,0.547,0.548,0.549,0.55,0.552,0.553,0.555,0.557,0.56,0.56,0.561,0.563,0.564,0.566,0.567,0.569,0.57,0.571,0.573,0.574,0.575,0.577,0.578,0.579,0.581,0.584,0.585,0.587,0.588,0.589,0.591,0.591,0.593,0.594,0.594,0.595,0.596,0.597,0.597,0.598,0.598,0.599,0.6,0.6,0.599,0.598,0.598,0.598,0.598,0.598,0.598,0.598,0.6,0.603,0.605,0.607,0.609,0.611,0.612,0.613,0.614,0.615,0.615,0.617,0.621,0.626,0.631,0.636,0.642,0.648,0.653,0.654,0.655,0.656,0.655,0.655,0.654,0.654,0.654,0.653,0.653,0.652,0.651,0.651,0.65,0.651,0.651,0.652,0.653,0,0,0,0,0,0,0,0,0,0,0,0.537,0.537,0.536,0.536,0.535,0.534,0.533,0.532,0.531,0.529,0.528,0.527,0,0,0,0.715,0.713,0,0.71,0.709,0.708,0.706,0.703,0.702,0.701,0.699,0.699,0.698,0.697,0.695,0.696,0.695,0.697,0.698,0.698,0.7,0.703,0.708,0,0,0,0,0.811,0.817,0.821,0.825,0.826,0.827,0.829,0.83,0.833,0.835,0,0,0,0,0,0,0,0,0,0,0,0,0,0,0.657,0.657,0.656,0.654,0.654,0.653,0.652,0.651,0.65,0.65,0.649,0.649,0.648,0.648,0.65,0.65,0.65,0.65,0.65,0.652,0.652,0.653,0.654,0.654,0.655,0.657,0.657,0.659,0.66,0.661,0.662,0.664,0.665,0.666,0.668,0.669,0.67,0.672,0.672,0,0,0,0,0,0,0,0,0,0,0,0,0,0,0.702,0.699,0,0.698,0,0,0,0.685,0.682,0.678,0.675,0.672,0.669,0.667,0.665,0.663,0.662,0.662,0.661,0.661,0.66,0,0.659,0,0,0,0,0,0,0,0,0,0,0,0,0,0.637,0,0.637,0.636,0.636,0.636,0,0.634,0,0,0,0,0,0,0,0,0,2.42,2.429,2.42,2.42,2.439,2.448,2.458
0,0,0,0,0,0,0,0,0,0,0,0,0,0,0,0,0,0,0,0,0,0,0,0,0,0,0,0,0,0,0,0,0,0,0,0,0,0,0,0,0.593,0.594,0.596,0.599,0.603,0,0,0,0,0.625,0.626,0.628,0.628,0.628,0.628,0.628,0.628,0.628,0.628,0.628,0.627,0.627,0.626,0.626,0.626,0.625,0.623,0.621,0.62,0.619,0.618,0.617,0.615,0.615,0.615,0.615,0.615,0.616,0.616,0.617,0.619,0.621,0.623,0.626,0.629,0.634,0.638,0.644,0.648,0.653,0.657,0.662,0.667,0.669,0.672,0.675,0.677,0.678,0.678,0.677,0.676,0.675,0.674,0.672,0.672,0.671,0.672,0.675,0.677,0.68,0.681,0.684,0.687,0.689,0.691,0.693,0,0,0,0,0,0,0,0,0,0,0.818,0.829,0.835,0.836,0.836,0.837,0.836,0.835,0.834,0.832,0.83,0.829,0.827,0.827,0.826,0.826,0.826,0.826,0.826,0.825,0.824,0.824,0.822,0.821,0.819,0.818,0.817,0.815,0.814,0.813,0.813,0.811,0.811,0.809,0.808,0.805,0.803,0.802,0.802,0.801,0.799,0.797,0.797,0.796,0.794,0.792,0.788,0.784,0.781,0.777,0.775,0.771,0.767,0.763,0.761,0.758,0.756,0.754,0.752,0.749,0.746,0.743,0.74,0.737,0.735,0.732,0.73,0.727,0.724,0.721,0.72,0.718,0.715,0.714,0.712,0.71,0.709,0.707,0.706,0.706,0.705,0.706,0.705,0.705,0.703,0.703,0.703,0.703,0.702,0.703,0.703,0.704,0.704,0.705,0.706,0.707,0.708,0.709,0.71,0.71,0.711,0.712,0,0,0,0,0,0,0,0,0,0,0,0,0,0,0,0,0,0,0.714,0.716,0.718,0.72,0.722,0.722,0.722,0.721,0.72,0.718,0.716,0.714,0.71,0.706,0.702,0.698,0.694,0.691,0.688,0.685,0.683,0.681,0.681,0.68,0.679,0.679,0.68,0.68,0.681,0.681,0.682,0.683,0.682,0.683,0.682,0.681,0.678,0,0.675,0.675,0,0,0,0,0,0,0,0,0,0,0,0,0,0,0,0,0,0,0,0,0,0,0,0,0,0,0,0,0,0,0,0,0,0,0,0,0,0,0,0,0,0,0,0,0,0,0,0.553,0.554,0.554,0.554,0.554,0.554,0.553,0.553,0.552,0.551,0.55,0.55,0.549,0.549,0.548,0.548,0.548,0.547,0.547,0.547,0.547,0.547,0.547,0.546,0.546,0.546,0.547,0.547,0.547,0.548,0.549,0.55,0.551,0.553,0.555,0.556,0.558,0.559,0.56,0.562,0.564,0.565,0.567,0.569,0.57,0.571,0.572,0.573,0.575,0.576,0.577,0.579,0.58,0.582,0.584,0.586,0.587,0.589,0.59,0.591,0.592,0.593,0.594,0.594,0.595,0.596,0.597,0.597,0.597,0.598,0.598,0.598,0.597,0.597,0.597,0.597,0.597,0.597,0.597,0.598,0.6,0.603,0.605,0.608,0.61,0.612,0.614,0.615,0.616,0.617,0.617,0.619,0.623,0.627,0.631,0.637,0.642,0.647,0.651,0.653,0.654,0.654,0.654,0.653,0.652,0.652,0.651,0.651,0.65,0.65,0.648,0.648,0.648,0.648,0.648,0.649,0.65,0.65,0.65,0.65,0.65,0,0,0,0,0,0,0,0,0,0.536,0.535,0.534,0.533,0.533,0.532,0.53,0.529,0.528,0.526,0.525,0.523,0.522,0,0,0,0.706,0.705,0.703,0.701,0.698,0.695,0.694,0.691,0.688,0.687,0.686,0.684,0.682,0.682,0.682,0.683,0.683,0.684,0.685,0.689,0,0,0,0,0,0.816,0.819,0.822,0.824,0.826,0.827,0.828,0.829,0.832,0,0,0,0,0,0,0,0,0,0,0,0,0.654,0.654,0.654,0.653,0.652,0.652,0.651,0.65,0.648,0.648,0.647,0.646,0.646,0.646,0.646,0.645,0.646,0.646,0.646,0.646,0.648,0.648,0.649,0.649,0.65,0.651,0.652,0.653,0.654,0.655,0.657,0.658,0.659,0.66,0.662,0.663,0.665,0.667,0.668,0.669,0.67,0,0,0,0,0,0,0,0,0,0,0,0,0,0,0,0,0,0,0,0,0.684,0.681,0.678,0.674,0.67,0.667,0.664,0.663,0.661,0.659,0.659,0.659,0.659,0.659,0.659,0,0,0,0,0,0,0,0,0,0,0,0,0,0,0,0.637,0.637,0.637,0.636,0.636,0.634,0.632,0.63,0.626,0.623,0.621,0.618,0.615,0,0,0,0,0,0,0,2.42,2.429,2.439,0
0,0,0,0,0,0,0,0,0,0,0,0,0,0,0,0,0,0,0,0,0,0,0,0,0,0,0,0,0,0,0,0,0,0,0,0,0,0,0,0,0,0.595,0.596,0.598,0.602,0,0,0,0,0,0.625,0.626,0.626,0.626,0.626,0.626,0.626,0.626,0.626,0.626,0.625,0.625,0.625,0.625,0.624,0.623,0.621,0.62,0.619,0.618,0.616,0.616,0.615,0.615,0.614,0.615,0.615,0.616,0.616,0.617,0.619,0.62,0.623,0.626,0.628,0.632,0.636,0.641,0.645,0.649,0.654,0.658,0.662,0.666,0.669,0.672,0.675,0.675,0.675,0.675,0.675,0.674,0.673,0.672,0.672,0.67,0.672,0.675,0.678,0.68,0.682,0.684,0.687,0.689,0.692,0.694,0.696,0,0,0,0,0,0,0,0,0,0,0,0.822,0.826,0.827,0.829,0.83,0.829,0.828,0.828,0.826,0.825,0.824,0.823,0.822,0.822,0.822,0.822,0.822,0.819,0.818,0.818,0.817,0.816,0.814,0.813,0.812,0.811,0.81,0.809,0.808,0.807,0.805,0.803,0.802,0.8,0.799,0.797,0.796,0.795,0.794,0.792,0.792,0.791,0.789,0.787,0.784,0.78,0.777,0.773,0.771,0.767,0.763,0.761,0.758,0.755,0.753,0.752,0.75,0.748,0.746,0.743,0.74,0.738,0.735,0.732,0.73,0.726,0.723,0.72,0.718,0.715,0.714,0.711,0.709,0.706,0.705,0.704,0.703,0.702,0.702,0.701,0.701,0.7,0.699,0.699,0.699,0.699,0.699,0.699,0.698,0.699,0.7,0.702,0.702,0.703,0.705,0.706,0.706,0.707,0.709,0,0,0,0,0,0,0,0,0,0,0,0,0,0,0,0,0,0.701,0.705,0.709,0.711,0.713,0.715,0.717,0.718,0.717,0.716,0.715,0.714,0.712,0.71,0.707,0.702,0.699,0.694,0.691,0.688,0.685,0.682,0.68,0.679,0.678,0.677,0.677,0.677,0.677,0.678,0.678,0.678,0.678,0.678,0.678,0.678,0.677,0.675,0.673,0.671,0,0.669,0,0,0,0,0,0,0,0,0,0,0,0,0,0,0,0,0,0,0,0,0,0,0,0,0,0,0,0,0,0,0,0,0,0,0,0,0,0,0,0,0,0,0,0,0,0,0,0,0,0.554,0.554,0.554,0.553,0.553,0.552,0.552,0.551,0.55,0.549,0.549,0.548,0.548,0.548,0.548,0.547,0.547,0.547,0.547,0.547,0.547,0.547,0.547,0.547,0.547,0.547,0.547,0.548,0.548,0.549,0.55,0.552,0.553,0.555,0.557,0.558,0.559,0.562,0.563,0.565,0.566,0.567,0.569,0.57,0.571,0.573,0.574,0.575,0.576,0.578,0.579,0.581,0.583,0.585,0.586,0.588,0.589,0.59,0.591,0.592,0.593,0.594,0.594,0.595,0.596,0.596,0.596,0.596,0.596,0.596,0.596,0.596,0.596,0.596,0.596,0.597,0.597,0.598,0.6,0.603,0.605,0.608,0.611,0.613,0.615,0.616,0.618,0.618,0.619,0.62,0.624,0.628,0.632,0.637,0.641,0.645,0.648,0.65,0.651,0.651,0.651,0.65,0.65,0.65,0.648,0.649,0.648,0.647,0.647,0.646,0.646,0.646,0.645,0.646,0.647,0.647,0.648,0.648,0.648,0.648,0.647,0.646,0,0,0,0,0,0,0,0,0.533,0.533,0.533,0.531,0.53,0.529,0.528,0.526,0.524,0.522,0.521,0.519,0.519,0,0,0.702,0.699,0,0,0.691,0.688,0,0.681,0.679,0.676,0.674,0.672,0.672,0.669,0.669,0.667,0.667,0.67,0.673,0,0,0,0,0,0,0.819,0.822,0.823,0.824,0.825,0.826,0.828,0.828,0,0,0,0,0,0,0,0,0,0,0.65,0.651,0.65,0.651,0.65,0.65,0.65,0.649,0.648,0.647,0.646,0.645,0.644,0.644,0.643,0.643,0.642,0.642,0.642,0.642,0.643,0.644,0.644,0.644,0.646,0.646,0.646,0.648,0.648,0.65,0.65,0.652,0.653,0.654,0.656,0.657,0.658,0.66,0.662,0.664,0.664,0.666,0.667,0,0,0,0,0,0,0,0,0,0,0,0,0,0,0,0,0,0,0,0,0,0.675,0.672,0.669,0.665,0.663,0.661,0.659,0.657,0.656,0.656,0.657,0.656,0.657,0,0,0,0,0,0,0,0,0,0,0,0,0,0,0,0,0,0.637,0.636,0.636,0.636,0.634,0.632,0.63,0,0.623,0.621,0.619,0.616,0,0,0,0,0,0,0,0,0,0,0
0,0,0,0,0,0,0,0,0,0,0,0,0,0,0,0,0,0,0,0,0,0,0,0,0,0,0,0,0,0,0,0,0,0,0,0,0,0,0,0,0.594,0.596,0.596,0.598,0.602,0.606,0,0,0,0,0.623,0.624,0.624,0.624,0.625,0.625,0.625,0.625,0.625,0.624,0.624,0.623,0.623,0.623,0.622,0.621,0.62,0.618,0.618,0.616,0.616,0.615,0.614,0.614,0.614,0.615,0.615,0.615,0.616,0.618,0.619,0.621,0.623,0.625,0.628,0.63,0.635,0.639,0.642,0.646,0.65,0.653,0.658,0.662,0.665,0.669,0.671,0.673,0.674,0.674,0.674,0.673,0.672,0.672,0.671,0.671,0.672,0.674,0.677,0.68,0.682,0.684,0.687,0.69,0.693,0.694,0.696,0.698,0,0,0,0,0.72,0,0,0,0,0,0.8,0.804,0.81,0.814,0.816,0.818,0.817,0.818,0.818,0.819,0.818,0.817,0.817,0.816,0.816,0.816,0.816,0.815,0.814,0.813,0.812,0.811,0.81,0.809,0.807,0.805,0.804,0.803,0.802,0.801,0.8,0.798,0.796,0.794,0.793,0.791,0.791,0.789,0.788,0.787,0.787,0.786,0.784,0.782,0.779,0.776,0.772,0.769,0.766,0.763,0.761,0.758,0.755,0.753,0.751,0.75,0.749,0.748,0.745,0.743,0.74,0.738,0.735,0.733,0.73,0.726,0.722,0.719,0.716,0.714,0.71,0.709,0.706,0.703,0.702,0.7,0.699,0.698,0.698,0.697,0.696,0.696,0.695,0.694,0.694,0.694,0.694,0.694,0.694,0.695,0.696,0.698,0.698,0.699,0.699,0.7,0.7,0.702,0,0,0,0,0,0,0,0,0,0,0,0,0,0,0,0,0,0.691,0.695,0.7,0.703,0.706,0.706,0.71,0.711,0.712,0.711,0.71,0.71,0.708,0.706,0.705,0.702,0.698,0.694,0.691,0.687,0.684,0.681,0.678,0.677,0.675,0.675,0.675,0.674,0.674,0.674,0.675,0.675,0.675,0.675,0.675,0.676,0.675,0.673,0.672,0.671,0.669,0.668,0,0,0,0,0,0,0,0,0,0,0,0,0,0,0,0,0,0,0,0,0,0,0,0,0,0,0,0,0,0,0,0,0,0,0,0,0,0,0,0,0,0,0,0,0.386,0.386,0.385,0.385,0.384,0.384,0.383,0.383,0.383,0.383,0.383,0.383,0.383,0.383,0.382,0,0.382,0.382,0,0,0,0,0,0,0,0.547,0.547,0.547,0.547,0.547,0.547,0.547,0.548,0.548,0.548,0.549,0.55,0.551,0.552,0.554,0.556,0.557,0.559,0.561,0.563,0.565,0.566,0.567,0.568,0.57,0.571,0.572,0.573,0.574,0.575,0.577,0.578,0.58,0.582,0.584,0.585,0.586,0.588,0.589,0.591,0.592,0.593,0.593,0.594,0.594,0.595,0.595,0.595,0.595,0.595,0.595,0.595,0.595,0.595,0.595,0.596,0.597,0.597,0.598,0.6,0.603,0.606,0.609,0.612,0.614,0.616,0.618,0.619,0.62,0.62,0.622,0.625,0.628,0.632,0.636,0.64,0.643,0.646,0.648,0.648,0.648,0.648,0.648,0.647,0.646,0.646,0.645,0.645,0.644,0.644,0.644,0.644,0.643,0.643,0.644,0.644,0.644,0.644,0.644,0.644,0.643,0.642,0.64,0.638,0,0,0,0,0,0,0,0,0,0,0,0.529,0.528,0.527,0.525,0.523,0.522,0.52,0.519,0.517,0.516,0.514,0.512,0,0,0,0,0,0.681,0.678,0.675,0.673,0.671,0.669,0.668,0.667,0.666,0.666,0.666,0.664,0.664,0.664,0.663,0,0,0,0,0,0.821,0.821,0.822,0.823,0.824,0,0,0,0,0,0,0,0,0,0,0,0.648,0.648,0.648,0.649,0.649,0.648,0.647,0.647,0.646,0.646,0.644,0.643,0.642,0.642,0.642,0.64,0.64,0.64,0.639,0.64,0.64,0.64,0.64,0.64,0.641,0.641,0.642,0.643,0.644,0.645,0.646,0.648,0.649,0.65,0.651,0.653,0.654,0.656,0.658,0.659,0.661,0.662,0.664,0.664,0,0,0,0,0,0,0,0,0,0,0,0,0,0,0,0,0,0,0,0,0,0,0.663,0.66,0.657,0.657,0.654,0.654,0.652,0.652,0.652,0.652,0.653,0,0,0,0,0,0,0,0,0,0,0,0,0,0,0,0,0,0,0.636,0.636,0.636,0.635,0.634,0.632,0.631,0.627,0.624,0.622,0.62,0.617,0,0,0,0,0,0,0,0,0,0,0
0,0,0,0,0,0,0,0,0,0,0,0,0,0,0,0,0,0,0,0,0,0,0,0,0,0,0,0,0,0,0,0,0,0,0,0,0,0,0,0,0.594,0,0.596,0.598,0,0.605,0.609,0,0.617,0.619,0.621,0.621,0.622,0.621,0.622,0.623,0.622,0.622,0.622,0.622,0.621,0.621,0.621,0.621,0.62,0.62,0.618,0.617,0.616,0.615,0.615,0.614,0.613,0.613,0.613,0.614,0.615,0.615,0.616,0.617,0.619,0.621,0.622,0.625,0.626,0.63,0.633,0.636,0.639,0.643,0.646,0.65,0.654,0.658,0.662,0.665,0.668,0.67,0.672,0.672,0.672,0.672,0.672,0.672,0.671,0.672,0.672,0.675,0.677,0.68,0.682,0.684,0.687,0.69,0.693,0.695,0.698,0.699,0.702,0.707,0.71,0,0.72,0.731,0,0,0,0,0,0,0.79,0.794,0.797,0.799,0.8,0.802,0.803,0.805,0.805,0.807,0.807,0.807,0.808,0.808,0.808,0.807,0.807,0.807,0.807,0.805,0.804,0.803,0.801,0.8,0.799,0.797,0.796,0.795,0.794,0.791,0.789,0.787,0.785,0.784,0.782,0.782,0.781,0.78,0.779,0.779,0.777,0.775,0.773,0.771,0.768,0.764,0.762,0.76,0.758,0.755,0.753,0.751,0.749,0.749,0.748,0.746,0.745,0.743,0.74,0.738,0.735,0.733,0.73,0.726,0.72,0.717,0.714,0.711,0.708,0.706,0.702,0.7,0.698,0.697,0.695,0.694,0.694,0.694,0.694,0.693,0.692,0.692,0.691,0.691,0.692,0.691,0.691,0.692,0.692,0.694,0.694,0.694,0.693,0.694,0.694,0,0,0,0,0,0,0,0,0,0,0,0,0,0,0,0,0,0.682,0.687,0.691,0.694,0.697,0.698,0.701,0.703,0.705,0.706,0.705,0.705,0.703,0.702,0.701,0.699,0.696,0.693,0.689,0.686,0.683,0.681,0.678,0.675,0.674,0.672,0.672,0.672,0.671,0.672,0.672,0.672,0.672,0.672,0.672,0.672,0.673,0.672,0.672,0.67,0.669,0.668,0,0,0,0,0,0,0,0,0,0,0,0,0,0,0,0,0,0,0,0,0,0,0,0,0,0,0,0,0,0,0,0,0,0,0,0,0,0,0,0,0.387,0.387,0.387,0.386,0.385,0.385,0.384,0.384,0.384,0.383,0.383,0.382,0.382,0.382,0.382,0.382,0.382,0.382,0,0,0.382,0.382,0,0.381,0,0.381,0.381,0,0.381,0.381,0,0,0,0.548,0.548,0.548,0.548,0.548,0.548,0.548,0.549,0.549,0.551,0.552,0.554,0.556,0.557,0.559,0.561,0.563,0.564,0.565,0.566,0.567,0.569,0.57,0.571,0.572,0.573,0.574,0.575,0.577,0.579,0.581,0.583,0.584,0.586,0.587,0.589,0.59,0.591,0.592,0.593,0.593,0.593,0.594,0.593,0.594,0.594,0.594,0.594,0.594,0.594,0.594,0.595,0.596,0.597,0.598,0.599,0.601,0.604,0.606,0.609,0.612,0.614,0.617,0.619,0.62,0.621,0.621,0.623,0.626,0.629,0.632,0.635,0.638,0.641,0.644,0.645,0.646,0.646,0.646,0.645,0.644,0.644,0.643,0.642,0.642,0.642,0.642,0.642,0.641,0.641,0.641,0.642,0.642,0.642,0.641,0.64,0.64,0.639,0.637,0.635,0.632,0.627,0.625,0.621,0,0.615,0,0,0,0,0,0,0,0,0,0.525,0.523,0.522,0.52,0.519,0.517,0.515,0.513,0.511,0.51,0,0,0,0,0.677,0.674,0.672,0.669,0.667,0.667,0.665,0.665,0.665,0.664,0.663,0.662,0.662,0.662,0.661,0.66,0,0,0,0,0,0.818,0.819,0,0,0,0,0,0,0,0,0,0,0,0.645,0.645,0.646,0.646,0.646,0.646,0.647,0.646,0.646,0.644,0.644,0.644,0.642,0.642,0.64,0.639,0.638,0.638,0.637,0.636,0.636,0.636,0.636,0.636,0.636,0.636,0.638,0.638,0.64,0.64,0.641,0.642,0.643,0.644,0.646,0.647,0.648,0.65,0.652,0.653,0.654,0.657,0.658,0.659,0.662,0.662,0,0,0,0,0,0,0,0,0,0,0,0,0,0,0,0,0,0,0,0,0,0.656,0.653,0.651,0.65,0.65,0.648,0.648,0.648,0.648,0.649,0,0,0,0,0,0,0,0,0,0,0,0,0,0,0,0,0,0,0.636,0.636,0.636,0.636,0.636,0.635,0.634,0.632,0.631,0.628,0.625,0.622,0.62,0.618,0,0,0,0,0,0,0,0,0,0,0
0,0,0,0,0,0,0,0,0,0,0,0,0,0,0,0,0,0,0,0,0,0,0,0,0,0,0,0,0,0,0,0,0,0,0,0,0,0,0.594,0.594,0.595,0.596,0.596,0.598,0.601,0.604,0.608,0.611,0.615,0.616,0.618,0.619,0.62,0.619,0.62,0.62,0.62,0.62,0.62,0.62,0.62,0.619,0.619,0.619,0.618,0.618,0.616,0.616,0.615,0.614,0.613,0.613,0.613,0.613,0.613,0.613,0.615,0.615,0.616,0.617,0.619,0.62,0.622,0.623,0.626,0.628,0.631,0.634,0.637,0.64,0.643,0.647,0.65,0.654,0.659,0.662,0.666,0.668,0.67,0.671,0.672,0.672,0.672,0.672,0.671,0.672,0.673,0.675,0.677,0.68,0.682,0.685,0.687,0.691,0.693,0.695,0.697,0.699,0,0,0,0.713,0.719,0.724,0,0.74,0.747,0.755,0.762,0.766,0.771,0.776,0.779,0.781,0.782,0.783,0.785,0.788,0.789,0.79,0.791,0.793,0.794,0.795,0.796,0.797,0.797,0.797,0.797,0.796,0.796,0.795,0.794,0.794,0.792,0.791,0.789,0.787,0.785,0.783,0.781,0.779,0.778,0.776,0.775,0.774,0.774,0.773,0.772,0.772,0.771,0.769,0.767,0.765,0.762,0.761,0.758,0.756,0.754,0.752,0.75,0.749,0.747,0.746,0.745,0.743,0.742,0.74,0.738,0.736,0.733,0.732,0.727,0.723,0.718,0.715,0.711,0.708,0.705,0.702,0.7,0.698,0.695,0.694,0.693,0.691,0.691,0.691,0.691,0.69,0.69,0.69,0.689,0.689,0.689,0.688,0.689,0.69,0.689,0.69,0.691,0.689,0.687,0.688,0,0,0,0,0,0,0,0,0,0,0,0,0,0,0,0,0,0.676,0.678,0.682,0.685,0.689,0.691,0.694,0.695,0.698,0.699,0.699,0.698,0.698,0.697,0.695,0.694,0.692,0.69,0.687,0.684,0.681,0.678,0.676,0.674,0.672,0.671,0.671,0.67,0.669,0.669,0.67,0.67,0.67,0.67,0.67,0.67,0.67,0.669,0.669,0.668,0.667,0.666,0.665,0.664,0.664,0,0,0,0,0,0,0,0,0,0,0,0,0,0,0,0,0,0,0,0,0,0,0,0,0,0,0,0,0,0,0,0,0,0,0,0,0,0.386,0.386,0.386,0.386,0.385,0.384,0.383,0.383,0.383,0.382,0.382,0.382,0.381,0.381,0.381,0.381,0.381,0.381,0.382,0,0,0.382,0.381,0.381,0.381,0.381,0.381,0,0.381,0.381,0.381,0.381,0.381,0.381,0,0,0,0.548,0.548,0.549,0.548,0.548,0.549,0.551,0.552,0.554,0.556,0.557,0.559,0.561,0.563,0.564,0.565,0.566,0.567,0.568,0.569,0.57,0.571,0.572,0.574,0.574,0.576,0.578,0.58,0.582,0.583,0.585,0.586,0.588,0.59,0.591,0.591,0.592,0.592,0.593,0.593,0.592,0.592,0.593,0.593,0.594,0.594,0.594,0.594,0.595,0.596,0.597,0.598,0.599,0.601,0.604,0.607,0.61,0.612,0.614,0.616,0.619,0.621,0.621,0.623,0.624,0.626,0.629,0.632,0.634,0.636,0.639,0.641,0.642,0.644,0.644,0.643,0.642,0.642,0.642,0.64,0.64,0.639,0.639,0.639,0.638,0.638,0.638,0.638,0.638,0.639,0.638,0.638,0.638,0.636,0.634,0.632,0.63,0.627,0.623,0.619,0.615,0.613,0.611,0.61,0,0,0,0,0,0,0,0,0,0.523,0.521,0.519,0.518,0.517,0.515,0.513,0.51,0.508,0.507,0,0,0,0,0,0.668,0.666,0.665,0.664,0.663,0.662,0.662,0.662,0.66,0.659,0.659,0.659,0.659,0.657,0,0,0,0,0,0,0,0,0,0,0,0,0,0,0,0,0,0.642,0.642,0.642,0.643,0.644,0.644,0.644,0.644,0.643,0.643,0.643,0.642,0.641,0.64,0.64,0.638,0.638,0.636,0.636,0.635,0.634,0.634,0.634,0.633,0.633,0.633,0.634,0.634,0.635,0.636,0.636,0.637,0.638,0.639,0.641,0.642,0.644,0.645,0.646,0.648,0.65,0,0,0.655,0.657,0.658,0,0,0.887,0.891,0.892,0.891,0.892,0.895,0,0,0,0,0,0,0,0,0,0,0,0.659,0.656,0.653,0.651,0.648,0.647,0.646,0.645,0.644,0.644,0.645,0.645,0.646,0,0,0,0,0,0,0,0,0,0,0,0,0,0,0,0,0,0,0,0.636,0.636,0.636,0.636,0.635,0.634,0.632,0.63,0.628,0.625,0.622,0.62,0.618,0,0,0,0,0,0,0,0,0,0,0
0,0,0,0,0,0,0,0,0,0,0,0,0,0,0,0,0,0,0,0,0,0,0,0,0,0,0,0,0,0,0,0,0,0,0,0,0,0,0.596,0.596,0,0,0,0.6,0.602,0.605,0.607,0.61,0.613,0.615,0.616,0.616,0.617,0.617,0.618,0.618,0.618,0.618,0.618,0.617,0.617,0.617,0.617,0.616,0.616,0.616,0.615,0.614,0.613,0.613,0.612,0.612,0.612,0.612,0.612,0.613,0.614,0.614,0.615,0.617,0.619,0.62,0.621,0.623,0.625,0.627,0.63,0.632,0.635,0.638,0.64,0.644,0.648,0.652,0.656,0.659,0.663,0.666,0.668,0.669,0.67,0.671,0.671,0.672,0.672,0.672,0.673,0.675,0.678,0.68,0.682,0.684,0.687,0.69,0.693,0.694,0.697,0.699,0.702,0.706,0.708,0.711,0.715,0.716,0.722,0,0.733,0.739,0.744,0.749,0.752,0.757,0.761,0.764,0.764,0.766,0.768,0.771,0.772,0.772,0.774,0.775,0.775,0.776,0.778,0.78,0.781,0.781,0.783,0.784,0.785,0.786,0.786,0.786,0.785,0.784,0.782,0.78,0.778,0.776,0.774,0.773,0.771,0.77,0.769,0.769,0.769,0.769,0.768,0.767,0.766,0.764,0.762,0.761,0.758,0.756,0.754,0.751,0.75,0.749,0.747,0.746,0.744,0.744,0.743,0.742,0.74,0.74,0.737,0.733,0.732,0.729,0.726,0.721,0.716,0.711,0.708,0.705,0.702,0.7,0.697,0.694,0.693,0.692,0.691,0.69,0.689,0.689,0.689,0.688,0.688,0.687,0.687,0.686,0.686,0.686,0.686,0.686,0.687,0.687,0.687,0.685,0.684,0,0,0,0,0,0,0,0,0,0,0,0,0,0,0,0,0,0.671,0.673,0.675,0.678,0.681,0.684,0.687,0.689,0.69,0.691,0.692,0.693,0.692,0.691,0.69,0.688,0.687,0.685,0.683,0.681,0.678,0.675,0.673,0.672,0.67,0.669,0.669,0.668,0.667,0.667,0.668,0.668,0.668,0.669,0.669,0.669,0.669,0.669,0.667,0.667,0.666,0.664,0.663,0.663,0.662,0,0,0,0,0,0,0,0,0,0,0,0,0,0,0,0,0,0,0,0,0,0,0,0,0,0,0.384,0.385,0.385,0.385,0.386,0.386,0.386,0.387,0.387,0.387,0.386,0.386,0.386,0.385,0.386,0.385,0.384,0.383,0.383,0.382,0.382,0.381,0.381,0.381,0.38,0.381,0.381,0.381,0.381,0.381,0.381,0.381,0.381,0.381,0.381,0.381,0.381,0.381,0.381,0.38,0.381,0.38,0.381,0.38,0.381,0.381,0.381,0,0,0,0,0,0.548,0.548,0.549,0.55,0.552,0.554,0.556,0.557,0.559,0.561,0.563,0.564,0.565,0.566,0.567,0.568,0.569,0.57,0.571,0.572,0.573,0.574,0.575,0.578,0.579,0.581,0.583,0.584,0.586,0.588,0.589,0.59,0.591,0.591,0.591,0.591,0.591,0.591,0.591,0.592,0.592,0.593,0.594,0.594,0.595,0.596,0.596,0.597,0.598,0.599,0.601,0.604,0.607,0.609,0.612,0.615,0.617,0.619,0.621,0.623,0.623,0.625,0.626,0.629,0.632,0.634,0.636,0.637,0.638,0.64,0.641,0.641,0.641,0.64,0.64,0.639,0.638,0.638,0.637,0.637,0.636,0.636,0.635,0.635,0.634,0.634,0.635,0.634,0.634,0.633,0.632,0.63,0.627,0.625,0.621,0.618,0.615,0.612,0.609,0.607,0.605,0.605,0,0.604,0,0,0,0,0,0,0,0,0.519,0.517,0.516,0.514,0.512,0.51,0.507,0.506,0,0,0,0,0,0,0,0.662,0.661,0.661,0.659,0.659,0.659,0.658,0.657,0.657,0.657,0.656,0,0,0,0,0,0,0,0,0,0,0,0,0,0,0,0,0,0,0.639,0.639,0.64,0.64,0.641,0.642,0.642,0.642,0.642,0.641,0.641,0.64,0.64,0.639,0.638,0.637,0.636,0.634,0.633,0.632,0.632,0.631,0.63,0.63,0.63,0.63,0.63,0.631,0.632,0.632,0.632,0.633,0.634,0.636,0.638,0.639,0.64,0.642,0.644,0.646,0.648,0.65,0.652,0.652,0.654,0.656,0,0,0.888,0.891,0.892,0.892,0.893,0.895,0.898,0,0,0,0,0,0,0,0,0,0.656,0.654,0.65,0.648,0.646,0.644,0.642,0.64,0.64,0.64,0.64,0.641,0.642,0.643,0.644,0.646,0,0,0,0,0,0,0,0,0,0,0,0,0,0,0,0,0,0.636,0.636,0.635,0.635,0.635,0.634,0.633,0.632,0,0,0.624,0.622,0.619,0,0,0,0,0,0,0,0,0,0,0
0,0,0,0,0,0,0,0,0,0,0,0,0,0,0,0,0,0,0,0,0,0,0,0,0,0,0,0,0,0,0,0,0,0,0,0,0,0,0,0,0,0,0.598,0.6,0.603,0.605,0.607,0.609,0.612,0.613,0.614,0.615,0.615,0.615,0.616,0.615,0.615,0.615,0.615,0.615,0.615,0.615,0.615,0.615,0.614,0.614,0.613,0.612,0.612,0.612,0.611,0.611,0.611,0.611,0.612,0.613,0.613,0.614,0.615,0.616,0.618,0.62,0.621,0.623,0.625,0.627,0.629,0.631,0.633,0.636,0.639,0.642,0.646,0.65,0.654,0.658,0.662,0.664,0.667,0.669,0.669,0.671,0.672,0.672,0.672,0.673,0.674,0.675,0.678,0.68,0.682,0.684,0.687,0.69,0.691,0.694,0.696,0.698,0.701,0.704,0.706,0.709,0.711,0.713,0.715,0.719,0.722,0.726,0.729,0.732,0.737,0.74,0.743,0.746,0.748,0.749,0.751,0.754,0.755,0.755,0.757,0.758,0.757,0.759,0.761,0.762,0.763,0.765,0.767,0.769,0.773,0.775,0.776,0.777,0.776,0.776,0.775,0.773,0.771,0.769,0.768,0.767,0.766,0.766,0.765,0.765,0.766,0.766,0.765,0.763,0.762,0.761,0.758,0.756,0.754,0.752,0.749,0.748,0.747,0.746,0.745,0.744,0.742,0.741,0.74,0.74,0.738,0.736,0.734,0.732,0.73,0.727,0.724,0.719,0.714,0.71,0.706,0.702,0.7,0.697,0.694,0.693,0.691,0.69,0.689,0.688,0.688,0.687,0.687,0.687,0.686,0.685,0.685,0.685,0.684,0.684,0.684,0.684,0.684,0.685,0.684,0.681,0,0,0.677,0,0,0,0,0,0,0,0,0,0,0,0,0,0,0.667,0.669,0.671,0.672,0.675,0.677,0.68,0.681,0.683,0.684,0.685,0.686,0.686,0.686,0.685,0.684,0.683,0.681,0.68,0.678,0.675,0.674,0.672,0.669,0.668,0.667,0.667,0.667,0.666,0.666,0.666,0.666,0.667,0.667,0.667,0.667,0.667,0.667,0.667,0.667,0.665,0.663,0.662,0.661,0.66,0,0,0,0,0,0,0,0,0,0,0,0,0,0,0,0,0,0,0,0,0,0,0,0,0,0,0,0.384,0.384,0.384,0.385,0.385,0.385,0.385,0.385,0.386,0.385,0.385,0.385,0.384,0.384,0.384,0.383,0.382,0.382,0.381,0.381,0.38,0.38,0.38,0.38,0.379,0.38,0.38,0.38,0.38,0.38,0.38,0.38,0.38,0.38,0.38,0.38,0.38,0.38,0.38,0.38,0.38,0.38,0.38,0.38,0.38,0.38,0.38,0.38,0.38,0.38,0,0,0,0,0.549,0.551,0.552,0.554,0.556,0.557,0.559,0.561,0.563,0.564,0.565,0.566,0.567,0.568,0.569,0.57,0.571,0.572,0.573,0.574,0.574,0.577,0.579,0.58,0.582,0.583,0.585,0.586,0.589,0.59,0.591,0.591,0.59,0.59,0.59,0.59,0.591,0.591,0.592,0.593,0.594,0.595,0.596,0.596,0.597,0.598,0.598,0.6,0.601,0.604,0.607,0.61,0.612,0.614,0.617,0.619,0.621,0.623,0.624,0.625,0.627,0.629,0.631,0.632,0.634,0.635,0.636,0.637,0.638,0.639,0.638,0.638,0.638,0.637,0.636,0.636,0.635,0.634,0.634,0.633,0.632,0.632,0.631,0.631,0.631,0.63,0.628,0.627,0.626,0.624,0.621,0.619,0.616,0.613,0.61,0.607,0.605,0.604,0.603,0.602,0.601,0.601,0.6,0.599,0,0.599,0,0,0,0,0,0,0.515,0.515,0.511,0.51,0.507,0.505,0,0,0,0,0,0,0,0,0,0,0.659,0.658,0.657,0.657,0.656,0.656,0.655,0.654,0,0,0,0,0,0,0,0,0,0,0,0,0,0,0,0,0,0.634,0.635,0.635,0.636,0.636,0.637,0.637,0.638,0.638,0.638,0.638,0.638,0.638,0.637,0.636,0.635,0.634,0.633,0.632,0.63,0.629,0.628,0.628,0.627,0.627,0.626,0.626,0.626,0.627,0.628,0.628,0.628,0.629,0.63,0.632,0.634,0.636,0.637,0.639,0.642,0.644,0.646,0.647,0.648,0.649,0.652,0,0,0.887,0.889,0.892,0.892,0.893,0.895,0.896,0.898,0,0,0,0,0,0,0,0,0,0.651,0.648,0.644,0.64,0.639,0.637,0,0,0.635,0.636,0.636,0.638,0.638,0.64,0.642,0.644,0,0,0,0,0,0,0,0,0,0,0,0,0,0,0,0,0,0.635,0.636,0.635,0.635,0.635,0.634,0.634,0.632,0,0.627,0,0.623,0,0,0,0,0,0,0,0,0,0,0,0
0,0,0,0,0,0,0,0,0,0,0,0,0,0,0,0,0,0,0,0,0,0,0,0,0,0,0,0,0,0,0,0,0,0,0,0,0,0.599,0.598,0,0,0,0.6,0.601,0.604,0.605,0.607,0.608,0.61,0.612,0.613,0.613,0.613,0.613,0.613,0.613,0.613,0.613,0.613,0.613,0.613,0.613,0.613,0.613,0.613,0.612,0.612,0.61,0.61,0.61,0.609,0.61,0.61,0.61,0.611,0.612,0.613,0.614,0.615,0.616,0.618,0.62,0.621,0.623,0.624,0.626,0.628,0.63,0.632,0.635,0.638,0.641,0.644,0.648,0.652,0.657,0.66,0.664,0.667,0.668,0.669,0.671,0.672,0.672,0.673,0.674,0.675,0.676,0.678,0.68,0.682,0.684,0.686,0.689,0.691,0.694,0.696,0.698,0.7,0.702,0.704,0.706,0.709,0.71,0.712,0.715,0.715,0.717,0.72,0.721,0.724,0.726,0.728,0.731,0.733,0.734,0.737,0.738,0.74,0.74,0.741,0.74,0.74,0.741,0.743,0.744,0.747,0.749,0.751,0.754,0.759,0.762,0.764,0.767,0.767,0.766,0.766,0.765,0.763,0.762,0.762,0.761,0.761,0.76,0.76,0.76,0.761,0.761,0.76,0.758,0.757,0.755,0.753,0.751,0.749,0.748,0.746,0.745,0.744,0.743,0.742,0.741,0.74,0.739,0.738,0.737,0.735,0.733,0.731,0.728,0.726,0.724,0.72,0.716,0.711,0.708,0.704,0.7,0.698,0.695,0.693,0.691,0.69,0.688,0.687,0.687,0.687,0.686,0.686,0.685,0.685,0.684,0.684,0.684,0.683,0.683,0.682,0.682,0.682,0.683,0.681,0,0.676,0.675,0,0,0,0,0,0,0,0,0,0,0,0,0,0,0.663,0.664,0.667,0.668,0.669,0.672,0.673,0.675,0.677,0.678,0.679,0.679,0.68,0.68,0.68,0.68,0.679,0.678,0.677,0.675,0.675,0.672,0.671,0.669,0.667,0.667,0.666,0.664,0.664,0.664,0.664,0.664,0.664,0.665,0.665,0.666,0.665,0.665,0.664,0.664,0.664,0.662,0,0,0,0,0,0,0,0,0,0,0,0,0,0,0,0,0,0,0,0,0,0,0,0,0,0,0,0,0,0,0.383,0.383,0.384,0.384,0.384,0.385,0.385,0.385,0.385,0.385,0.384,0.384,0.383,0.383,0.382,0.382,0.381,0.381,0.38,0.379,0.379,0.378,0.378,0.378,0.378,0.378,0.378,0.378,0.378,0.379,0.379,0.379,0.379,0.379,0.379,0.379,0.379,0.379,0.379,0.379,0.379,0.379,0.379,0.379,0.379,0.379,0.379,0.379,0.379,0.379,0.379,0.378,0.378,0.378,0,0,0,0,0,0,0.558,0.559,0.561,0.563,0.564,0.565,0.566,0.567,0.568,0.569,0.57,0.571,0.572,0.572,0.573,0.574,0.577,0.578,0.579,0.581,0.583,0.584,0.586,0.588,0.59,0.59,0.59,0.59,0.59,0.59,0.59,0.591,0.591,0.593,0.594,0.594,0.596,0.597,0.597,0.597,0.598,0.599,0.6,0.602,0.604,0.607,0.609,0.612,0.614,0.616,0.618,0.621,0.623,0.625,0.625,0.626,0.628,0.63,0.631,0.631,0.632,0.633,0.634,0.635,0.636,0.636,0.636,0.635,0.635,0.634,0.634,0.633,0.633,0.632,0.632,0.631,0.63,0.629,0.628,0.628,0.626,0.625,0.624,0.622,0.62,0.617,0.615,0.612,0.608,0.607,0.604,0.601,0.601,0.6,0.599,0.598,0.598,0.596,0.596,0.596,0.596,0,0,0,0,0,0,0,0,0.51,0.508,0.507,0.505,0,0,0,0,0,0,0,0,0,0,0.657,0.657,0.656,0.654,0.654,0.654,0.653,0.653,0,0,0,0,0,0,0,0,0,0,0,0,0,0,0,0,0,0.631,0.631,0.631,0.632,0.632,0.633,0.634,0.634,0.634,0.634,0.634,0.634,0.634,0.633,0.632,0.632,0.63,0.629,0.628,0.626,0.626,0.625,0.624,0.623,0.623,0.623,0.622,0.622,0.623,0.623,0.624,0.625,0.625,0.626,0.627,0.629,0.63,0.632,0.635,0,0.64,0.642,0.644,0.645,0.646,0,0,0,0.887,0.888,0.892,0.895,0.893,0.895,0.897,0.9,0,0,0,0,0,0,0,0,0,0.644,0.64,0.636,0.634,0.632,0.631,0.63,0.629,0.63,0.631,0.632,0.633,0.635,0.638,0.64,0,0,0,0,0,0,0,0,0,0,0,0,0,0,0,0,0,0,0.635,0.636,0.636,0.635,0.635,0.634,0.634,0.634,0,0,0,0,0,0,0,0,0,0,0,0,0,0,0,0
0,0,0,0,0,0,0,0,0,0,0,0,0,0,0,0,0,0,0,0,0,0,0,0,0,0,0,0,0,0,0,0,0,0,0,0,0,0,0,0,0,0,0,0.602,0.604,0.605,0.606,0.608,0.609,0.61,0.611,0.612,0.612,0.612,0.612,0.612,0.612,0.612,0.612,0.612,0.612,0.612,0.612,0.611,0.61,0.61,0.61,0.609,0.609,0.609,0.608,0.608,0.609,0.61,0.61,0.612,0.613,0.613,0.615,0.616,0.618,0.62,0.621,0.623,0.624,0.626,0.628,0.63,0.632,0.634,0.637,0.64,0.644,0.648,0.652,0.656,0.659,0.663,0.666,0.667,0.669,0.671,0.672,0.673,0.674,0.675,0.675,0.677,0.678,0.681,0.682,0.684,0.686,0.688,0.691,0.692,0.694,0.696,0.698,0.701,0.702,0.705,0.707,0.709,0.71,0.712,0.714,0.714,0.715,0.716,0.717,0.718,0.719,0.72,0.72,0.721,0.723,0.724,0.726,0.725,0.726,0.726,0.725,0.726,0.727,0.728,0.73,0.731,0.734,0.738,0.742,0.746,0.749,0.752,0.754,0.755,0.757,0.756,0.754,0.754,0.754,0.753,0.753,0.753,0.752,0.753,0.753,0.753,0.753,0.752,0.751,0.749,0.748,0.747,0.745,0.744,0.742,0.741,0.74,0.74,0.739,0.738,0.736,0.735,0.734,0.732,0.731,0.729,0.726,0.724,0.722,0.72,0.716,0.712,0.708,0.705,0.701,0.698,0.695,0.693,0.691,0.69,0.688,0.687,0.686,0.685,0.685,0.685,0.684,0.684,0.684,0.682,0.682,0.681,0.681,0.681,0.68,0.681,0.68,0.681,0,0,0,0,0,0,0,0,0,0,0,0,0,0,0,0,0.659,0.66,0.661,0.662,0.664,0.665,0.666,0.668,0.67,0.671,0.672,0.673,0.675,0.675,0.675,0.675,0.675,0.675,0.674,0.673,0.672,0.671,0.669,0.669,0.667,0.666,0.665,0.664,0.663,0.662,0.663,0.662,0.662,0.662,0.663,0.663,0.663,0.664,0.664,0.663,0.662,0.663,0.662,0.66,0.659,0.657,0,0,0,0,0,0,0,0,0,0,0,0,0,0,0,0,0,0,0,0,0,0,0,0,0.384,0.384,0.384,0.383,0.383,0.383,0.383,0.383,0.384,0.384,0.384,0.383,0.383,0.384,0.383,0.382,0.381,0.381,0.38,0.38,0.379,0.378,0,0,0.376,0.376,0.376,0.376,0.376,0.376,0.377,0.377,0.377,0.377,0.377,0.377,0.377,0.377,0.377,0.377,0.377,0.377,0.377,0.377,0.378,0.377,0.378,0.377,0.378,0.378,0.378,0.378,0.378,0.378,0.377,0.377,0.377,0.376,0.376,0.375,0.374,0,0,0,0,0.56,0.562,0.563,0.564,0.565,0.566,0.567,0.568,0.569,0.57,0.571,0.571,0.572,0.573,0.574,0.575,0.578,0.579,0.581,0.583,0.584,0.586,0.588,0.59,0.591,0.59,0.59,0.59,0.59,0.591,0.592,0.593,0.594,0.594,0.596,0.597,0.597,0.597,0.598,0.599,0.6,0.6,0.602,0.604,0.607,0.609,0.612,0.613,0.616,0.618,0.62,0.622,0.623,0.625,0.625,0.626,0.628,0.628,0.629,0.63,0.63,0.631,0.632,0.633,0.633,0.633,0.633,0.632,0.632,0.632,0.631,0.63,0.63,0.629,0.628,0.627,0.626,0.626,0.625,0.623,0.621,0.62,0.618,0.615,0.612,0.61,0.607,0.604,0.603,0.6,0.598,0.597,0.596,0.596,0.596,0.595,0.594,0.593,0.592,0.592,0.591,0.59,0.588,0.586,0,0,0,0,0,0,0,0,0,0,0,0,0,0,0,0,0,0,0,0,0,0.653,0.652,0.652,0.65,0,0,0,0,0,0,0,0,0,0,0,0,0,0,0,0,0,0,0.625,0.625,0.626,0.627,0.628,0.629,0.629,0.629,0.63,0.63,0.63,0.63,0.63,0.629,0.628,0.628,0.626,0.625,0.624,0.623,0.621,0.621,0.62,0.62,0.619,0.618,0.618,0.618,0.619,0.619,0.62,0.62,0.621,0.622,0.623,0.625,0.627,0,0,0,0.637,0.639,0.64,0.642,0,0,0,0.888,0.889,0.891,0.893,0.895,0.895,0.896,0.897,0,0,0,0,0,0,0,0,0,0.638,0.636,0.634,0.631,0.628,0,0.625,0.625,0.625,0.625,0.626,0.628,0.63,0.633,0.636,0,0,0,0,0,0,0,0,0,0,0,0,0,0,0,0,0,0,0,0,0.636,0.636,0.636,0.636,0.635,0,0,0,0,0,0,0,0,0,0,0,0,0,0,0,0,0,0
0,0,0,0,0,0,0,0,0,0,0,0,0,0,0,0,0,0,0,0,0,0,0,0,0,0,0,0,0,0,0,0,0,0,0,0,0,0.601,0.601,0.601,0.601,0.601,0.601,0.603,0.604,0.604,0.605,0.607,0.608,0.609,0.61,0.61,0.61,0.61,0.61,0.61,0.61,0.61,0.61,0.61,0.61,0.609,0.609,0.609,0.608,0.608,0.608,0.608,0.608,0.608,0.608,0.608,0.608,0.609,0.61,0.612,0.612,0.613,0.615,0.616,0.618,0.62,0.621,0.623,0.624,0.626,0.628,0.629,0.632,0.634,0.637,0.64,0.644,0.647,0.651,0.656,0.659,0.663,0.666,0.668,0.669,0.672,0.673,0.674,0.675,0.676,0.677,0.678,0.679,0.681,0.683,0.684,0.686,0.688,0.69,0.691,0.694,0.695,0.696,0.698,0.699,0.701,0.703,0.704,0.706,0.707,0.709,0.709,0.71,0.709,0.709,0.71,0.71,0.71,0.71,0.71,0.71,0.711,0.713,0.712,0.713,0.712,0.713,0.713,0.713,0.714,0.715,0.717,0.718,0.72,0.726,0.731,0.734,0.737,0.741,0.744,0.746,0.748,0.747,0.747,0.747,0.747,0.746,0.746,0.746,0.747,0.748,0.748,0.747,0.746,0.745,0.744,0.742,0.741,0.74,0.739,0.737,0.736,0.736,0.735,0.733,0.733,0.732,0.73,0.729,0.727,0.726,0.723,0.721,0.718,0.716,0.714,0.71,0.707,0.704,0.701,0.698,0.695,0.693,0.691,0.69,0.687,0.686,0.685,0.684,0.684,0.683,0.684,0.683,0.682,0.682,0.681,0.681,0.681,0.68,0.679,0.678,0.678,0.678,0,0,0,0,0,0,0,0,0,0,0,0,0,0,0,0,0,0.659,0.66,0.66,0.661,0.662,0.662,0.664,0.665,0.666,0.667,0.668,0.669,0.67,0.67,0.671,0.67,0.671,0.67,0.67,0.669,0.669,0.668,0.667,0.665,0.664,0.663,0.663,0.662,0.662,0.662,0.662,0.662,0.661,0.662,0.661,0.662,0.662,0.662,0,0,0,0,0,0,0,0,0,0,0,0,0,0,0,0,0,0,0,0,0,0,0,0,0,0,0,0,0,0,0.385,0.385,0.384,0.384,0.383,0.383,0.382,0.382,0.382,0.382,0.382,0.382,0.382,0.382,0.381,0.381,0.381,0.38,0.379,0.379,0.378,0.378,0.377,0,0,0,0.375,0.374,0.374,0.374,0.374,0.375,0.375,0.375,0.376,0.376,0.376,0.377,0.377,0.376,0.376,0.376,0.376,0.376,0.376,0.376,0.376,0.377,0.376,0.377,0.377,0.377,0.377,0.377,0.377,0.377,0.376,0.376,0.375,0.375,0.374,0.374,0.373,0.372,0.372,0.372,0.372,0.371,0,0,0.564,0.565,0.566,0.567,0.568,0.569,0.57,0.571,0.571,0.572,0.573,0.574,0.575,0.577,0.579,0.581,0.582,0.584,0.586,0.589,0.59,0.591,0.591,0.591,0.591,0.591,0.593,0.593,0.594,0.595,0.596,0.597,0.598,0.598,0.598,0.599,0.6,0.6,0.601,0.603,0.605,0.607,0.61,0.611,0.613,0.615,0.616,0.618,0.62,0.621,0.623,0.623,0.625,0.626,0.626,0.627,0.628,0.628,0.628,0.629,0.63,0.63,0.63,0.63,0.63,0.63,0.629,0.628,0.628,0.628,0.628,0.626,0.626,0.625,0.623,0.621,0.62,0.618,0.616,0.613,0.61,0.607,0.604,0.602,0.599,0.597,0.596,0.594,0.593,0.592,0.592,0.591,0.591,0.591,0.59,0.59,0.589,0.589,0.587,0.585,0.584,0.581,0,0,0,0,0,0,0,0,0,0,0,0,0,0,0,0,0,0,0,0,0,0.652,0,0,0,0,0,0,0,0,0,0,0,0,0,0,0,0,0,0,0,0,0.619,0.62,0.621,0.621,0.623,0.624,0.624,0.625,0.625,0.625,0.625,0.625,0.625,0.625,0.624,0.623,0.622,0.621,0.62,0.618,0.618,0.616,0.616,0.615,0.615,0.615,0.615,0.614,0.615,0.615,0.616,0.616,0.617,0.618,0.62,0.621,0,0,0,0,0.633,0.634,0.636,0,0,0,0,0.889,0.892,0.893,0.895,0.896,0.896,0.897,0.898,0.901,0,0,0,0,0,0,0,0,0,0.63,0.628,0,0.624,0.623,0.621,0.621,0.621,0.622,0.624,0.625,0.628,0,0,0,0,0,0,0,0,0,0,0,0,0,0,0,0,0,0,0,0,0,0,0,0,0,0,0,0,0,0,0,0,0,0,0,0,0,0,0,0,0,0,0,0,0
0,0,0,0,0,0,0,0,0,0,0,0,0,0,0,0,0,0,0,0,0,0,0,0,0,0,0,0,0,0,0,0,0,0,0,0,0,0.601,0.601,0.601,0.601,0.601,0.601,0.603,0.603,0.604,0.605,0.606,0.607,0.608,0.608,0.608,0.608,0.608,0.608,0.608,0.608,0.608,0.608,0.608,0.608,0.608,0.608,0.608,0.607,0.607,0.607,0.607,0.607,0.607,0.607,0.607,0.608,0.609,0.61,0.611,0.612,0.613,0.615,0.616,0.618,0.62,0.621,0.623,0.624,0.626,0.627,0.629,0.631,0.634,0.637,0.64,0.644,0.647,0.651,0.655,0.659,0.663,0.665,0.668,0.67,0.672,0.673,0.675,0.675,0.677,0.678,0.678,0.68,0.681,0.683,0.684,0.685,0.687,0.689,0.691,0.691,0.693,0.694,0.694,0.695,0.697,0.697,0.698,0.699,0.7,0.701,0.701,0.702,0.701,0.701,0.701,0.701,0.701,0.702,0.701,0.702,0.702,0.703,0.704,0.703,0.702,0.702,0.702,0.702,0.703,0.705,0.706,0.708,0.71,0.713,0.717,0.721,0.726,0,0.734,0.739,0.741,0.742,0.742,0.743,0.742,0.743,0.742,0.741,0.741,0.741,0.741,0.74,0.74,0.739,0.738,0.736,0.735,0.733,0.732,0.731,0.73,0.729,0.729,0.728,0.727,0.726,0.724,0.723,0.72,0.718,0.715,0.712,0.71,0.707,0.706,0.702,0.7,0.698,0.696,0.694,0.692,0.69,0.688,0.687,0.685,0.684,0.683,0.682,0.681,0.682,0.681,0.681,0.681,0.681,0.68,0.68,0.679,0.679,0.678,0.678,0,0,0,0,0,0,0,0,0,0,0,0,0,0,0,0,0,0.659,0.659,0.659,0.659,0.659,0.66,0.661,0.662,0.662,0.662,0.663,0.664,0.664,0.666,0.666,0.666,0.666,0.667,0.667,0.667,0.666,0.666,0.664,0.664,0.664,0.662,0.662,0.662,0.661,0.661,0.66,0.66,0.66,0.66,0.66,0.661,0,0,0,0,0,0,0,0,0,0,0,0,0,0,0,0,0,0,0,0,0,0,0,0,0,0,0,0.387,0.387,0.386,0,0,0.386,0.385,0.385,0.384,0.384,0.383,0.382,0.382,0.381,0.381,0.381,0.38,0.38,0.38,0.379,0.379,0.379,0.378,0.378,0.377,0.377,0.376,0.376,0.375,0.375,0.374,0.373,0.373,0.373,0.372,0.372,0.372,0.373,0.373,0.373,0.374,0.374,0.374,0.374,0.374,0.374,0.374,0.374,0.374,0.374,0.374,0.375,0.375,0.375,0.375,0.375,0.375,0.375,0.375,0.375,0.375,0.375,0.375,0.375,0.374,0.374,0.374,0.373,0.372,0.372,0.372,0.372,0.371,0.371,0.371,0.37,0,0,0,0.566,0.567,0.568,0.569,0.57,0.571,0.572,0.573,0.573,0.574,0.575,0.578,0.579,0.581,0.583,0.585,0.587,0.59,0.591,0.592,0.592,0.592,0.593,0.593,0.594,0.594,0.596,0.596,0.597,0.597,0.598,0.599,0.599,0.6,0.601,0.601,0.603,0.604,0.606,0.607,0.61,0.611,0.612,0.613,0.615,0.616,0.618,0.62,0.62,0.621,0.623,0.624,0.625,0.625,0.625,0.626,0.626,0.627,0.627,0.627,0.627,0.627,0.627,0.627,0.626,0.626,0.626,0.625,0.625,0.625,0.624,0.622,0.62,0.618,0.616,0.614,0.612,0.609,0.606,0.603,0.6,0.598,0.596,0.593,0.591,0.59,0.589,0.589,0.589,0.589,0.589,0.589,0.588,0.588,0.587,0.586,0.585,0.583,0.581,0.579,0.578,0.576,0,0.567,0,0,0,0,0,0,0,0,0,0,0,0,0,0,0,0,0,0,0,0,0,0,0,0,0,0,0,0,0,0,0,0,0,0,0,0,0,0,0.613,0.615,0.615,0.616,0.618,0.618,0.619,0.619,0.62,0.621,0.621,0.621,0.621,0.62,0.62,0.619,0.618,0.617,0.615,0.614,0.613,0.612,0.612,0.612,0.611,0.612,0.611,0.611,0.612,0.612,0.613,0.613,0.614,0.615,0.616,0.617,0,0,0,0.625,0.627,0.629,0,0,0,0,0,0.891,0.893,0.893,0.896,0.897,0.896,0.898,0.898,0.901,0,0,0,0,0,0,0,0,0,0,0,0,0.619,0.618,0.617,0.617,0.618,0.619,0.621,0.622,0,0,0,0,0,0,0,0,0,0,0,0,0,0,0,0,0,0,0,0,0,0,0,0,0,0,0,0,0,0,0,0,0,0,0,0,0,0,0,0,0,0,0,0,0,0
0,0,0,0,0,0,0,0,0,0,0,0,0,0,0,0,0,0,0,0,0,0,0,0,0,0,0,0,0,0,0,0,0,0,0,0,0,0.601,0.601,0.601,0.601,0.601,0.601,0.602,0.603,0.604,0.604,0.605,0.606,0.606,0.607,0.607,0.607,0.607,0.607,0.607,0.607,0.607,0.607,0.606,0.606,0.606,0.606,0.606,0.606,0.605,0.605,0.605,0.606,0.607,0.607,0.607,0.608,0.608,0.61,0.611,0.612,0.613,0.615,0.616,0.618,0.62,0.621,0.623,0.625,0.626,0.628,0.629,0.632,0.634,0.637,0.64,0.643,0.647,0.651,0.654,0.659,0.662,0.664,0.667,0.669,0.671,0.673,0.674,0.675,0.677,0.678,0.678,0.68,0.681,0.683,0.684,0.685,0.687,0.688,0.69,0.69,0.691,0.691,0.691,0.691,0.691,0.692,0.692,0.693,0.694,0.694,0.694,0.694,0.694,0.694,0.694,0.694,0.694,0.694,0.694,0.694,0.694,0.695,0.695,0.695,0.694,0.694,0.694,0.694,0.694,0.695,0.696,0.697,0.699,0.701,0.704,0.707,0.711,0.716,0.722,0.726,0.73,0.732,0.734,0.736,0.736,0.736,0.735,0.734,0.735,0.734,0.733,0.732,0.732,0.731,0.73,0.728,0.727,0.726,0.724,0.722,0.72,0.72,0.72,0.719,0.718,0.716,0.715,0.714,0.711,0.708,0.706,0.702,0.701,0.699,0.697,0.696,0.693,0.691,0.691,0.69,0.687,0.686,0.684,0.684,0.682,0.681,0.681,0.68,0.68,0.681,0.68,0.68,0.68,0.68,0.679,0.678,0.678,0.678,0.677,0,0,0,0,0,0,0,0,0,0,0,0,0,0,0,0,0,0,0,0.659,0.659,0.659,0.659,0.659,0.659,0.66,0.659,0.66,0.66,0.661,0.662,0.662,0.662,0.662,0.662,0.662,0.663,0.662,0.662,0.662,0.661,0.66,0.659,0.659,0.659,0.659,0.659,0.659,0.659,0.659,0.66,0.659,0,0,0,0,0,0,0,0,0,0,0,0,0,0,0,0,0,0,0,0,0,0,0,0,0.387,0.387,0.387,0.387,0.387,0.386,0.386,0.386,0.386,0.385,0.385,0.384,0.384,0.383,0.383,0.382,0.381,0.381,0.38,0.379,0.379,0.378,0.378,0,0,0,0,0,0.375,0.375,0.374,0.374,0.373,0.373,0.372,0.372,0.371,0.371,0.371,0.371,0.371,0.371,0.371,0.372,0.372,0.372,0.372,0.372,0.372,0.372,0.372,0.372,0.371,0.371,0.371,0.372,0.372,0.372,0.372,0.372,0.372,0.372,0.372,0.372,0.373,0.373,0.373,0.372,0.372,0.372,0.372,0.372,0.372,0.371,0.371,0.371,0.371,0.371,0.37,0.37,0.37,0.369,0.368,0,0,0,0.569,0.57,0.57,0.571,0.572,0.573,0.573,0.574,0.576,0.578,0.58,0.581,0.583,0.585,0.588,0.59,0.593,0.593,0.593,0.593,0.594,0.594,0.595,0.596,0.597,0.597,0.598,0.598,0.6,0.6,0.6,0.601,0.602,0.602,0.603,0.604,0.606,0.608,0.61,0.61,0.611,0.612,0.613,0.614,0.616,0.617,0.618,0.619,0.62,0.621,0.622,0.623,0.623,0.623,0.624,0.624,0.625,0.624,0.624,0.624,0.624,0.624,0.623,0.623,0.623,0.623,0.622,0.621,0.621,0.62,0.618,0.616,0.614,0.611,0.608,0.605,0.603,0.599,0,0.594,0.592,0.59,0.588,0.586,0.586,0.585,0.585,0.585,0.585,0.585,0.585,0.585,0.584,0.584,0.583,0.581,0.58,0.578,0.576,0.574,0.572,0.57,0,0,0,0,0,0,0,0,0,0,0,0,0,0,0,0,0,0,0,0,0,0,0,0,0,0,0,0,0,0,0,0,0,0,0,0,0,0,0.608,0.609,0.61,0.612,0.612,0.613,0.613,0.613,0.614,0.615,0.615,0.615,0.615,0.615,0.614,0.613,0.613,0.612,0.61,0.609,0.608,0.608,0.607,0.607,0.607,0.607,0.607,0.607,0.607,0.608,0.609,0.61,0.611,0.612,0.612,0.613,0.615,0.616,0.619,0.621,0.623,0,0,0,0,0,0,0,0.895,0.895,0.896,0.897,0.896,0.898,0.898,0,0,0,0,0,0,0,0,0,0,0.615,0,0.615,0.615,0.615,0.615,0.616,0.617,0.618,0.62,0,0,0,0,0,0,0,0,0,0,0,0,0,0,0,0,0,0,0,0,0,0,0,0,0,0,0,0,0,0,0,0,0,0,0,0,0,0,0,0,0,0,0,0,0,0,0
0,0,0,0,0,0,0,0,0,0,0,0,0,0,0,0,0,0,0,0,0,0,0,0,0,0,0,0,0,0,0,0,0,0,0,0,0.602,0.602,0.601,0.602,0.602,0.602,0.603,0.603,0.603,0.604,0.604,0.605,0.605,0.605,0.605,0.605,0.605,0.605,0.605,0.605,0.605,0.605,0.605,0.605,0.605,0.605,0.605,0.605,0.605,0.605,0.605,0.605,0.605,0.605,0.606,0.607,0.608,0.608,0.61,0.611,0.613,0.614,0.616,0.617,0.619,0.621,0.623,0.624,0.625,0.627,0.628,0.63,0.632,0.634,0.637,0.64,0.643,0.646,0.65,0.654,0.657,0.661,0.663,0.666,0.668,0.67,0.672,0.674,0.675,0.676,0.678,0.678,0.68,0.681,0.682,0.684,0.684,0.686,0.687,0.687,0.687,0.688,0.687,0.687,0.687,0.687,0.686,0.686,0.686,0.686,0.686,0.687,0.687,0.687,0.687,0.688,0.688,0.689,0.689,0.69,0.69,0.691,0.691,0.691,0.691,0.69,0.689,0.688,0.688,0.687,0.687,0.688,0.688,0.689,0.691,0.692,0.696,0.7,0.704,0.708,0.713,0.719,0,0.725,0.727,0.728,0.728,0.728,0.727,0.726,0.726,0.725,0.724,0.722,0.721,0.72,0.719,0.717,0.715,0.715,0.712,0.71,0.71,0.709,0.709,0.708,0.706,0.706,0.704,0.702,0.7,0.698,0.694,0.693,0.691,0.689,0.688,0.686,0.685,0.684,0.683,0.682,0.681,0.68,0.679,0.678,0.678,0.678,0.678,0.678,0.678,0.678,0.678,0.678,0.678,0.678,0.677,0.677,0,0,0,0,0,0,0,0,0,0,0,0,0,0,0,0,0,0,0.66,0,0,0.659,0.658,0.658,0.659,0.658,0.659,0.659,0.658,0.658,0.658,0.658,0.658,0.659,0.658,0.658,0.658,0.659,0.659,0.658,0.658,0.657,0.657,0.657,0.656,0.657,0.656,0.656,0.657,0.657,0.658,0.659,0,0,0,0,0,0,0,0,0,0,0,0,0,0,0,0,0,0,0,0,0,0,0,0,0,0.386,0.386,0.385,0.386,0.385,0.385,0.385,0.385,0.384,0.384,0.384,0.383,0.383,0.382,0.382,0.382,0.381,0.38,0.379,0.379,0.378,0.377,0.377,0.376,0.375,0,0,0,0,0.372,0.372,0.371,0.371,0.371,0.37,0.37,0.37,0.369,0.369,0.369,0.369,0.369,0.37,0.37,0.37,0.37,0.37,0.37,0.37,0.369,0.369,0.369,0.369,0.369,0.369,0.369,0.369,0.369,0.369,0.369,0.369,0.369,0.369,0.369,0.37,0.37,0.37,0.37,0.37,0,0,0.37,0.37,0.37,0.37,0.37,0.37,0.37,0.37,0.37,0.37,0.369,0.368,0.368,0.368,0.367,0,0,0,0.571,0.572,0.572,0.573,0.574,0.574,0.577,0.578,0.58,0.582,0.584,0.586,0.589,0.591,0.593,0.594,0.594,0.595,0.595,0.596,0.597,0.597,0.598,0.598,0.599,0.6,0.6,0.6,0.6,0.601,0.602,0.603,0.604,0.605,0.606,0.607,0.608,0.608,0.609,0.609,0.61,0.61,0.612,0.613,0.613,0.614,0.615,0.616,0.618,0.618,0.619,0.618,0.619,0.619,0.619,0.619,0.62,0.62,0.62,0.62,0.62,0.62,0.62,0.62,0.619,0.618,0.617,0.616,0.614,0.612,0.61,0.607,0.605,0.602,0.598,0.596,0.593,0.59,0.588,0.586,0.585,0.583,0.583,0.582,0.582,0.581,0.581,0.581,0.581,0.581,0.582,0.581,0.581,0.58,0.578,0.577,0.575,0.573,0.571,0.569,0.566,0,0,0,0,0,0,0,0,0,0,0,0,0,0,0,0,0,0,0,0,0,0,0,0,0,0,0,0,0,0,0,0.595,0.595,0.597,0.599,0.6,0.603,0.604,0.604,0.605,0.606,0.607,0.608,0.608,0.608,0.608,0.609,0.61,0.61,0.609,0.608,0.608,0.608,0.607,0.607,0.605,0.605,0.604,0.603,0.604,0.604,0.603,0.604,0.604,0.604,0.604,0.604,0.605,0.605,0.606,0.605,0,0,0,0.608,0.609,0.61,0,0,0,0,0,0,0,0,0,0.896,0.897,0.897,0.897,0,0,0,0,0,0,0,0,0,0,0,0.608,0.608,0.609,0.609,0.61,0.612,0.613,0.615,0.617,0.618,0.62,0,0,0,0,0,0,0,0,0,0,0,0,0,0,0,0,0,0,0,0,0,0,0,0,0,0,0,0,0,0,0,0,0,0,0,0,0,0,0,0,0,0,0,0,0,0,0
0,0,0,0,0,0,0,0,0,0,0,0,0,0,0,0,0,0,0,0,0,0,0,0,0,0,0,0,0,0,0,0,0,0,0,0,0.602,0.602,0.602,0.602,0.603,0.603,0.603,0.603,0.603,0.604,0.604,0.604,0.604,0.604,0.604,0.604,0.604,0.604,0.604,0.604,0.604,0.604,0.604,0.604,0.604,0.603,0.604,0.604,0.604,0.604,0.604,0.604,0.605,0.605,0.606,0.607,0.608,0.609,0.61,0.612,0.613,0.615,0.617,0.618,0.62,0.622,0.623,0.625,0.626,0.627,0.628,0.63,0.632,0.634,0.637,0.639,0.642,0.645,0.649,0.652,0.656,0.659,0.662,0.664,0.667,0.669,0.67,0.672,0.674,0.675,0.677,0.678,0.679,0.681,0.682,0.683,0.684,0.685,0.686,0.686,0.686,0.686,0.686,0.685,0.684,0.683,0.682,0.682,0.681,0.68,0.68,0.68,0.68,0.681,0.681,0.681,0.682,0.684,0.684,0.685,0.686,0.687,0.687,0.686,0.686,0.685,0.684,0.684,0.684,0.683,0.682,0.683,0.682,0.683,0.683,0.684,0.687,0.689,0.693,0.697,0.702,0.706,0.71,0.713,0.715,0.716,0.716,0.716,0.717,0.716,0.716,0.714,0.714,0.713,0.712,0.71,0.71,0.708,0.706,0.705,0.703,0.702,0.7,0.699,0.698,0.698,0.698,0.696,0.696,0.694,0.691,0.69,0.687,0.685,0.683,0.681,0.68,0.678,0.678,0.678,0.677,0.675,0.675,0.675,0.675,0.675,0.675,0.675,0.675,0.675,0.676,0.676,0.676,0.676,0.677,0.677,0.676,0,0,0,0,0,0,0,0,0,0,0,0,0,0,0,0,0,0,0,0,0,0,0,0.657,0.657,0.657,0.657,0.657,0.657,0.656,0.657,0.656,0.656,0.656,0.655,0.655,0.654,0.654,0.654,0.654,0.653,0.653,0.653,0.652,0.652,0.653,0.653,0.653,0.654,0.654,0.657,0,0,0,0,0,0,0,0,0,0,0,0,0,0,0,0,0,0,0,0,0,0,0,0,0,0,0.385,0.384,0.384,0.384,0.384,0.385,0.384,0.384,0.384,0.383,0.383,0.383,0.382,0.381,0.381,0.381,0.38,0.379,0.378,0.378,0.377,0.376,0.376,0.375,0.373,0.372,0.372,0.371,0.37,0.369,0.369,0.369,0.369,0.368,0.368,0.368,0.368,0.368,0.367,0.367,0.367,0.367,0.368,0.368,0.368,0.368,0.368,0.368,0.368,0.367,0.367,0.367,0.367,0.366,0.366,0.366,0.366,0.366,0.366,0.367,0.366,0.366,0.366,0.367,0.366,0.367,0.367,0.367,0.367,0,0,0,0.368,0.368,0.369,0.369,0.369,0.37,0.37,0.37,0.37,0.369,0.369,0.368,0.368,0.367,0.367,0.366,0.366,0,0,0,0,0.573,0.573,0.574,0.576,0.578,0,0,0.584,0.587,0.59,0.593,0.594,0.595,0.595,0.596,0.596,0.597,0.598,0.598,0.598,0.599,0.599,0.6,0.6,0.6,0.6,0.601,0.602,0.602,0.603,0.604,0.605,0.605,0.606,0.606,0.606,0.606,0.606,0.607,0.607,0.608,0.608,0.609,0.61,0.611,0.612,0.612,0.613,0.613,0.613,0.613,0.613,0.614,0.614,0.615,0.616,0.616,0.616,0.617,0.616,0.616,0.615,0.614,0.613,0.612,0.61,0.607,0.605,0.603,0.6,0.598,0.595,0.592,0.589,0.588,0.585,0.584,0.582,0.581,0.58,0.579,0.579,0.579,0.579,0.579,0.579,0.578,0.578,0.578,0.578,0.577,0.575,0.574,0.572,0.571,0.57,0.567,0.565,0.563,0.562,0.561,0.559,0.558,0,0,0,0,0,0,0,0,0,0,0,0,0,0,0,0,0,0,0,0,0,0,0,0,0.592,0.593,0.593,0.593,0.594,0.596,0.598,0.598,0.599,0.601,0.601,0.603,0.603,0.603,0.603,0.603,0.604,0.604,0.604,0.604,0.604,0.604,0.604,0.604,0.603,0.603,0.601,0.601,0.6,0.6,0.6,0.6,0.6,0.6,0.6,0.6,0.6,0.6,0.601,0.601,0.601,0.6,0.6,0,0,0.6,0.6,0.598,0.597,0,0,0,0,0,0,0,0,0,0,0,0,0,0,0,0,0,0,0,0,0,0,0,0,0,0.603,0.605,0.607,0.61,0.612,0.615,0.618,0.62,0,0,0,0,0,0,0,0,0,0,0,0,0,0,0,0,0,0,0,0,0,0,0,0,0,0,0,0,0,0,0,0,0,0,0,0,0,0,0,0,0,0,0,0,0,0,0,0
0,0,0,0,0,0,0,0,0,0,0,0,0,0,0,0,0,0,0,0,0,0,0,0,0,0,0,0,0,0,0,0,0,0,0,0,0.603,0.603,0.603,0.603,0.603,0.603,0.603,0.603,0.603,0.604,0.604,0.604,0.603,0.603,0.603,0.603,0.603,0.603,0.603,0.603,0.603,0.603,0.603,0.603,0.603,0.603,0.603,0.603,0.603,0.604,0.604,0.604,0.605,0.605,0.606,0.607,0.608,0.609,0.611,0.613,0.614,0.616,0.618,0.62,0.621,0.623,0.624,0.625,0.626,0.628,0.629,0.63,0.632,0.634,0.636,0.638,0.641,0.644,0.647,0.65,0.654,0.657,0.659,0.662,0.664,0.667,0.668,0.67,0.672,0.674,0.675,0.677,0.678,0.68,0.681,0.683,0.684,0.684,0.684,0.684,0.684,0.684,0.684,0.681,0.681,0.68,0.679,0.677,0.676,0.675,0.675,0.674,0.675,0.675,0.675,0.677,0.678,0.678,0.68,0.681,0.681,0.682,0.682,0.682,0.682,0.681,0.681,0.68,0.68,0.679,0.678,0.678,0.678,0.677,0.678,0.678,0.679,0.682,0.684,0.688,0.691,0.695,0,0,0,0,0.708,0.708,0.709,0.708,0.707,0.707,0.706,0.706,0.703,0.702,0.7,0.698,0.697,0.694,0.693,0.691,0.69,0.688,0.687,0.687,0,0,0,0,0.684,0.682,0.681,0.679,0.678,0.675,0.674,0.673,0.672,0.672,0.671,0.67,0.67,0.67,0.67,0.672,0.672,0.672,0.672,0.674,0.675,0.675,0.675,0.675,0.676,0.676,0.675,0.675,0,0,0,0,0,0,0,0,0,0,0,0,0,0,0,0,0.659,0,0,0,0,0,0.656,0.655,0.655,0.655,0.656,0.655,0.655,0.655,0.654,0.654,0.654,0.653,0.653,0.652,0.652,0.651,0.651,0.65,0.65,0.65,0.649,0.649,0.649,0.65,0.65,0.652,0,0,0,0,0,0,0,0,0,0,0,0,0,0,0,0,0,0,0,0,0,0,0,0,0.383,0,0.385,0.384,0.384,0.384,0.383,0.383,0.383,0.383,0.383,0.383,0.382,0.382,0.382,0.381,0.381,0.38,0.38,0.379,0.379,0.377,0,0,0,0.375,0.374,0.373,0.372,0.37,0.369,0.368,0.367,0.367,0.366,0.366,0.366,0.366,0.366,0.366,0.366,0.366,0.366,0.366,0.366,0.366,0.366,0.366,0.366,0.366,0.366,0.366,0.366,0.365,0.365,0.365,0.365,0.364,0.364,0.364,0.364,0.364,0.364,0.364,0.364,0.364,0.364,0.364,0.364,0.364,0.364,0.364,0.364,0.364,0.365,0.365,0.365,0.366,0.367,0.368,0.368,0.369,0.369,0.369,0.369,0.369,0.368,0.368,0.367,0.367,0.366,0.366,0.366,0.365,0.365,0.365,0,0,0,0,0.576,0,0,0,0.585,0.588,0.59,0.593,0.595,0.596,0.596,0.596,0.597,0.598,0.598,0.599,0.599,0.599,0.599,0.6,0.6,0.6,0.6,0.601,0.601,0.601,0.602,0.602,0.603,0.604,0.604,0.604,0.603,0.603,0.602,0.603,0.603,0.603,0.604,0.604,0.605,0.605,0.606,0.607,0.607,0.607,0.607,0.607,0.608,0.608,0.609,0.61,0.612,0.612,0.613,0.613,0.613,0.613,0.612,0.611,0.609,0.607,0.605,0.603,0.601,0.599,0.597,0.594,0.591,0.589,0.586,0.585,0.583,0.581,0.58,0.579,0.578,0.578,0.577,0.577,0.577,0.576,0.576,0.575,0.575,0.575,0.574,0.574,0.573,0.572,0.571,0.569,0.568,0.566,0.564,0.563,0.561,0.56,0.558,0.557,0.557,0.556,0,0,0,0,0,0,0,0,0,0,0,0,0,0,0,0,0,0,0,0,0,0.59,0.59,0.59,0.591,0.591,0.593,0.594,0.594,0.595,0.596,0.596,0.597,0.597,0.598,0.598,0.598,0.599,0.599,0.599,0.599,0.599,0.598,0.598,0.598,0.598,0.598,0.597,0.597,0.597,0.597,0.597,0.597,0.596,0.596,0.596,0.596,0.596,0.597,0.597,0.597,0.597,0.596,0.596,0.594,0.594,0.594,0.593,0.591,0.589,0.589,0,0,0,0,0,0,0,0,0,0,0,0,0,0,0,0,0,0,0,0,0,0,0,0,0.597,0.599,0.601,0.605,0.608,0.612,0.615,0.618,0,0,0,0,0,0,0,0,0,0,0,0,0,0,0,0,0,0,0,0,0,0,0,0,0,0,0,0,0,0,0,0,0,0,0,0,0,0,0,0,0,0,0,0,0,0,0,0,0
0,0,0,0,0,0,0,0,0,0,0,0,0,0,0,0,0,0,0,0,0,0,0,0,0,0,0,0,0,0,0,0,0,0,0,0,0.603,0.603,0.603,0.603,0.603,0.603,0.603,0.604,0.604,0.604,0.603,0.603,0.603,0.603,0.602,0.602,0.601,0.601,0.601,0.601,0.601,0.601,0.601,0.601,0.601,0.602,0.602,0.603,0.603,0.603,0.604,0.604,0.605,0.605,0.606,0.607,0.608,0.61,0.612,0.613,0.615,0.617,0.619,0.621,0.622,0.624,0.625,0.626,0.627,0.628,0.629,0.63,0.632,0.634,0.635,0.638,0.64,0.643,0.646,0.648,0.652,0.654,0.657,0.659,0.662,0.664,0.666,0.668,0.669,0.672,0.674,0.675,0.678,0.679,0.681,0.682,0.683,0.683,0.683,0.683,0.682,0.681,0.681,0.678,0.677,0.676,0.675,0.673,0.672,0.671,0.669,0.669,0.669,0.669,0.671,0.672,0.673,0.675,0.676,0.677,0.678,0.678,0.678,0.678,0.678,0.678,0.677,0.676,0.676,0.675,0.674,0.673,0.672,0.672,0.672,0.672,0.672,0.675,0.676,0.679,0.683,0.686,0,0.694,0.696,0.698,0.699,0.7,0.7,0.698,0.698,0.698,0.698,0.696,0.694,0.692,0.69,0.688,0.687,0.685,0.683,0.682,0.681,0.679,0.679,0.678,0.678,0.678,0.678,0.678,0.678,0.678,0.676,0.676,0.674,0.672,0.671,0.669,0.669,0.669,0.667,0.667,0.667,0.667,0.668,0.668,0.668,0.67,0.67,0.672,0.672,0.674,0.675,0.675,0,0,0,0,0,0,0,0,0,0,0,0,0,0,0,0,0,0,0,0.659,0.658,0.657,0.657,0,0,0.655,0.655,0.655,0.655,0.655,0.655,0.655,0.654,0.654,0.654,0.653,0.652,0.652,0.651,0.65,0.65,0.648,0.648,0.647,0.647,0.646,0.646,0.646,0.646,0.647,0.648,0,0,0,0,0,0,0,0,0,0,0,0,0,0,0,0,0,0,0,0,0,0,0,0,0,0.383,0.383,0,0.383,0,0,0,0,0.382,0.382,0.382,0.381,0.381,0.381,0.38,0.379,0.379,0.378,0,0.377,0.377,0,0,0,0,0.373,0.372,0.371,0.37,0.368,0.367,0.366,0.366,0.365,0.365,0.365,0.365,0.365,0.365,0.365,0.365,0.365,0.364,0.364,0.364,0.364,0.365,0.365,0.364,0,0,0.364,0.364,0.363,0.363,0.363,0.363,0.363,0.362,0.362,0.362,0.362,0.362,0.362,0.361,0.362,0.362,0.362,0.362,0.362,0.362,0.362,0.362,0.362,0.363,0.363,0.364,0.365,0.366,0.366,0.367,0.368,0.368,0.368,0.368,0.368,0.368,0.367,0.366,0.366,0.366,0.365,0.365,0.365,0.364,0.365,0.365,0.365,0,0,0,0,0,0.583,0.586,0.589,0.592,0.594,0.596,0.596,0.597,0.597,0.598,0.599,0.6,0.6,0.6,0.6,0.6,0.6,0.6,0.6,0.6,0.6,0.6,0.601,0.601,0.601,0.601,0.601,0.601,0.601,0.6,0.599,0.598,0.598,0.598,0.598,0.598,0.599,0.6,0.6,0.601,0.601,0.601,0.601,0.601,0.602,0.603,0.603,0.604,0.605,0.606,0.608,0.608,0.609,0.609,0.608,0.607,0.606,0.604,0.602,0.6,0.598,0.596,0.594,0.592,0.59,0.588,0.585,0.584,0.582,0.581,0.579,0.578,0.577,0.577,0.576,0.575,0.575,0.574,0.574,0.573,0.573,0.572,0.572,0.572,0.571,0.57,0.569,0.569,0.567,0.566,0.564,0.563,0.562,0.561,0.559,0.559,0.557,0.556,0.555,0.554,0.553,0,0,0,0,0,0,0,0,0,0,0,0,0,0,0,0,0,0,0.589,0.589,0.588,0.589,0.589,0.589,0.59,0.591,0.592,0.593,0.593,0.593,0.593,0.594,0.594,0.594,0.594,0.594,0.594,0.594,0.593,0.593,0.592,0.592,0.591,0.591,0.592,0.592,0.592,0.593,0.593,0.593,0.593,0.593,0.593,0.593,0.593,0.593,0.593,0.593,0.592,0.592,0.591,0.59,0.59,0,0,0,0,0,0,0,0,0,0,0,0,0,0,0,0,0,0,0,0,0,0,0,0,0,0,0,0,0,0.593,0.595,0.597,0,0,0,0.612,0.616,0.62,0,0,0,0,0,0,0,0,0,0,0,0,0,0,0,0,0,0,0,0,0,1.177,1.182,0,0,0,0,0,0,0,0,0,0,0,0,0,0,0,0,0,0,0,0,0,0,0,0,0,0
0,0,0,0,0,0,0,0,0,0,0,0,0,0,0,0,0,0,0,0,0,0,0,0,0,0,0,0,0,0,0,0,0,0,0,0,0.604,0.603,0.604,0.604,0.604,0.604,0.604,0.604,0.604,0.603,0.603,0.603,0.602,0.601,0.601,0.601,0.601,0.6,0.6,0.6,0.6,0.6,0.601,0.601,0.601,0.601,0.602,0.603,0.603,0.604,0.604,0.604,0.605,0.606,0.607,0.608,0.609,0.611,0.612,0.614,0.616,0.618,0.62,0.621,0.623,0.625,0.626,0.626,0.628,0.628,0.629,0.63,0.632,0.633,0.634,0.636,0.638,0.64,0.643,0.646,0.649,0.652,0.654,0.656,0.658,0.661,0.662,0.664,0.667,0.669,0.671,0.673,0.675,0.677,0.678,0.68,0.681,0.681,0.681,0.681,0.68,0.679,0.678,0.675,0.674,0.672,0.67,0.669,0.667,0.667,0.665,0.664,0.665,0.665,0.667,0.667,0.669,0.67,0.671,0.672,0.673,0.674,0.674,0.674,0.673,0.672,0.672,0.671,0.671,0.67,0.669,0.668,0.667,0.667,0.665,0.666,0.666,0.668,0.669,0.671,0.674,0.676,0.68,0.684,0.686,0,0.688,0.69,0.69,0.688,0.688,0.687,0.686,0.684,0.681,0.678,0.676,0.674,0.672,0.669,0.668,0.667,0.667,0.667,0.668,0.668,0.669,0.671,0.672,0.672,0.672,0.672,0.672,0.672,0.671,0.669,0.669,0.668,0.667,0.666,0.665,0.664,0.664,0.665,0.666,0.666,0.667,0.669,0.669,0.671,0.672,0.673,0,0,0,0,0,0,0,0,0,0,0,0,0,0,0,0,0,0,0,0,0.659,0.659,0.658,0.657,0.657,0.657,0.656,0.655,0.655,0.654,0.654,0.654,0.654,0.654,0.654,0.653,0.652,0.652,0.651,0.65,0.65,0.648,0.648,0.646,0.646,0.646,0.645,0.644,0.644,0.644,0.644,0.645,0,0,0,0,0,0,0,0,0,0,0,0,0,0,0,0,0,0,0,0,0,0,0,0,0.382,0.382,0.382,0.382,0.382,0.382,0.381,0.381,0.381,0.381,0.381,0.38,0.38,0.379,0.379,0.378,0.378,0.377,0.376,0.376,0.375,0.375,0.375,0.373,0,0,0.371,0.37,0.37,0.369,0.368,0.367,0.366,0.365,0.364,0.364,0.363,0.363,0.363,0.363,0.363,0.363,0.363,0.363,0.363,0.363,0.363,0.362,0.363,0.362,0.362,0,0,0,0.361,0.361,0.361,0.361,0.361,0.36,0.36,0.36,0.36,0.36,0.36,0.36,0.36,0.36,0.36,0.36,0.36,0.36,0.36,0.36,0.36,0.361,0.361,0.362,0.362,0.363,0.364,0.364,0.365,0.366,0.366,0.366,0.366,0.367,0.366,0.366,0.366,0.365,0.365,0.365,0.365,0.365,0.364,0.364,0.365,0.365,0.365,0.365,0,0,0.582,0.585,0.587,0.59,0.593,0.595,0.596,0.597,0.597,0.598,0.599,0.6,0.6,0.6,0.6,0.6,0.6,0.6,0.6,0.6,0.6,0.6,0.6,0.6,0.6,0.6,0.6,0.6,0.598,0.598,0.597,0.596,0.595,0.594,0.594,0.594,0.594,0.594,0.595,0.596,0.596,0.596,0.596,0.596,0.596,0.596,0.596,0.596,0.598,0.599,0.6,0.601,0.603,0.603,0.603,0.602,0.601,0.6,0.597,0.596,0.594,0.593,0.591,0.589,0.588,0.586,0.585,0.583,0.581,0.58,0.579,0.578,0.577,0.576,0.575,0.574,0.574,0.573,0.572,0.572,0.571,0.571,0.57,0.57,0.569,0.569,0.568,0.567,0.566,0.565,0.563,0.563,0.562,0.561,0.559,0.559,0.558,0.557,0.556,0.555,0.554,0.553,0.552,0,0,0,0,0,0,0,0,0,0,0,0,0,0,0,0,0.588,0.586,0.586,0.586,0.587,0.587,0.588,0.588,0.589,0.59,0.59,0.59,0.59,0.59,0.59,0.59,0.59,0.59,0.59,0.59,0.589,0.589,0.588,0.587,0.587,0.586,0.586,0.587,0.587,0.588,0.588,0.589,0.59,0.59,0.591,0.59,0.59,0.59,0.59,0.59,0.589,0.589,0.588,0.586,0.585,0.585,0.584,0.583,0.581,0.58,0.579,0,0,0,0,0,0,0,0,0,0,0,0,0,0,0,0,0,0,0,0,0,0,0,0.588,0.589,0.591,0.594,0,0,0.607,0.612,0.618,0,0,0,0,0,0,0,0,0,0,0,0,0,0,0,0,0,0,0,0,0,1.173,1.177,1.182,1.186,1.189,0,0,0,0,0,0,0,0,0,0,0,0,0,0,0,0,0,0,0,0,0,0,0,0
0,0,0,0,0,0,0,0,0,0,0,0,0,0,0,0,0,0,0,0,0,0,0,0,0,0,0,0,0,0,0,0,0,0,0,0,0.604,0.604,0.604,0.604,0.605,0.604,0.604,0.604,0.604,0.603,0.603,0.603,0.602,0.601,0.6,0.6,0.6,0.6,0.6,0.6,0.6,0.6,0.601,0.601,0.601,0.601,0.603,0.603,0.603,0.604,0.604,0.605,0.605,0.606,0.607,0.608,0.61,0.611,0.613,0.615,0.616,0.618,0.62,0.622,0.623,0.625,0.626,0.627,0.628,0.628,0.629,0.63,0.631,0.632,0.634,0.635,0.636,0.638,0.641,0.644,0.646,0.648,0.65,0.652,0.654,0.657,0.659,0.662,0.663,0.666,0.667,0.669,0.672,0.674,0.676,0.678,0.678,0.679,0.679,0.679,0.678,0.675,0.674,0.672,0.669,0.668,0.667,0.665,0.663,0.662,0.662,0.662,0.662,0.662,0.662,0.663,0.664,0.665,0.667,0.667,0.668,0.669,0.668,0.668,0.668,0.667,0.667,0.666,0.666,0.664,0.664,0.663,0.662,0.662,0.66,0.661,0.661,0.662,0.662,0.664,0.666,0.667,0.67,0.673,0.675,0.677,0.677,0.677,0.677,0.676,0.676,0.675,0.674,0.672,0.668,0.667,0.663,0.662,0.659,0.657,0.656,0.655,0.654,0.654,0.655,0.657,0.658,0.661,0.664,0.666,0.667,0.669,0.67,0.67,0.669,0.669,0.667,0.667,0.666,0.665,0.664,0.663,0.663,0.664,0.664,0.666,0.667,0.667,0.669,0.671,0,0,0,0,0,0,0,0,0,0,0,0,0,0,0,0,0,0,0,0,0,0.66,0.66,0.659,0.658,0.657,0.657,0.657,0.656,0.656,0.654,0.654,0.655,0.655,0.655,0.654,0.654,0.653,0.652,0.652,0.651,0.65,0.649,0.648,0.647,0.646,0.645,0.644,0.644,0.644,0.643,0.643,0.643,0,0,0,0,0,0,0,0,0,0,0,0,0,0,0,0,0,0,0,0,0,0,0,0,0,0,0.381,0.381,0.381,0.381,0.38,0.38,0.379,0.379,0.379,0.378,0.378,0.377,0.377,0.377,0,0,0,0.374,0.373,0.373,0.373,0.372,0.371,0.37,0.369,0.369,0.368,0.368,0.367,0.366,0,0,0.364,0.363,0.363,0.363,0.362,0.362,0.362,0.362,0.362,0.362,0.362,0.362,0.361,0.361,0.36,0.36,0.36,0.359,0.359,0,0.358,0.358,0.358,0.359,0.359,0.359,0.359,0,0,0.359,0.358,0.358,0.358,0.358,0.358,0.358,0.359,0.359,0.359,0.359,0.359,0.359,0.359,0.36,0.36,0.36,0.361,0.361,0.362,0.363,0.364,0.364,0.365,0.365,0.365,0.365,0.365,0.365,0.365,0.365,0.364,0.364,0.364,0.364,0.364,0.365,0.365,0.365,0.365,0.365,0.366,0,0,0,0,0.594,0.596,0.597,0.597,0.598,0.598,0.599,0.6,0.6,0.6,0.6,0.6,0.6,0.6,0.6,0.599,0.599,0.599,0.599,0.598,0.598,0.598,0.597,0.597,0.596,0.594,0.593,0.592,0.591,0.59,0.59,0.59,0.59,0.59,0.59,0.591,0.59,0.59,0.59,0.59,0.589,0.59,0.589,0.589,0.59,0.591,0.592,0.594,0.594,0.595,0.595,0.595,0.594,0.593,0.591,0.59,0.588,0.587,0.586,0.585,0.584,0.583,0.582,0.58,0.579,0.578,0.578,0.577,0.575,0.575,0.574,0.573,0.573,0.572,0.571,0.57,0.569,0.569,0.568,0.567,0.567,0.566,0.565,0.564,0.564,0.563,0.562,0.561,0.56,0.559,0.559,0.557,0.557,0.556,0.556,0.554,0.554,0.553,0.551,0.55,0.549,0.548,0,0,0,0,0,0,0,0,0,0,0,0,0,0,0,0,0.584,0.584,0.584,0.584,0.585,0.585,0.586,0.587,0.587,0.587,0.587,0.587,0.587,0.586,0.586,0.586,0.585,0.585,0.584,0.583,0.583,0.582,0.582,0.583,0.583,0.583,0.584,0.585,0.586,0.587,0.588,0.588,0.588,0.588,0.588,0.588,0.586,0.586,0.585,0.584,0.583,0.582,0.581,0.58,0.579,0.579,0.578,0.577,0.576,0.576,0.575,0.575,0,0,0,0,0,0,0,0,0,0,0,0,0,0,0,0,0,0,0.579,0.58,0.581,0.583,0.586,0,0,0.604,0.612,0.618,0.625,0,0,0,0,0,0,0,0,0,0,0,0,1.144,0,0,0,0,0,1.166,1.171,1.175,1.177,1.182,1.186,1.189,1.191,1.193,0,0,0,0,0,0,0,0,0,0,0,0,0,0,0,0,0,0,0,0,0,0
0,0,0,0,0,0,0,0,0,0,0,0,0,0,0,0,0,0,0,0,0,0,0,0,0,0,0,0,0,0,0,0,0,0,0,0,0,0.605,0.605,0.605,0.605,0.605,0.605,0.605,0.604,0.604,0.603,0.603,0.602,0.601,0.6,0.6,0.6,0.6,0.6,0.6,0.6,0.601,0.601,0.601,0.602,0.602,0.603,0.604,0.604,0.604,0.605,0.605,0.606,0.607,0.608,0.608,0.61,0.612,0.613,0.615,0.616,0.618,0.62,0.622,0.623,0.625,0.625,0.626,0.627,0.628,0.628,0.629,0.63,0.631,0.632,0.634,0.635,0.637,0.639,0.641,0.643,0.645,0.648,0.65,0.652,0.653,0.655,0.658,0.66,0.662,0.664,0.667,0.669,0.671,0.673,0.675,0.677,0.678,0.678,0.676,0.675,0.674,0.672,0.67,0.668,0.666,0.664,0.662,0.661,0.66,0.659,0.659,0.659,0.659,0.659,0.66,0.661,0.662,0.662,0.662,0.664,0.664,0.664,0.664,0.662,0.662,0.662,0.66,0.66,0.659,0.658,0.657,0.657,0.656,0.655,0.655,0.656,0.656,0.656,0.657,0.657,0.656,0.657,0.659,0.659,0.659,0.659,0.661,0.66,0.662,0.661,0.66,0.659,0.658,0.655,0,0.65,0.65,0.649,0.647,0.647,0.645,0.646,0.646,0.646,0.648,0.65,0.652,0.656,0.661,0.662,0.665,0.667,0.669,0.669,0.667,0.667,0.667,0.666,0.665,0.663,0.662,0.662,0.663,0.663,0.664,0.666,0.666,0,0,0,0,0,0,0,0,0,0,0,0,0.484,0.485,0,0,0,0,0,0,0,0,0.652,0.65,0.65,0.648,0.648,0.646,0.648,0.65,0.65,0.65,0.65,0.652,0.652,0.654,0.654,0.654,0.653,0.652,0.652,0.651,0.65,0.65,0.648,0.647,0.646,0.646,0.644,0.643,0.643,0.643,0.642,0.642,0,0,0,0,0,0,0,0,0,0,0,0,0,0,0,0,0,0,0,0,0,0,0.386,0,0,0,0.381,0.381,0.38,0.38,0.38,0.379,0.378,0.378,0.378,0.377,0.377,0.376,0.376,0.375,0.375,0.374,0.373,0.372,0.372,0.371,0.371,0.37,0.37,0.369,0.368,0.368,0.367,0.366,0.365,0,0,0,0,0,0.362,0.362,0.362,0.361,0.361,0.361,0.361,0.361,0.36,0.36,0.36,0.36,0.359,0.359,0.358,0.358,0.357,0.357,0.356,0.356,0.356,0.356,0.356,0.357,0.357,0.357,0.357,0.357,0.357,0.357,0.357,0.357,0.357,0.357,0.357,0.357,0.357,0.358,0.358,0.357,0.358,0.358,0.358,0.358,0.358,0,0,0,0.361,0.362,0.362,0.363,0.363,0.363,0.363,0.363,0.363,0.363,0.363,0.363,0.363,0.363,0.363,0.364,0.364,0.365,0.365,0.365,0.365,0.366,0.366,0.366,0,0,0,0.597,0.597,0.598,0.598,0.598,0.598,0.599,0.599,0.599,0.598,0.599,0.599,0.598,0.598,0.598,0.597,0.597,0.597,0.596,0.596,0.595,0.594,0.593,0.591,0.59,0.589,0.588,0.587,0.586,0.586,0.586,0.586,0.586,0.586,0.586,0.586,0.585,0.585,0.584,0.584,0.584,0.583,0.583,0.583,0.584,0.585,0.586,0.587,0.588,0.588,0.587,0.586,0.586,0.585,0.584,0.583,0.582,0.581,0.58,0.58,0.579,0.579,0.578,0.577,0.577,0.576,0.575,0.574,0.573,0.573,0.572,0.571,0.571,0.57,0.569,0.567,0.566,0.566,0.565,0.565,0.564,0.563,0.562,0.561,0.561,0.56,0.559,0.559,0.558,0.557,0.557,0.556,0.555,0.555,0.554,0.553,0.552,0.551,0.55,0.548,0.548,0.547,0,0,0,0,0,0,0,0,0,0,0,0,0,0,0.58,0.581,0.581,0.581,0.581,0.581,0.581,0.583,0.584,0.584,0.584,0.585,0.584,0.584,0.584,0.583,0.582,0.581,0.58,0.58,0.579,0.579,0.578,0.578,0.578,0.579,0.58,0.58,0.581,0.583,0.584,0.585,0.585,0.585,0.585,0.585,0.584,0.583,0.583,0.581,0.58,0.579,0.578,0.577,0.576,0.575,0.575,0.574,0.574,0.573,0.573,0.573,0.572,0,0,0,0,0,0,0,0,0,0,0,0,0,0,0,0,0,0,0.578,0.578,0.578,0.58,0,0,0,0,0,0.62,0,0,0,0,0,0,0,0,0,0,0,1.144,1.147,1.147,0,0,0,0,0,1.168,1.173,1.175,1.18,1.184,1.186,1.189,1.191,1.196,0,0,0,0,0,0,0,0,0,0,0,0,0,0,0,0,0,0,0,0,0,0
0,0,0,0,0,0,0,0,0,0,0,0,0,0,0,0,0,0,0,0,0,0,0,0,0,0,0,0,0,0,0,0,0,0,0,0,0.607,0.607,0.607,0.607,0.607,0.606,0.605,0.605,0.604,0.604,0.603,0.603,0.602,0.601,0.6,0.6,0.6,0.6,0.6,0.6,0.601,0.601,0.601,0.603,0.603,0.603,0.604,0.604,0.605,0.605,0.605,0.606,0.607,0.607,0.608,0.609,0.61,0.612,0.613,0.615,0.616,0.618,0.62,0.621,0.623,0.623,0.625,0.625,0.626,0.626,0.627,0.628,0.629,0.63,0.631,0.632,0.634,0.635,0.636,0.638,0.64,0.643,0.645,0.646,0.648,0.65,0.652,0.654,0.656,0.658,0.66,0.663,0.666,0.667,0.67,0.673,0.674,0.675,0.675,0.675,0.673,0.671,0.669,0.667,0.665,0.663,0.662,0.66,0.659,0.657,0.657,0.656,0.656,0.657,0.657,0.657,0.658,0.659,0.659,0.659,0.659,0.659,0.659,0.659,0.659,0.658,0.657,0.657,0.655,0.654,0.653,0.652,0.652,0.651,0.651,0.651,0.65,0.651,0.65,0.65,0.65,0.649,0.648,0.649,0.649,0.648,0.648,0.649,0.648,0.648,0.647,0.648,0.648,0.645,0.643,0.643,0.642,0.641,0.64,0.639,0.638,0.638,0.638,0.639,0.641,0.642,0.645,0.648,0.652,0.657,0.661,0.664,0.667,0.669,0.669,0.668,0.667,0.667,0.665,0.664,0.663,0.661,0.661,0.661,0.662,0.663,0.664,0,0,0,0,0,0,0,0,0,0,0,0.482,0.483,0.484,0.485,0.485,0,0,0,0,0,0,0.64,0.641,0.64,0.639,0.638,0.637,0.637,0.638,0.638,0.639,0.64,0.641,0.643,0.645,0.646,0.648,0.649,0.65,0,0,0,0.649,0.648,0.647,0.646,0.646,0.644,0.643,0.642,0.642,0.641,0,0,0,0,0,0,0,0,0,0,0,0,0,0,0,0,0,0,0,0,0,0,0,0,0,0,0.381,0.381,0.38,0.38,0.379,0.379,0.378,0.377,0.377,0.377,0.376,0.376,0.375,0.375,0.374,0.373,0.373,0.372,0.371,0.37,0.37,0.369,0.369,0.369,0.369,0.368,0.367,0.366,0.366,0.365,0.364,0.363,0,0,0,0.361,0.361,0.361,0.36,0.36,0.36,0.36,0.359,0.359,0.359,0.359,0.359,0.358,0.358,0.357,0.356,0.356,0.355,0.355,0.354,0.354,0.354,0.354,0.355,0.355,0.355,0.355,0.356,0.356,0.356,0.356,0.356,0.356,0.356,0.356,0.356,0.356,0.356,0.356,0.356,0.355,0.356,0.356,0.356,0.356,0.356,0.357,0,0,0.359,0.359,0.36,0.36,0.361,0.361,0.361,0,0.362,0.362,0.362,0.362,0.362,0.362,0.363,0.363,0.364,0.364,0.365,0.365,0.365,0.365,0.366,0.366,0.366,0.366,0,0,0.597,0.598,0.598,0.598,0.598,0.598,0.598,0.597,0.597,0.597,0.596,0.595,0.595,0.594,0.593,0.593,0.593,0.592,0.591,0.59,0.589,0.588,0.588,0.586,0.585,0.585,0.584,0.583,0.583,0.583,0.582,0.583,0.582,0.581,0.581,0.58,0.579,0.579,0.579,0.578,0.578,0.577,0.577,0.578,0.578,0.579,0.579,0.579,0.579,0.579,0.579,0.578,0.578,0.578,0.577,0.577,0.577,0.576,0.576,0.576,0.575,0.575,0.575,0.574,0.574,0.573,0.572,0.572,0.571,0.57,0.569,0.568,0.567,0.565,0.564,0.563,0.562,0.562,0.562,0.561,0.561,0.56,0.559,0.558,0.558,0.557,0.557,0.556,0.556,0.555,0.555,0.555,0.554,0.554,0.553,0.551,0.55,0.55,0.548,0.547,0.546,0.546,0.545,0.545,0.544,0,0,0,0,0,0,0,0,0,0,0.571,0.574,0.575,0.576,0.577,0.577,0.578,0.579,0.58,0.58,0.581,0.581,0.581,0.581,0.58,0.579,0.578,0.578,0.577,0.575,0.575,0.574,0.574,0.574,0.574,0.575,0.575,0.577,0.578,0.579,0.58,0.581,0.581,0.582,0.582,0.581,0.581,0.58,0.579,0.578,0.577,0.575,0.575,0.574,0.572,0.572,0.571,0,0,0.57,0.57,0.57,0.57,0,0,0,0,0,0,0,0,0,0,0,0,0,0,0,0,0,0.577,0.577,0.577,0.578,0,0,0,0,0,0.61,0,0,0,0,0,0,0,0,0,0,1.144,1.144,1.147,1.147,1.149,0,1.153,0,0,1.171,1.173,1.175,1.18,1.182,1.186,1.189,1.191,1.193,1.198,1.2,0,0,0,0,0,0,0,0,0,0,0,0,0,0,0,0,0,0,0,0,0
0,0,0,0,0,0,0,0,0,0,0,0,0,0,0,0,0,0,0,0,0,0,0,0,0,0,0,0,0,0,0,0,0,0,0,0.609,0.609,0.608,0.608,0.608,0.607,0.607,0.607,0.606,0.605,0.605,0.604,0.603,0.602,0.601,0.601,0.6,0.6,0.6,0.601,0.601,0.601,0.602,0.603,0.603,0.604,0.604,0.605,0.605,0.605,0.606,0.606,0.607,0.607,0.607,0.608,0.609,0.61,0.612,0.613,0.615,0.616,0.618,0.619,0.62,0.621,0.623,0.623,0.624,0.625,0.625,0.626,0.627,0.628,0.628,0.63,0.631,0.632,0.634,0.635,0.636,0.638,0.64,0.642,0.644,0.645,0.647,0.648,0.65,0.652,0.654,0.657,0.659,0.662,0.664,0.667,0.67,0.671,0.672,0.672,0.672,0.67,0.668,0.666,0.664,0.662,0.66,0.658,0.656,0.654,0.654,0.653,0.652,0.652,0.653,0.654,0.654,0.654,0.655,0.656,0.656,0.656,0.656,0.656,0.655,0.654,0.654,0.653,0.652,0.652,0.65,0.649,0.648,0.647,0.646,0.645,0.644,0.644,0.643,0.643,0.642,0.641,0.64,0.64,0.639,0.639,0.638,0.638,0.638,0.638,0.637,0.637,0.637,0.636,0.635,0.634,0.634,0.633,0.633,0.633,0.632,0.632,0.633,0.633,0.634,0.636,0.638,0.64,0.644,0.648,0.652,0.657,0.662,0.664,0.667,0.669,0.668,0.667,0.666,0.664,0.664,0.662,0.661,0.66,0.66,0.66,0,0,0,0,0,0,0,0,0,0,0,0.479,0.481,0.482,0.483,0.484,0.484,0.485,0.486,0,0,0,0,0,0,0,0,0.627,0.626,0.626,0.626,0.627,0.628,0.628,0.628,0.63,0.632,0.633,0,0,0,0,0,0,0,0,0,0,0,0,0,0.642,0.641,0,0,0,0,0,0,0,0,0,0,0,0,0,0,0,0,0,0,0,0,0,0,0,0,0,0,0.381,0.381,0.381,0.38,0.379,0.379,0.378,0.378,0.377,0.377,0.376,0.376,0.375,0.375,0.374,0.373,0.372,0.372,0.371,0.37,0.369,0.369,0.368,0.368,0.368,0.368,0.368,0.367,0.366,0.365,0.365,0.364,0.363,0.362,0.362,0.361,0.361,0.36,0.36,0.36,0.36,0.359,0.359,0.359,0.358,0.358,0.358,0.358,0.357,0.357,0.356,0.356,0.355,0.355,0.354,0.353,0.353,0.353,0.353,0.353,0.353,0.353,0.353,0.354,0.354,0.354,0.354,0.354,0.354,0.354,0.354,0.354,0.354,0.354,0.354,0.354,0,0,0.354,0.354,0.354,0.354,0.354,0.355,0.355,0.356,0.356,0.357,0.358,0.358,0.359,0.359,0,0,0,0.36,0.36,0.36,0.361,0.361,0.361,0.362,0.363,0.363,0.363,0.364,0.364,0.365,0.365,0.365,0.365,0.365,0.366,0,0,0,0,0.597,0.597,0.596,0.595,0.594,0.593,0.592,0.592,0.59,0.59,0.589,0.589,0.589,0.589,0.588,0.587,0.586,0.585,0.585,0.584,0.583,0.583,0.582,0.581,0.58,0.579,0.579,0.578,0.578,0.578,0.577,0.576,0.575,0.575,0.574,0.574,0.573,0.573,0.572,0.572,0.572,0.572,0.572,0.572,0.572,0.572,0.571,0.571,0.571,0.571,0.571,0.571,0.571,0.572,0.572,0.572,0.573,0.572,0.572,0.572,0.572,0.571,0.571,0.57,0.569,0.568,0.567,0.566,0.565,0.564,0.562,0.561,0.56,0.559,0.558,0.558,0.558,0.557,0.557,0.556,0.555,0.555,0.555,0.555,0.554,0.554,0.554,0.554,0.553,0.553,0.552,0.551,0.551,0.55,0.548,0.548,0.547,0.546,0.546,0.544,0.544,0.543,0.542,0.541,0.541,0,0,0,0,0,0,0,0,0.566,0.57,0.573,0.573,0.574,0.575,0.576,0.577,0.578,0.578,0.578,0.578,0.578,0.577,0.576,0.575,0.574,0.573,0.572,0.572,0.571,0.571,0.571,0.571,0.571,0.572,0.573,0.574,0.575,0.577,0.577,0.578,0.578,0.579,0.578,0.577,0.577,0.575,0.574,0.574,0.573,0.572,0.571,0.57,0.57,0.57,0.57,0.57,0.57,0.57,0.57,0,0,0,0,0,0,0,0,0,0,0,0,0,0,0,0,0,0.575,0.575,0.576,0.577,0,0,0,0.584,0,0.596,0,0,0,0,0,0,0,0,0,0,0,1.144,1.147,1.149,1.153,1.153,1.155,1.157,1.166,1.171,1.175,1.177,1.18,1.182,1.186,1.189,1.191,1.196,1.198,1.2,1.205,0,0,0,0,0,0,0,0,0,0,0,0,0,0,0,0,0,0,0,0,0
0,0,0,0,0,0,0,0,0,0,0,0,0,0,0,0,0,0,0,0,0,0,0,0,0,0,0,0,0,0,0,0,0,0,0,0.611,0.61,0.609,0.609,0.609,0.608,0.608,0.608,0.607,0.606,0.605,0.604,0.604,0.603,0.602,0.601,0.601,0.601,0.601,0.602,0.602,0.603,0.603,0.604,0.604,0.605,0.605,0.605,0.606,0.606,0.607,0.607,0.607,0.608,0.608,0.608,0.609,0.61,0.612,0.612,0.613,0.615,0.616,0.617,0.618,0.62,0.62,0.621,0.621,0.623,0.623,0.625,0.625,0.626,0.627,0.628,0.63,0.63,0.632,0.633,0.634,0.636,0.638,0.64,0.641,0.642,0.644,0.645,0.646,0.648,0.65,0.652,0.654,0.658,0.661,0.664,0.667,0.668,0.669,0.669,0.669,0.667,0.664,0.662,0.659,0.657,0.655,0.653,0.651,0.65,0.648,0.648,0.647,0.647,0.648,0.648,0.649,0.65,0.65,0.651,0.652,0.652,0.652,0.652,0.651,0.65,0.65,0.649,0.648,0.646,0.644,0.642,0.641,0.639,0.638,0.638,0.637,0.636,0.635,0.634,0.634,0.633,0.632,0.632,0.632,0.63,0.63,0.63,0.63,0.63,0.629,0.628,0.628,0.629,0.627,0.628,0.627,0.627,0.627,0.627,0.627,0.627,0.628,0.628,0.63,0.631,0.633,0.635,0.639,0.644,0,0,0.659,0,0,0,0,0,0,0.666,0.664,0.663,0,0,0,0,0,0,0,0,0,0,0,0,0.475,0.476,0.478,0.479,0.48,0.482,0.482,0.484,0.484,0.485,0.485,0,0,0,0,0,0,0,0,0,0,0,0,0,0,0.617,0.616,0,0,0,0,0,0,0,0,0,0,0,0,0,0,0,0,0,0,0,0,0,0,0,0,0,0,0,0,0,0,0,0,0,0,0,0,0,0,0,0,0,0,0,0.381,0.381,0.38,0.38,0.379,0.378,0.378,0,0.377,0.376,0.375,0.375,0.375,0.374,0.374,0.373,0.372,0.371,0.37,0.37,0.369,0.368,0.367,0.367,0.367,0.367,0.367,0.367,0.366,0,0,0,0.363,0.362,0.361,0.36,0.36,0.359,0.359,0.359,0.359,0.358,0.358,0.358,0.357,0.357,0.357,0.357,0.356,0.356,0.356,0.355,0.355,0.354,0.354,0.353,0.353,0.352,0.352,0.352,0.352,0.352,0.352,0.352,0.352,0.353,0.353,0.353,0.353,0.353,0.353,0.353,0.353,0.353,0.353,0.352,0,0,0,0.352,0.352,0.352,0.352,0.353,0.353,0.353,0.354,0.354,0.355,0.355,0.356,0.356,0.357,0,0,0.358,0.358,0.358,0.359,0.359,0.36,0.36,0.361,0.362,0.362,0.363,0.363,0.364,0.364,0.365,0.365,0.365,0.365,0.365,0.365,0,0,0,0.597,0.596,0.594,0.592,0.591,0.59,0.589,0.588,0.587,0.586,0.585,0.585,0.585,0.584,0.584,0.583,0.583,0.582,0.581,0.581,0.58,0.579,0.579,0.578,0.578,0.577,0.577,0.575,0.575,0.574,0.574,0.573,0.572,0.572,0.571,0.57,0.569,0.569,0.568,0.566,0.566,0.566,0.565,0.565,0.565,0.565,0.564,0.564,0.565,0.565,0.565,0.566,0.566,0.567,0.567,0.569,0.569,0.569,0.569,0.569,0.569,0.569,0.568,0.567,0.566,0.565,0.564,0.563,0.562,0.56,0.559,0.558,0.557,0.556,0.555,0.555,0.554,0.554,0.553,0.553,0.552,0.552,0.552,0.552,0.552,0.552,0.552,0.552,0.552,0.552,0.551,0.551,0.55,0.549,0.548,0.548,0.546,0.546,0.545,0.544,0.543,0.542,0.541,0.541,0.54,0.538,0.537,0,0,0,0,0,0,0,0.561,0.566,0.569,0.571,0.572,0.573,0.574,0.575,0.576,0.575,0.575,0.574,0.573,0.573,0.572,0.571,0.571,0.569,0.569,0.568,0.568,0.567,0.567,0.568,0.568,0.569,0.57,0.571,0.572,0.573,0.574,0.574,0.574,0.574,0.573,0.573,0.572,0.571,0.57,0.57,0.569,0.569,0.568,0.567,0.567,0.567,0.568,0.569,0,0,0,0,0,0,0,0,0,0,0,0,0,0,0,0,0,0,0.574,0.574,0.575,0.576,0.576,0,0.578,0.579,0.581,0.585,0,0,0,0,0,0,0,0,0,0,0,0,1.149,1.149,1.151,1.155,1.157,0,1.162,1.171,1.175,1.18,1.182,1.182,1.186,1.189,1.193,1.196,1.198,1.2,1.203,0,0,0,0,0,0,0,0,0,0,0,0,0,0,0,0,0,0,0,0,0,0
0,0,0,0,0,0,0,0,0,0,0,0,0,0,0,0,0,0,0,0,0,0,0,0,0,0,0,0,0,0,0,0,0,0,0,0.612,0.612,0.61,0.61,0.61,0.61,0.609,0.608,0.607,0.606,0.605,0.605,0.604,0.603,0.603,0.602,0.601,0.602,0.602,0.603,0.603,0.603,0.604,0.604,0.605,0.605,0.606,0.607,0.607,0.607,0.607,0.608,0.608,0.608,0.608,0.608,0.609,0.61,0.611,0.612,0.613,0.613,0.615,0.615,0.616,0.617,0.618,0.618,0.619,0.62,0.621,0.623,0.623,0.625,0.626,0.627,0.628,0.629,0.63,0.632,0.633,0.634,0.636,0.638,0.639,0.64,0.641,0.642,0.643,0.644,0.646,0.648,0.65,0.654,0.657,0.66,0.663,0.665,0.666,0.666,0.664,0.661,0.657,0.654,0.651,0.648,0.646,0.643,0.641,0.64,0.638,0.638,0.638,0.638,0.639,0.64,0.641,0.642,0.644,0.645,0.646,0.646,0.646,0.646,0.645,0.644,0.644,0.642,0.64,0.639,0.637,0.634,0.633,0.632,0.63,0.629,0.629,0.628,0.628,0.626,0.626,0.625,0.624,0.623,0.624,0.623,0.622,0.622,0.622,0.622,0.622,0.622,0.622,0.621,0.622,0.621,0.622,0.621,0.622,0.623,0.623,0.624,0.625,0.625,0.626,0.628,0.63,0.632,0.635,0.639,0.645,0,0.657,0.663,0.668,0.672,0.672,0.671,0.669,0.668,0,0,0,0,0,0,0,0,0,0,0,0,0,0.473,0.474,0.475,0.477,0.479,0.48,0.481,0.482,0.483,0.484,0.485,0.486,0,0,0,0,0,0,0,0.605,0.606,0.605,0,0.605,0.605,0.606,0.606,0.605,0,0,0,0,0,0,0,0,0,0,0,0,0,0,0,0,0,0,0,0,0,0,0,0,0,0,0,0,0,0,0,0,0,0,0,0,0,0,0,0,0,0,0.381,0.381,0.38,0.38,0.379,0.378,0.377,0.377,0.376,0.376,0.375,0.374,0.374,0.373,0.373,0.372,0.372,0.37,0.37,0.369,0.368,0.368,0.367,0.366,0.366,0.366,0.366,0.366,0.366,0,0,0,0,0.361,0.36,0.36,0.359,0.359,0.358,0.358,0.358,0.358,0.357,0.357,0.357,0.356,0.356,0.356,0.356,0.355,0.355,0.355,0.354,0.354,0.353,0.353,0.352,0.352,0.351,0.351,0.351,0.351,0.351,0.351,0.351,0.352,0.352,0.352,0.352,0.352,0.352,0.352,0.352,0.352,0.352,0.351,0.351,0.351,0.351,0.351,0.351,0.351,0.35,0.351,0.351,0.351,0.352,0.352,0.352,0.353,0.353,0.353,0.354,0.354,0.355,0.355,0.355,0.356,0.356,0.357,0.358,0.358,0.359,0.36,0.36,0.361,0.362,0.362,0.363,0.363,0.364,0.364,0.364,0.365,0.365,0.365,0.365,0,0,0,0.594,0.593,0.59,0.589,0.588,0.586,0.585,0.584,0.583,0.582,0.581,0.581,0.581,0.58,0.58,0.579,0.579,0.579,0.578,0.578,0.577,0.577,0.575,0.575,0.574,0.574,0.573,0.573,0.572,0.572,0.57,0.57,0.569,0.567,0.566,0.566,0.565,0.564,0.563,0.562,0.562,0.561,0.56,0.561,0.561,0.56,0.56,0.56,0.56,0.561,0.561,0.562,0.563,0.564,0.565,0.565,0.566,0.566,0.566,0.566,0.566,0.565,0.564,0.563,0.562,0.561,0.559,0.558,0.557,0.555,0.554,0.553,0.552,0.551,0.551,0.551,0.551,0.55,0.55,0.55,0.55,0.55,0.55,0.55,0.55,0.55,0.55,0.551,0.551,0.55,0.55,0.549,0.548,0.547,0.546,0.546,0.545,0.544,0.543,0.542,0.542,0.541,0.54,0.539,0.537,0.536,0.535,0.534,0,0,0,0,0,0,0,0.562,0.566,0.569,0.571,0.572,0.573,0.573,0.573,0.572,0.572,0.571,0.571,0.569,0.569,0.567,0.566,0.566,0.565,0.565,0.565,0.565,0.565,0.565,0.566,0.567,0.567,0.569,0.57,0.571,0.571,0.572,0.571,0.571,0.57,0.569,0.568,0.567,0.567,0.566,0.565,0.565,0.565,0.565,0.566,0.566,0.566,0,0,0,0,0,0,0,0,0,0,0,0,0,0,0,0,0,0.573,0.574,0.574,0.575,0.575,0.576,0,0.577,0.578,0.579,0,0,0,0,0,0,0,0,0,0,0,0,0,1.153,1.153,1.155,1.157,1.16,1.162,1.166,1.173,1.177,1.182,1.184,1.189,1.191,1.193,1.198,1.2,1.203,1.205,1.207,0,0,0,0,0,0,0,0,0,0,0,0,0,0,0,0,0,0,0,0,0,0
0,0,0,0,0,0,0,0,0,0,0,0,0,0,0,0,0,0,0,0,0,0,0,0,0,0,0,0,0,0,0,0,0,0,0,0.612,0.612,0.611,0.611,0.61,0.61,0.609,0.608,0.607,0.607,0.605,0.605,0.604,0.603,0.603,0.602,0.602,0.602,0.602,0.603,0.603,0.604,0.604,0.605,0.605,0.605,0.606,0.607,0.607,0.607,0.608,0.608,0.608,0.608,0.608,0.608,0.608,0.609,0.61,0.61,0.611,0.612,0.613,0.613,0.614,0.614,0.615,0.616,0.616,0.618,0.619,0.62,0.621,0.623,0.625,0.626,0.627,0.628,0.629,0.63,0.632,0.633,0.634,0.636,0.637,0.638,0.638,0.64,0.64,0.642,0.642,0.644,0.647,0.65,0.652,0.657,0.659,0.661,0.662,0.662,0.659,0.654,0.65,0.646,0.642,0.638,0.634,0.632,0.63,0.629,0.628,0.627,0.627,0.627,0.627,0.628,0.629,0.63,0.632,0.634,0.635,0.636,0.638,0.638,0.638,0.638,0.637,0.635,0.634,0.631,0.629,0.627,0.625,0.624,0.623,0.623,0.622,0.621,0.62,0.62,0.62,0.619,0.618,0.618,0.617,0.616,0.617,0.616,0.617,0.616,0.617,0.617,0.617,0.617,0.616,0.617,0.618,0.619,0.619,0.62,0.62,0.621,0.621,0.623,0.624,0.625,0.626,0.629,0.632,0.637,0.642,0,0,0,0,0,0,0,0,0,0,0,0,0,0,0,0,0,0,0,0.468,0.469,0.471,0.472,0.473,0.475,0.476,0.478,0.479,0.481,0.482,0.484,0.484,0.485,0,0,0,0,0,0,0,0.596,0.596,0.597,0.597,0.597,0.597,0.597,0.597,0.597,0.596,0.595,0.595,0.594,0.593,0,0,0,0,0,0.587,0,0,0,0,0,0,0,0,0,0,0,0,0,0,0,0,0,0,0,0,0,0,0,0,0,0,0,0,0,0,0,0,0.381,0.38,0.379,0.379,0.378,0.377,0.377,0.376,0.375,0.375,0.374,0.373,0.372,0.372,0.372,0.371,0.37,0.369,0.368,0.368,0.367,0.367,0.366,0.365,0.365,0.365,0.365,0.365,0.364,0.363,0,0,0,0.36,0.359,0.359,0.358,0.358,0.358,0.357,0.357,0.357,0.356,0.356,0,0,0.355,0.355,0.355,0.355,0.354,0.354,0.353,0.353,0.352,0.352,0.352,0.351,0.351,0.35,0.35,0.35,0.35,0.35,0.35,0.35,0.351,0.351,0.351,0.351,0.351,0.351,0.351,0.351,0.35,0.35,0.35,0.35,0.349,0.349,0.349,0.349,0.349,0.35,0.35,0.35,0.35,0.35,0.35,0.351,0.351,0.351,0.351,0.352,0.352,0.353,0.353,0.354,0.354,0.355,0.356,0.356,0.357,0.358,0.359,0.36,0.36,0.361,0.362,0.362,0.363,0.363,0.363,0.364,0.364,0.364,0.364,0.365,0.365,0,0,0,0,0,0,0.584,0.582,0.58,0.579,0.578,0.578,0.577,0.577,0.577,0.577,0.576,0.577,0.576,0.575,0.575,0.574,0.574,0.573,0.572,0.572,0.571,0.57,0.57,0.569,0.569,0.567,0.566,0.565,0.564,0.563,0.562,0.561,0.56,0.559,0.558,0.558,0.557,0.556,0.556,0.556,0.556,0.556,0.556,0.557,0.557,0.557,0.558,0.559,0.559,0.56,0.561,0.562,0.562,0.562,0.562,0.561,0.561,0.56,0.559,0.558,0.557,0.555,0.554,0.553,0.551,0.55,0.549,0.548,0.548,0.547,0.547,0.547,0.547,0.547,0.547,0.547,0.547,0.547,0.547,0.548,0.548,0.548,0.548,0.549,0.548,0.548,0.548,0.547,0.546,0.545,0.545,0.544,0.544,0.542,0.542,0.541,0.54,0.539,0.538,0.537,0.535,0.534,0.533,0.533,0.533,0,0,0,0,0,0,0.56,0.565,0.568,0.57,0.57,0.571,0.571,0.571,0.57,0.57,0.569,0.567,0.566,0.565,0.564,0.564,0.563,0.563,0.562,0.563,0.563,0.563,0.564,0.564,0.565,0.566,0.567,0.568,0.569,0.569,0.569,0.569,0.567,0.566,0.565,0.565,0.564,0.564,0.563,0.563,0.563,0.563,0.564,0.564,0.564,0.565,0.565,0,0,0,0,0,0,0,0,0,0,0,0,0,0,0,0.574,0.575,0.576,0.577,0.578,0.578,0.579,0.579,0.58,0.58,0,0,0,0,0,0,0,0,0,0,0,0,0,1.155,1.157,1.16,1.164,1.164,1.166,1.171,1.177,1.182,1.184,1.189,1.193,1.193,1.196,1.2,1.203,1.207,1.207,1.207,0,0,0,0,0,0,0,0,0,0,0,0,0,0,0,0,0,0,0,0,0,0
0,0,0,0,0,0,0,0,0,0,0,0,0,0,0,0,0,0,0,0,0,0,0,0,0,0,0,0,0,0,0,0,0,0,0,0,0.612,0.611,0.61,0.61,0.609,0.608,0.608,0.607,0.606,0.605,0.604,0.603,0.603,0.602,0.602,0.601,0.601,0.602,0.603,0.603,0.603,0.604,0.604,0.605,0.605,0.606,0.606,0.607,0.607,0.607,0.608,0.608,0.608,0.608,0.608,0.608,0.608,0.609,0.609,0.61,0.61,0.611,0.611,0.612,0.612,0.612,0.613,0.613,0.615,0.616,0.617,0.619,0.621,0.623,0.624,0.626,0.627,0.628,0.63,0.631,0.632,0.633,0.634,0.636,0.636,0.636,0.638,0.638,0.638,0.639,0.641,0.642,0.645,0.648,0.65,0.653,0.654,0.657,0.654,0.65,0.645,0.639,0.635,0.63,0.626,0.624,0.621,0.619,0.618,0.617,0.617,0.616,0.616,0.616,0.617,0.618,0.618,0.62,0.622,0.624,0.626,0.627,0.628,0.629,0.629,0.628,0.627,0.626,0.624,0.622,0.62,0,0.618,0.617,0.616,0.616,0.615,0.615,0.614,0.614,0.613,0.613,0.613,0.613,0.613,0.613,0.613,0.613,0.613,0.613,0.613,0.613,0.613,0.614,0.615,0.615,0.615,0.616,0.617,0.618,0.619,0.62,0.621,0.621,0.623,0.625,0.626,0.63,0.634,0.639,0.644,0,0,0,0,0,0,0,0,0,0,0,0,0,0,0,0,0,0.466,0.467,0.468,0.47,0.472,0.473,0.474,0.476,0.478,0.479,0.481,0.482,0.483,0.484,0.485,0,0,0,0,0,0.588,0.589,0.589,0.589,0.589,0.59,0.59,0.591,0.591,0.59,0.59,0.589,0.588,0.586,0.585,0.583,0.581,0.58,0.579,0.577,0.577,0.576,0.576,0.576,0.577,0,0,0,0,0,0,0,0,0,0,0,0,0,0,0,0,0,0,0,0,0,0,0.387,0.386,0.386,0.385,0.384,0.383,0.382,0.381,0.38,0.379,0.378,0.377,0.376,0.375,0.375,0.374,0.373,0.373,0.372,0.371,0.371,0.37,0.37,0.369,0.368,0.367,0.366,0.365,0.365,0.365,0.364,0.363,0.363,0.363,0.363,0.362,0.362,0.361,0.36,0.359,0.359,0.358,0.358,0.357,0.357,0.356,0.356,0.356,0,0.355,0,0,0.355,0.355,0.354,0.354,0.354,0.353,0.353,0.353,0.352,0.352,0.351,0.351,0.35,0.35,0.349,0.349,0.349,0.349,0.349,0.349,0.349,0.349,0.349,0.349,0.35,0.349,0.35,0.349,0.349,0.349,0.349,0.348,0.348,0.348,0.348,0.348,0.348,0.348,0.348,0.349,0.349,0.349,0.349,0.35,0.35,0.35,0.35,0.35,0.351,0.351,0.351,0.351,0.352,0.352,0.353,0.353,0.354,0.355,0.356,0.357,0.358,0.358,0.359,0.36,0.361,0.362,0.362,0.362,0.362,0.363,0.363,0.363,0.364,0.365,0.365,0.366,0.366,0,0.585,0.583,0.58,0.579,0.577,0.575,0.575,0.574,0.574,0.573,0.573,0.573,0.573,0.573,0.573,0.573,0.572,0.572,0.571,0.57,0.57,0.569,0.568,0.567,0.566,0.565,0.564,0.563,0.562,0.561,0.56,0.559,0.558,0.557,0.556,0.555,0.555,0.554,0.553,0.553,0.553,0.553,0.552,0.552,0.552,0.553,0.553,0.553,0.554,0.555,0.555,0.556,0.556,0.557,0.557,0.557,0.557,0.556,0.556,0.555,0.554,0.554,0.553,0.551,0.55,0.549,0.547,0.546,0.545,0.545,0.544,0.544,0.544,0.544,0.544,0.544,0.544,0.544,0.544,0.544,0.545,0.546,0.546,0.546,0.546,0.546,0.547,0.546,0.546,0.546,0.545,0.544,0.544,0.543,0.543,0.542,0.541,0.54,0.54,0.539,0.538,0.537,0.535,0.534,0.533,0.533,0.532,0,0,0,0,0,0,0,0,0,0.567,0.569,0.57,0.569,0.569,0,0.568,0.567,0.566,0.565,0.564,0.563,0.563,0.562,0.562,0.562,0.561,0.562,0.562,0.562,0.563,0.564,0.564,0.565,0.566,0.566,0.567,0.566,0.565,0.565,0.564,0.564,0.563,0.563,0.562,0.562,0.562,0.562,0.562,0.563,0.563,0.563,0.563,0,0,0,0,0,0,0,0,0,0,0,0,0,0,0,0,0.574,0.577,0.577,0.579,0.58,0.58,0.581,0.581,0.582,0.583,0,0,0,0,0,0,0,0,0,0,0,0,0,1.16,1.162,1.166,1.166,1.168,1.171,1.175,1.18,1.184,1.189,1.191,1.196,1.198,1.2,1.205,1.207,1.21,1.212,1.212,0,0,0,0,0,0,0,0,0,0,0,0,0,0,0,0,0,0,0,0,0,0
0,0,0,0,0,0,0,0,0,0,0,0,0,0,0,0,0,0,0,0,0,0,0,0,0,0,0,0,0,0,0,0,0,0,0,0,0.612,0.611,0.61,0.61,0.609,0.608,0.607,0.605,0.605,0.604,0.603,0.603,0.602,0.601,0.601,0.601,0.601,0.601,0.602,0.602,0.603,0.603,0.604,0.604,0.604,0.605,0.605,0.605,0.606,0.607,0.607,0.607,0.607,0.607,0.607,0.607,0.607,0.608,0.608,0.608,0.608,0.608,0.608,0.608,0.608,0.608,0.609,0.61,0.61,0.613,0.614,0.616,0.618,0.62,0.622,0.624,0.626,0.627,0.628,0.63,0.631,0.632,0.633,0.634,0.634,0.634,0.634,0.636,0.636,0.636,0.636,0.637,0.64,0.642,0.643,0.644,0.646,0.646,0.644,0.638,0.633,0.628,0.623,0.62,0.616,0.613,0.61,0.61,0.608,0.608,0.607,0.607,0.607,0.607,0.607,0.607,0.608,0.61,0.612,0.613,0,0.617,0.618,0.62,0.62,0.62,0.619,0.618,0,0.615,0.613,0.612,0.612,0.611,0.61,0.61,0.61,0.61,0.61,0.609,0.609,0.609,0.609,0.609,0.608,0.609,0.609,0.609,0.61,0.61,0.61,0.61,0.61,0.611,0.612,0.613,0.613,0.615,0.615,0.616,0.618,0.619,0.62,0.621,0.622,0.623,0.623,0.627,0.63,0.634,0,0,0,0,0,0,0,0,0,0,0,0,0,0,0,0,0,0.464,0.465,0.467,0.468,0.469,0.471,0.472,0.473,0.475,0.477,0.479,0.48,0.481,0.483,0.484,0,0,0,0,0,0.585,0.585,0.586,0.585,0.585,0.585,0.585,0.585,0.585,0.585,0.584,0.584,0.583,0.582,0.581,0.58,0.579,0.577,0.577,0.576,0.575,0.575,0.575,0.575,0.575,0,0,0,0,0,0,0,0,0,0,0,0,0,0,0,0,0,0,0,0,0,0,0.388,0.387,0.386,0.385,0.384,0.384,0.383,0.382,0.381,0.379,0.378,0.377,0.377,0.375,0.375,0.374,0.373,0.372,0.372,0.371,0.37,0.37,0.369,0.368,0.367,0.366,0.365,0.364,0.364,0.363,0.363,0.363,0.362,0.362,0.362,0.361,0.361,0.36,0.359,0.358,0.358,0.357,0.357,0.357,0.356,0.356,0.356,0.355,0.355,0.355,0.355,0.354,0,0.354,0.354,0.353,0.353,0.353,0.352,0.352,0.352,0.351,0.351,0.35,0.35,0.35,0.349,0.349,0.349,0.348,0.348,0.348,0.348,0.348,0.348,0.348,0.348,0.348,0.348,0.348,0.348,0.348,0.348,0.348,0.348,0.348,0.347,0.347,0.347,0.347,0.347,0.347,0.348,0.348,0.348,0.348,0.349,0.349,0.349,0.349,0.349,0.349,0.349,0.35,0.35,0.35,0.35,0.351,0.352,0.352,0.353,0.354,0.354,0.355,0.356,0.357,0.358,0.359,0.359,0.36,0.36,0.361,0.361,0.362,0.362,0.363,0.363,0.364,0.365,0.366,0.366,0,0.579,0.576,0.574,0.573,0.572,0.571,0.571,0.57,0.57,0.57,0.57,0.57,0.571,0.57,0.57,0.57,0.569,0.569,0.568,0.567,0.566,0.565,0.564,0.563,0.562,0.561,0.559,0.558,0.557,0.556,0.555,0.554,0.554,0.553,0.552,0.551,0.551,0.551,0.55,0.55,0.55,0.55,0.55,0.55,0.55,0.55,0.55,0.55,0.551,0.551,0.552,0.552,0.552,0.552,0.553,0.552,0.552,0.552,0.551,0.55,0.549,0.548,0.547,0.546,0.545,0.544,0.543,0.543,0.542,0.542,0.541,0.541,0.541,0.541,0.541,0.541,0.542,0.542,0.542,0.543,0.543,0.544,0.544,0.544,0.545,0.545,0.545,0.545,0.544,0.544,0.543,0.543,0.542,0.541,0.541,0.54,0.539,0.539,0.538,0.537,0.536,0.535,0.534,0.533,0.533,0.532,0.531,0.531,0,0,0,0,0,0,0,0,0,0,0.567,0.567,0.567,0.566,0.565,0.564,0.563,0.562,0.562,0.561,0.561,0.561,0.561,0.561,0.561,0.561,0.561,0.562,0.562,0.562,0.563,0.563,0.564,0.565,0.564,0.564,0.563,0.562,0.562,0.561,0.561,0.561,0.561,0.561,0.561,0,0,0,0,0,0,0,0,0,0,0,0,0,0,0,0,0,0,0,0,0,0,0,0,0,0.58,0.581,0.581,0.582,0.583,0.583,0,0,0,0,0,0,0,0,0,0,0,0,1.16,1.162,1.164,1.168,1.168,1.171,1.173,1.177,1.182,1.189,1.193,1.196,1.2,1.203,1.207,1.21,1.212,1.215,0,0,0,0,0,0,0,0,0,0,0,0,0,0,0,0,0,0,0,0,0,0,0,0
0,0,0,0,0,0,0,0,0,0,0,0,0,0,0,0,0,0,0,0,0,0,0,0,0,0,0,0,0,0,0,0,0,0,0,0,0.612,0.611,0.61,0.608,0.607,0.607,0.605,0.604,0.603,0.603,0.602,0.601,0.601,0.6,0.6,0.6,0.6,0.6,0.6,0.601,0.601,0.601,0.602,0.603,0.603,0.603,0.604,0.604,0.604,0.605,0.605,0.605,0.605,0.605,0.605,0.605,0.605,0.605,0.606,0.606,0.606,0.606,0.605,0.605,0.605,0.605,0.605,0.605,0.606,0.608,0.609,0.611,0.613,0.615,0.616,0.618,0.62,0.622,0.624,0.625,0.627,0.629,0.63,0.632,0.632,0.632,0.632,0.632,0.632,0.632,0.632,0.631,0.631,0.632,0.632,0.632,0.631,0.63,0.628,0.623,0,0,0.612,0.608,0.605,0.603,0.602,0.601,0.6,0.6,0.599,0.598,0.599,0.599,0.599,0.599,0.6,0.601,0.603,0.604,0.607,0.607,0.609,0.61,0.611,0.611,0.61,0.61,0.608,0.607,0.607,0.605,0.605,0.604,0.605,0.605,0.604,0.604,0.605,0.605,0.605,0.605,0.605,0.605,0.606,0.606,0.607,0.607,0.607,0.608,0.608,0.608,0.609,0.609,0.61,0.611,0.612,0.613,0.614,0.615,0.617,0.618,0.619,0.62,0.621,0.623,0.624,0.626,0,0,0,0,0,0,0,0,0,0,0,0,0,0,0,0,0,0.461,0.462,0.463,0.465,0.466,0.467,0.468,0.47,0.471,0.473,0.475,0.476,0.478,0.48,0.481,0.482,0,0,0,0,0.584,0.584,0.583,0.584,0.584,0.584,0.584,0.583,0.583,0.583,0.583,0.583,0.582,0.581,0.58,0.579,0.578,0.578,0.577,0.576,0.575,0.575,0.575,0.574,0.574,0.575,0.575,0,0,0,0,0,0,0,0,0,0,0,0,0,0,0,0,0,0,0.391,0.39,0.39,0.389,0.388,0.387,0.386,0.385,0.384,0.383,0.382,0.381,0.38,0.378,0.377,0.376,0.376,0.375,0.374,0.373,0.372,0.371,0.37,0.37,0.369,0.368,0.367,0.366,0.366,0.365,0.363,0.363,0.362,0.362,0.362,0.361,0.361,0.36,0.36,0.359,0.359,0.358,0.358,0.357,0.356,0.356,0.356,0.356,0.355,0.355,0.355,0.354,0.354,0.354,0.354,0.354,0.353,0.353,0.353,0.352,0.352,0.352,0.352,0.351,0.351,0.35,0.35,0.35,0.349,0.349,0.349,0.348,0.348,0.348,0.347,0.347,0.347,0.347,0.347,0.347,0.347,0.347,0.347,0.347,0.347,0.347,0.347,0.347,0.347,0.347,0.347,0.346,0.347,0.347,0.347,0.347,0.347,0.347,0.347,0.347,0.348,0.348,0.348,0.348,0.348,0.348,0.348,0.349,0.349,0.349,0.349,0.349,0.35,0.35,0.351,0.351,0.352,0.353,0.354,0.355,0.356,0.356,0.357,0.358,0.358,0.359,0.359,0.36,0.361,0.361,0.362,0.363,0.364,0.365,0.366,0.366,0,0.572,0.57,0.569,0.569,0.567,0.568,0.568,0.568,0.567,0.568,0.568,0.568,0.568,0.567,0.567,0.566,0.566,0.565,0.564,0.563,0.562,0.56,0.559,0.558,0.556,0.555,0.554,0.553,0.552,0.551,0.551,0.55,0.549,0.549,0.548,0.547,0.547,0.547,0.547,0.547,0.547,0.547,0.547,0.547,0.547,0.547,0.547,0.547,0.547,0.547,0.548,0.548,0.548,0.548,0.548,0.547,0.547,0.546,0.546,0.545,0.544,0.544,0.542,0.542,0.541,0.541,0.54,0.54,0.539,0.539,0.539,0.539,0.539,0.539,0.539,0.539,0.54,0.54,0.54,0.541,0.541,0.541,0.541,0.542,0.542,0.543,0.543,0.542,0.542,0.542,0.541,0.541,0.54,0.539,0.539,0.538,0.537,0.536,0.536,0.535,0.534,0.533,0.533,0.532,0.531,0.53,0.53,0.529,0,0,0,0,0,0,0,0,0,0,0,0.564,0.564,0.563,0.563,0.561,0.561,0.56,0.56,0.56,0.559,0.559,0.559,0.559,0.559,0.559,0.56,0,0,0,0,0.561,0.562,0.562,0,0,0,0,0.56,0.56,0.56,0.559,0.559,0.56,0.56,0,0,0,0,0,0,0,0,0,0,0,0,0,0,0,0,0,0,0,0,0,0.577,0.578,0.58,0.581,0.581,0.583,0.584,0.584,0,0,0,0,0,0,0,0,0,0,0,0,0,1.164,1.166,1.168,1.171,1.173,1.173,1.175,1.18,1.184,1.191,1.196,1.2,1.205,1.207,1.212,1.215,1.217,0,0,0,0,0,0,0,0,0,0,0,0,0,0,0,0,0,0,0,0,0,0,0,0,0
0,0,0,0,0,0,0,0,0,0,0,0,0,0,0,0,0,0,0,0,0,0,0,0,0,0,0,0,0,0,0,0,0,0,0,0,0.612,0.61,0.608,0.607,0.606,0.605,0.604,0.603,0.601,0.601,0.6,0.6,0.599,0.599,0.599,0.599,0.599,0.599,0.599,0.6,0.6,0.6,0.6,0.6,0.601,0.601,0.601,0.601,0.602,0.603,0.603,0.603,0.603,0.603,0.603,0.603,0.604,0.604,0.604,0.604,0.604,0.603,0.603,0.602,0.602,0.601,0.602,0.602,0.603,0.603,0.604,0.605,0.607,0.609,0.61,0.613,0.615,0.618,0.62,0.622,0.624,0.626,0.628,0.629,0.629,0.63,0.628,0.628,0.628,0.626,0.625,0.623,0.623,0.621,0.619,0.62,0,0,0,0,0,0,0.601,0.598,0.596,0.596,0.594,0.593,0.593,0.593,0.593,0.592,0.592,0.592,0.592,0.593,0.594,0.594,0.596,0.597,0.598,0.6,0.601,0.602,0.603,0.603,0.603,0.603,0.602,0.601,0.6,0.599,0.6,0.6,0.6,0.6,0.601,0.601,0.601,0.601,0.602,0.602,0.603,0.603,0.604,0.604,0.604,0.605,0.605,0.606,0.606,0.607,0.607,0.608,0.608,0.609,0.61,0.612,0.612,0.614,0.616,0.617,0.618,0.619,0.621,0,0,0,0,0,0,0,0,0,0,0,0,0,0,0.455,0.455,0.456,0.457,0.458,0.459,0.46,0.462,0.463,0.464,0.465,0.466,0.468,0.469,0.471,0.472,0.474,0.476,0.478,0.479,0,0,0,0,0.582,0.582,0.582,0.581,0.582,0.582,0.581,0.581,0.581,0.581,0.581,0.58,0.58,0.579,0.579,0.578,0.578,0.578,0.577,0.576,0.575,0.575,0.575,0.574,0.574,0.574,0.574,0.574,0.575,0,0,0,0,0,0,0,0,0,0,0,0,0,0,0,0,0,0,0.391,0,0,0,0.387,0.386,0.385,0.384,0.383,0.382,0.381,0.38,0.379,0.377,0.376,0.375,0.374,0.373,0.372,0.372,0.371,0.37,0.37,0.369,0.368,0.367,0.366,0.365,0.364,0.363,0.362,0.362,0.361,0.36,0.36,0.36,0.359,0,0.359,0.358,0.358,0.357,0.356,0.356,0.356,0.355,0.355,0.355,0.355,0.354,0.354,0.354,0.354,0.353,0.353,0.353,0.353,0.352,0.352,0.352,0.351,0.351,0.351,0.35,0.35,0.35,0.349,0.349,0.348,0.348,0.348,0.348,0.347,0.347,0.347,0.347,0.346,0.347,0.347,0.346,0.346,0.346,0.346,0.346,0.346,0.346,0.346,0.346,0.346,0.346,0.346,0.346,0.346,0.346,0.346,0.346,0.346,0.346,0.347,0.347,0.347,0.347,0.347,0.347,0.347,0.347,0.347,0.347,0.347,0.347,0.348,0.348,0.348,0.349,0.349,0.349,0.35,0.351,0.352,0.353,0.354,0.354,0.355,0.355,0.356,0.357,0.358,0.359,0.359,0.36,0.362,0.363,0.364,0.365,0.365,0.366,0.366,0,0,0.566,0.565,0.566,0.566,0.566,0.566,0.566,0.566,0.566,0.566,0.565,0.565,0.565,0.564,0.563,0.562,0.56,0.559,0.558,0.556,0.555,0.554,0.552,0.551,0.55,0.549,0.549,0.548,0.547,0.547,0.546,0.545,0.545,0.545,0.544,0.544,0.544,0.544,0.544,0.544,0.544,0.544,0.544,0.543,0.543,0.543,0.543,0.543,0.543,0.543,0.543,0.543,0.543,0.542,0.542,0.541,0.541,0.541,0.54,0.54,0.54,0.539,0.539,0.539,0.538,0.537,0.537,0.537,0.537,0.536,0.537,0.537,0.537,0.537,0.537,0.537,0.538,0.538,0.538,0.538,0.539,0.539,0.54,0.54,0.54,0.54,0.539,0.539,0.539,0.539,0.538,0.537,0.537,0.536,0.535,0.535,0.534,0.533,0.533,0.532,0.532,0.53,0.53,0.529,0.528,0.528,0.527,0,0,0,0,0.487,0.483,0.482,0.481,0.481,0.481,0,0,0,0,0,0,0.558,0.558,0.558,0.557,0.557,0.557,0.557,0,0,0,0,0,0,0,0,0,0,0,0,0,0,0,0,0.558,0.558,0,0,0,0,0,0,0,0,0,0,0,0,0,0,0,0,0,0,0,0,0,0,0,0,0,0,0.581,0.583,0.584,0.585,0.585,0,0,0,0,0,0,0,0,0,0,0,0,0,0,0,1.175,1.175,1.177,1.177,1.177,1.18,1.184,1.189,1.196,1.2,0,0,1.215,1.217,1.219,0,0,0,0,0,0,0,0,0,0,0,0,0,0,0,0,0,0,0,0,0,0,0,0,0,0
0,0,0,0,0,0,0,0,0,0,0,0,0,0,0,0,0,0,0,0,0,0,0,0,0,0,0,0,0,0,0,0,0,0,0,0,0,0.607,0.605,0.604,0.604,0.603,0.601,0.601,0.599,0.599,0.598,0.598,0.598,0.598,0.597,0.597,0.597,0.597,0.597,0.598,0.597,0.597,0.598,0.598,0.598,0.598,0.599,0.599,0.6,0.6,0.6,0.601,0.601,0.601,0.601,0.601,0.601,0.601,0.601,0.601,0.6,0.6,0.6,0.599,0.598,0.598,0.598,0.598,0.598,0.599,0.6,0.601,0.602,0.603,0.605,0.607,0.61,0.612,0.615,0.618,0.62,0.623,0.625,0.626,0.626,0.625,0.623,0.623,0.621,0.618,0.616,0.613,0.61,0.609,0.605,0.605,0.603,0.601,0,0,0,0,0.591,0.589,0.589,0.588,0.588,0.588,0.587,0.587,0.587,0.586,0.586,0.587,0.587,0.587,0.588,0.589,0.589,0.59,0.592,0.593,0.595,0.595,0.596,0.597,0.597,0.597,0.597,0.596,0.596,0.596,0.596,0.596,0.596,0.597,0.597,0.598,0.598,0.599,0.6,0.6,0.601,0.601,0.601,0.602,0.603,0.603,0.604,0.604,0.605,0.605,0.606,0.607,0.607,0.607,0.609,0.61,0.611,0.613,0.615,0.616,0.618,0,0,0,0,0,0,0,0,0,0,0,0,0,0.451,0.452,0.453,0.454,0.454,0.455,0.456,0.458,0.459,0.46,0.461,0.462,0.463,0.464,0.466,0.467,0.468,0.47,0.471,0.473,0.475,0,0,0,0.58,0.58,0,0.58,0.58,0.58,0.58,0.58,0.579,0.58,0.58,0.579,0.579,0.578,0.578,0.577,0.577,0.576,0.575,0.574,0.574,0.574,0.573,0.574,0.573,0.573,0.573,0.573,0.574,0.574,0.574,0.574,0,0,0,0,0,0,0,0,0,0,0,0,0,0,0,0,0.393,0.392,0.391,0.39,0,0.388,0.387,0.386,0.384,0.383,0.382,0.382,0.381,0.379,0.378,0.376,0.375,0.374,0.373,0.372,0.372,0.371,0.37,0.37,0.369,0.368,0.367,0.366,0.365,0.364,0.363,0.362,0.361,0.36,0.36,0.359,0.359,0.359,0.358,0,0.357,0.357,0.356,0.356,0.356,0.355,0.355,0.355,0.354,0.354,0.354,0.354,0.353,0.353,0.353,0.353,0.352,0.352,0.352,0.352,0.352,0.351,0.351,0.35,0.35,0.35,0.35,0.349,0.349,0.348,0.348,0.348,0.347,0.347,0.346,0.346,0.346,0.346,0.346,0.346,0.346,0.346,0.346,0.346,0.346,0.345,0.345,0.345,0.345,0.345,0.345,0.345,0.345,0.345,0.345,0.345,0.345,0.345,0.345,0.345,0.346,0.346,0.346,0.346,0.346,0.346,0.346,0.347,0.346,0.346,0.346,0.346,0.346,0.347,0.347,0.348,0.348,0.348,0.349,0.349,0.35,0.351,0.352,0.353,0.353,0.354,0.354,0.355,0.356,0.357,0.358,0.359,0.361,0.362,0.363,0.364,0.365,0.365,0.366,0.366,0.366,0,0.565,0.565,0.564,0.565,0.564,0.565,0.564,0.564,0.564,0.564,0.563,0.562,0.561,0.559,0.558,0.557,0.555,0.554,0.552,0.551,0.55,0.549,0.547,0.546,0.546,0.545,0.544,0.544,0.544,0.543,0.543,0.542,0.542,0.542,0.542,0.542,0.542,0.542,0.542,0.541,0.541,0.541,0.541,0.541,0.541,0.541,0.54,0.54,0.54,0.54,0.539,0.539,0.539,0.538,0.538,0.537,0.537,0.537,0.537,0.536,0.536,0.536,0.536,0.535,0.535,0.534,0.534,0.534,0.534,0.534,0.534,0.534,0.534,0.534,0.534,0.535,0.535,0.535,0.535,0.535,0.535,0.535,0.535,0.536,0.535,0.535,0.535,0.535,0.535,0.535,0.535,0.534,0.534,0.534,0.534,0.533,0.533,0.532,0.531,0.53,0.53,0.528,0.528,0.527,0.525,0.525,0,0,0,0,0.49,0.486,0.484,0.482,0.482,0.482,0.482,0.481,0,0,0,0,0,0,0,0,0,0,0,0,0,0,0,0,0,0,0,0,0,0,0,0,0,0,0,0,0,0,0,0,0,0,0,0,0,0,0,0,0,0,0,0,0,0,0,0,0,0,0,0,0,0,0,0.581,0.583,0.585,0.586,0,0,0,0,0,0,0,0,0,0,0,0,0,0,0,0,1.189,1.186,1.182,1.184,1.184,1.184,0,0,0,0,0,0,0,0,0,0,0,0,0,0,0,0,0,0,0,0,0,0,0,0,0,0,0,0,0,0,0,0,0,0,0
0,0,0,0,0,0,0,0,0,0,0,0,0,0,0,0,0,0,0,0,0,0,0,0,0,0,0,0,0,0,0,0,0,0,0,0,0,0,0.604,0.602,0.601,0.601,0.6,0.598,0.597,0.597,0.597,0.596,0.596,0.596,0.595,0.595,0.595,0.595,0.595,0.595,0.595,0.595,0.594,0.595,0.595,0.596,0.596,0.597,0.597,0.598,0.598,0.599,0.599,0.599,0.599,0.599,0.599,0.599,0.599,0.598,0.598,0.597,0.596,0.596,0.594,0.594,0.594,0.594,0.594,0.594,0.595,0.596,0.597,0.598,0.599,0.601,0.604,0.606,0.608,0.611,0.613,0.616,0.618,0.62,0.619,0.618,0.616,0.615,0.613,0.611,0.608,0,0,0.598,0.597,0.596,0.594,0.591,0.589,0.587,0.585,0.584,0.583,0.583,0.582,0.582,0.583,0.583,0.583,0.583,0.583,0.583,0.583,0.583,0.583,0.584,0.584,0.585,0.586,0.586,0.588,0.588,0.59,0.591,0.591,0.592,0.593,0.594,0.593,0.593,0.593,0.593,0.594,0.594,0.594,0.594,0.596,0.596,0.596,0.597,0.598,0.598,0.599,0.6,0.6,0.601,0.601,0.603,0.603,0.604,0.604,0.605,0.605,0.605,0.606,0.607,0.608,0.609,0.61,0.612,0,0,0,0,0,0,0,0,0,0,0,0,0,0.448,0.448,0.449,0.45,0.451,0.452,0.453,0.454,0.455,0.456,0.457,0.458,0.459,0.46,0.461,0.462,0.463,0.465,0.466,0.467,0.469,0.47,0.472,0,0,0,0,0.578,0.578,0.578,0.579,0.579,0.578,0.577,0.577,0.577,0.577,0.577,0.576,0.575,0.575,0.575,0.574,0.574,0.573,0.573,0.573,0.572,0.572,0.571,0.572,0.572,0.571,0.572,0.572,0.572,0.572,0.573,0,0,0,0,0,0,0,0,0,0,0,0,0,0,0,0,0,0.393,0.392,0.39,0.389,0.389,0.388,0.386,0.385,0.383,0.382,0.381,0.381,0.379,0.378,0.377,0,0.374,0.373,0.372,0.371,0.37,0.37,0.369,0.368,0.368,0.367,0.366,0.364,0.363,0.362,0.362,0.361,0.36,0.359,0.359,0.358,0.358,0.357,0.357,0.356,0.356,0.355,0.355,0.355,0.355,0.354,0.354,0.354,0.354,0.353,0.353,0.353,0.353,0.352,0.352,0.352,0.352,0.352,0.352,0.351,0.351,0.35,0.35,0.35,0.349,0.349,0.349,0,0,0,0,0.347,0.347,0.346,0.346,0.346,0.346,0.345,0.345,0.345,0.345,0.345,0.345,0.345,0.345,0.345,0.344,0.344,0.344,0.344,0.344,0.344,0.344,0.344,0.344,0.344,0.344,0.344,0.344,0.344,0.345,0.345,0.345,0.345,0.345,0.345,0.346,0.346,0.346,0.345,0.345,0.345,0.345,0.346,0.346,0.346,0.346,0.347,0.347,0.348,0.348,0.349,0.35,0.351,0.352,0.352,0.353,0.354,0.355,0.356,0.357,0.358,0.36,0.361,0.363,0.364,0.365,0.365,0.365,0.366,0.366,0.366,0,0.564,0.564,0.564,0.564,0.564,0.563,0.563,0.562,0.561,0.56,0.559,0.557,0.555,0.554,0.552,0.551,0.55,0.548,0.547,0.546,0.544,0.544,0.543,0.542,0.542,0.541,0.541,0.541,0.541,0.54,0.54,0.54,0.54,0.54,0.54,0.54,0.54,0.539,0.539,0.539,0.539,0.539,0.539,0.538,0.538,0.538,0.537,0.537,0.536,0.536,0.536,0.535,0.535,0.534,0.534,0.534,0.534,0.534,0.534,0.533,0.533,0.533,0.533,0.533,0.532,0.532,0.532,0.532,0.532,0.532,0.532,0.532,0.532,0.532,0.533,0.533,0.533,0.532,0.532,0.532,0.532,0.531,0.531,0.531,0.531,0.53,0.531,0.531,0.531,0.531,0.531,0.532,0.532,0.532,0.531,0.531,0.53,0.53,0.529,0.528,0.527,0.526,0.524,0.523,0.523,0.518,0,0,0,0.492,0.488,0.486,0.484,0.483,0.482,0.482,0.481,0.481,0,0,0,0,0,0,0,0,0,0,0,0,0,0,0,0,0,0,0,0,0,0,0,0,0,0,0,0,0,0,0,0,0,0,0,0,0,0,0,0,0,0,0,0,0,0,0,0,0,0,0,0,0,0,0.584,0,0,0,0,0,0,0,0,0,0,0,0,0,0,0,0,0,0,0,0,0,0,0,0,0,0,0,0,0,0,0,0,0,0,0,0,0,0,0,0,0,0,0,0,0,0,0,0,0,0,0,0,0,0,0,0,0,0,0,0
0,0,0,0,0,0,0,0,0,0,0,0,0,0,0,0,0,0,0,0,0,0,0,0,0,0,0,0,0,0,0,0,0,0,0,0,0,0,0,0,0,0.597,0.597,0.596,0.594,0.594,0.594,0.593,0.594,0.593,0.593,0.593,0.593,0.592,0.592,0.592,0.592,0.591,0.591,0.591,0.592,0.593,0.593,0.594,0.594,0.596,0.596,0.597,0.597,0.597,0.597,0.596,0.596,0.596,0.595,0.594,0.593,0.593,0.592,0.591,0.59,0.59,0.59,0.589,0.589,0.59,0.59,0.59,0.591,0.592,0.593,0.594,0.597,0.6,0.602,0.605,0.607,0.609,0.611,0.613,0.612,0.61,0.609,0.608,0.606,0.604,0.601,0,0.594,0.592,0.589,0.588,0.586,0.583,0.581,0.58,0.579,0.578,0.578,0.578,0.577,0.578,0.579,0.579,0.579,0.579,0.579,0.579,0.58,0.58,0.58,0.581,0.581,0.582,0.584,0.584,0.585,0.586,0.587,0.588,0.589,0.589,0.59,0.59,0.591,0.591,0.591,0.591,0.592,0.592,0.593,0.593,0.594,0.594,0.595,0.596,0.597,0.597,0.597,0.598,0.599,0.6,0.6,0.601,0.602,0.603,0.604,0.604,0.604,0.605,0.605,0.606,0.607,0,0,0,0,0,0,0,0,0,0,0,0,0,0,0.445,0.445,0.446,0.447,0.448,0.449,0.45,0.451,0.452,0.453,0.454,0.455,0.456,0.457,0.459,0.459,0.46,0.461,0.463,0.464,0.465,0.467,0,0,0,0,0.576,0.576,0.576,0.576,0.577,0.577,0.577,0.577,0.575,0.576,0.575,0.574,0.574,0.573,0.573,0.573,0.572,0.572,0.572,0.571,0.571,0.571,0.571,0.57,0.57,0.57,0.57,0.57,0.57,0.57,0.571,0.571,0.571,0.571,0,0,0,0,0,0,0,0,0,0,0,0,0,0,0,0,0,0.392,0.391,0.39,0.389,0.388,0.387,0.386,0.384,0.382,0.381,0.38,0.379,0.378,0.377,0.375,0.374,0.372,0.372,0.371,0.37,0.37,0.369,0.368,0.367,0.366,0.365,0.364,0.363,0.362,0.361,0.36,0.36,0.359,0.358,0.358,0.358,0.357,0.356,0.356,0.355,0.355,0.355,0.354,0.354,0.354,0.353,0.353,0.353,0.353,0.353,0.352,0.352,0.352,0.352,0.352,0.351,0.351,0.351,0.351,0.35,0.35,0.349,0.349,0.349,0.349,0.348,0.348,0.347,0,0,0,0.346,0.346,0.346,0.346,0.345,0.345,0.345,0.345,0.345,0.345,0.345,0.344,0.344,0.344,0.344,0.344,0.343,0.343,0.343,0.343,0.343,0.343,0.343,0.343,0.343,0.343,0.343,0.343,0.343,0.344,0.344,0.344,0.344,0.344,0.344,0.345,0.345,0.345,0.345,0.344,0.344,0.344,0.344,0.345,0.345,0.345,0.345,0.346,0.346,0.346,0.348,0.348,0.349,0.35,0.351,0.351,0.352,0.353,0.354,0.356,0.357,0.359,0.36,0.362,0.363,0.364,0.365,0.365,0.365,0.365,0.365,0.365,0,0,0.563,0.562,0.562,0.562,0.561,0.56,0.559,0.557,0.555,0.553,0.551,0.549,0.548,0.546,0.545,0.544,0.543,0.542,0.541,0.54,0.54,0.539,0.539,0.538,0.538,0.538,0.538,0.537,0.537,0.537,0.537,0.537,0.537,0.537,0.537,0.537,0.537,0.536,0.536,0.536,0.536,0.536,0.535,0.535,0.534,0.534,0.534,0.533,0.533,0.533,0.532,0.532,0.531,0.531,0.531,0.531,0.531,0.53,0.53,0.53,0.53,0.529,0.529,0.529,0.529,0.529,0.529,0.529,0.53,0.53,0.53,0.53,0.53,0.53,0.53,0.529,0.529,0.528,0.528,0.528,0.527,0.527,0.526,0.526,0.526,0.526,0.526,0.527,0.527,0.528,0.528,0.528,0.528,0.528,0.527,0.527,0.527,0.526,0.525,0.524,0.523,0.522,0.521,0.516,0,0,0,0.494,0.49,0.488,0.485,0.484,0.483,0.482,0.481,0.481,0,0,0,0,0,0,0,0,0,0,0,0,0,0,0,0,0,0,0,0,0,0,0,0,0,0,0,0,0,0,0,0,0,0,0,0,0,0,0,0,0,0,0,0,0,0,0,0,0,0,0,0,0,0,0,0,0,0,0,0,0,0,0,0,0,0,0,0,0,0,0,0,0,1.247,1.239,0,0,0,0,0,0,0,0,0,0,0,0,0,0,0,0,0,0,0,0,0,0,0,0,0,0,0,0,0,0,0,0,0,0,0,0,0,0,0,0
0,0,0,0,0,0,0,0,0,0,0,0,0,0,0,0,0,0,0,0,0,0,0,0,0,0,0,0,0,0,0,0,0,0,0,0,0,0,0,0,0,0.594,0.594,0.593,0.592,0.591,0.591,0.591,0.591,0.591,0.59,0.59,0.59,0.589,0.589,0.589,0.589,0.588,0.588,0.588,0.588,0.589,0.589,0.59,0.591,0.592,0.593,0.593,0.593,0.593,0.593,0.592,0.592,0.591,0.59,0.59,0.589,0.589,0.588,0.587,0.586,0.587,0.586,0.586,0.585,0.585,0.585,0.585,0.585,0.586,0.586,0.588,0.59,0.592,0.595,0.597,0.599,0.601,0.603,0.605,0.604,0.603,0.601,0.6,0,0.596,0.593,0.591,0.587,0.585,0.584,0.582,0.58,0.578,0.577,0.575,0.575,0.574,0.574,0.574,0.574,0.575,0.575,0.576,0.576,0.576,0.577,0.577,0.577,0.578,0.578,0.579,0.58,0.58,0.581,0.582,0.583,0.584,0.585,0.585,0.586,0.587,0.588,0.588,0.588,0.589,0.589,0.59,0.59,0.59,0.591,0.592,0.593,0.593,0.594,0.594,0.595,0.596,0.596,0.597,0.598,0.599,0.599,0.6,0.601,0.603,0.603,0.603,0.604,0.604,0.604,0,0,0,0,0,0,0,0,0,0,0,0,0,0,0.442,0.443,0.443,0.444,0.445,0.446,0.447,0.448,0.449,0.45,0.451,0.452,0.454,0.455,0.456,0.457,0.458,0.459,0.46,0.461,0.462,0,0,0,0,0,0,0,0.574,0.575,0.575,0.575,0.575,0.575,0.574,0.574,0.574,0.573,0.573,0.572,0.571,0.571,0.57,0.57,0.57,0.569,0.569,0.569,0.568,0.568,0.568,0.568,0.568,0.568,0.569,0.569,0.569,0.57,0.57,0,0,0,0,0,0,0,0,0,0,0,0,0,0,0,0,0,0.394,0,0.392,0.391,0.39,0.388,0.387,0.387,0.386,0.384,0.383,0.381,0.38,0.379,0.378,0.377,0.375,0.374,0.372,0.372,0.371,0.37,0.369,0.368,0.368,0.367,0.366,0.365,0,0.363,0.362,0.361,0.36,0.359,0.359,0.358,0.357,0.357,0.356,0.356,0.355,0.355,0.354,0.354,0.354,0.353,0.353,0.353,0.352,0.352,0.352,0.352,0.352,0.352,0.352,0.351,0.351,0.351,0.351,0.351,0.35,0.35,0,0,0,0,0.348,0.348,0.347,0.347,0.347,0.346,0.346,0.346,0.346,0.346,0.345,0.345,0.345,0.344,0.344,0.344,0.344,0.344,0.344,0.344,0.344,0.343,0.343,0.343,0.342,0.342,0.342,0.342,0.342,0.342,0.342,0.342,0.342,0.342,0.342,0.342,0.342,0.343,0.343,0.343,0.343,0.344,0.344,0.344,0.344,0.344,0.344,0.344,0.344,0.344,0.344,0.344,0.344,0.344,0.344,0.344,0.345,0.345,0.346,0.347,0.348,0.348,0.349,0.35,0.351,0.352,0.353,0.354,0.356,0.358,0.359,0.361,0.363,0.364,0.364,0.365,0.365,0.365,0.365,0.365,0.365,0.366,0,0.562,0.561,0.561,0.56,0.558,0.556,0.553,0.551,0.549,0.546,0.545,0.543,0.542,0.541,0.54,0.54,0.539,0.538,0.537,0.537,0.536,0.536,0.536,0.535,0.535,0.535,0.535,0.535,0.535,0.534,0.534,0.534,0.534,0.534,0.534,0.534,0.534,0.533,0.533,0.533,0.533,0.532,0.532,0.532,0.531,0.531,0.53,0.53,0.529,0.529,0.529,0.528,0.528,0.528,0.527,0.527,0.527,0.527,0.527,0.526,0.526,0.526,0.526,0.527,0.527,0.527,0.528,0.528,0.528,0.528,0.528,0.528,0.528,0.528,0.527,0.526,0.525,0.525,0.523,0.523,0.522,0.522,0.522,0.522,0.522,0.522,0.522,0.523,0.523,0.524,0.524,0.524,0.524,0.524,0.524,0.524,0.523,0.522,0.521,0.52,0.519,0.519,0.515,0.51,0.505,0,0,0,0.489,0.487,0.486,0.484,0.483,0.482,0.48,0.479,0,0,0,0,0,0,0,0,0,0,0,0,0,0,0,0,0,0,0,0,0,0,0,0,0,0,0,0,0,0,0,0,0,0,0,0,0,0,0,0,0,0,0,0,0,0,0,0,0,0,0,0,0,0,0,0,0,0,0,0,0,0,0,0,0,0,0,0,0,1.278,0,0,1.267,1.267,0,0,0,0,0,0,0,0,0,0,0,0,0,0,0,0,0,0,0,0,0,0,0,0,0,0,0,0,0,0,0,0,0,0,0,0,0,0,0,0
0,0,0,0,0,0,0,0,0,0,0,0,0,0,0,0,0,0,0,0,0,0,0,0,0,0,0,0,0,0,0,0,0,0,0,0,0,0,0,0,0.591,0.591,0.59,0.59,0.589,0.589,0.589,0.589,0.589,0.589,0.589,0.588,0.588,0.588,0.587,0.586,0.586,0.585,0.585,0.585,0.585,0.585,0.586,0.586,0.588,0.588,0.589,0.589,0.589,0.589,0.588,0.588,0.587,0.586,0.586,0.586,0.585,0.585,0.584,0.584,0.583,0.583,0.583,0.583,0.582,0.581,0.581,0.582,0.581,0.581,0.582,0.583,0.585,0.586,0.589,0.59,0.592,0.594,0.596,0.596,0.596,0.594,0.593,0,0.591,0.59,0.587,0.585,0.583,0.582,0.58,0.579,0.578,0.577,0.575,0.574,0.574,0.573,0.573,0.573,0.572,0.573,0.573,0.573,0.573,0.573,0.574,0.574,0.575,0.575,0.576,0.577,0.578,0.579,0.579,0.58,0.581,0.581,0.583,0.583,0.584,0.585,0.585,0.585,0.586,0.586,0.586,0.587,0.588,0.588,0.589,0.59,0.591,0.591,0.592,0.593,0.593,0.594,0.595,0.596,0.597,0.597,0.598,0.6,0.601,0.601,0.602,0.603,0.603,0,0,0,0,0,0,0,0,0,0,0,0,0,0,0.439,0.44,0.441,0.441,0.442,0.443,0.444,0.445,0.446,0.447,0.448,0.449,0.45,0.451,0.452,0.453,0.454,0.455,0.456,0.458,0.459,0.46,0,0,0,0,0,0.571,0,0.572,0.573,0.573,0.574,0.574,0.573,0.574,0.573,0.572,0.571,0.571,0.57,0.569,0.569,0.568,0.567,0.567,0.566,0.566,0.566,0.566,0.566,0.566,0.566,0.566,0.566,0.567,0.567,0.567,0.568,0.569,0.569,0,0,0,0,0,0,0,0,0,0,0,0,0,0,0,0,0,0.393,0.392,0.391,0.39,0.389,0.387,0.387,0.386,0.385,0.383,0.382,0.38,0.379,0.378,0.377,0.375,0.374,0.373,0.372,0.371,0.37,0.369,0.368,0.368,0.367,0.366,0.365,0.364,0.363,0.361,0.36,0.359,0.359,0.358,0.358,0.357,0.356,0.356,0.356,0.355,0.354,0.354,0.353,0.353,0.352,0.352,0.352,0.351,0.351,0.351,0.351,0.351,0.351,0.351,0.35,0.35,0.35,0.35,0.35,0.35,0.35,0.349,0,0,0,0,0.347,0.347,0.346,0.346,0.346,0.345,0.345,0.345,0.344,0.344,0.344,0.344,0.344,0.344,0.344,0.344,0.343,0.343,0.343,0.343,0.343,0.342,0.342,0.342,0.341,0.341,0.341,0.341,0.341,0.341,0.341,0.341,0.341,0.341,0.341,0.341,0.341,0.341,0.342,0.342,0.342,0.343,0.343,0.343,0.343,0.343,0.343,0.343,0.343,0.343,0.343,0.343,0.343,0.343,0.343,0.343,0.344,0.344,0.345,0.345,0.346,0.347,0.348,0.349,0.349,0.35,0.351,0.352,0.354,0.355,0.357,0.359,0.362,0.363,0.364,0.364,0.365,0.365,0.365,0.365,0.365,0.365,0.365,0,0.56,0.559,0.557,0.554,0.551,0.548,0.546,0.544,0.541,0.541,0.539,0.538,0.537,0.537,0.536,0.535,0.534,0.534,0.533,0.533,0.533,0.533,0.533,0.533,0.533,0.533,0.533,0.533,0.533,0.532,0.532,0.532,0.532,0.532,0.532,0.531,0.531,0.531,0.531,0.53,0.53,0.529,0.529,0.529,0.528,0.528,0.528,0.527,0.526,0.526,0.525,0.525,0.524,0.524,0.523,0.523,0.523,0.523,0.523,0.523,0.523,0.523,0.523,0.524,0.524,0.525,0.525,0.525,0.525,0.525,0.525,0.525,0.525,0.524,0.523,0.522,0.521,0.52,0.519,0.518,0.518,0.517,0.517,0.517,0.517,0.518,0.519,0.519,0.52,0.52,0.52,0.52,0.52,0.52,0.52,0.52,0.519,0.519,0.518,0.516,0.516,0.513,0.51,0.506,0,0.498,0.494,0.492,0.489,0.488,0.486,0.485,0.483,0.48,0.478,0.475,0,0,0,0,0,0,0,0,0,0,0,0,0,0,0,0,0,0,0,0,0,0,0,0,0,0,0,0,0,0,0,0.527,0,0,0,0,0,0,0,0,0,0,0,0,0,0,0,0,0,0,0,0,0,0,0,0,0,0,0,0,0,0,0,1.283,1.286,1.288,1.291,1.288,1.283,1.283,0,1.286,1.286,0,0,0,0,0,0,0,0,0,0,0,0,0,0,0,0,0,0,0,0,0,0,0,0,0,0,0,0,0,0,0,0,0,0,0,0,0,0,0,0
0,0,0,0,0,0,0,0,0,0,0,0,0,0,0,0,0,0,0,0,0,0,0,0,0,0,0,0,0,0,0,0,0,0,0,0,0,0,0,0,0.589,0.588,0.588,0.587,0.586,0.586,0.586,0.586,0.585,0.585,0.585,0.585,0.584,0.584,0.583,0.583,0.582,0.581,0.581,0.581,0.581,0.581,0.582,0.583,0.584,0.585,0.585,0.585,0.585,0.585,0.584,0.584,0.583,0.583,0.582,0.581,0.581,0.58,0.58,0.58,0.58,0.58,0.579,0.579,0.579,0.579,0.578,0.578,0.578,0.578,0.578,0.579,0.58,0.581,0.583,0.584,0.585,0.586,0.588,0.589,0.588,0.588,0.587,0.586,0.586,0.585,0.583,0.581,0.579,0.579,0.577,0.576,0.575,0.575,0.574,0.573,0.573,0.572,0.572,0.571,0.571,0.571,0.571,0.571,0.571,0.571,0.571,0.571,0.572,0.572,0.573,0.574,0.575,0.577,0.578,0.579,0.58,0.581,0.581,0.582,0.582,0.583,0.583,0.583,0.584,0.584,0.584,0.585,0.585,0.586,0.588,0.589,0.589,0.59,0.591,0.591,0.592,0.593,0.594,0.595,0.596,0.597,0.598,0.599,0.6,0.601,0.602,0,0,0,0,0,0,0,0,0,0,0,0,0,0,0.436,0.437,0.438,0.438,0.44,0.441,0.441,0.442,0.443,0.444,0.445,0.446,0.447,0.448,0.448,0.449,0.45,0.451,0.453,0.455,0.456,0.457,0.458,0.459,0,0,0,0,0.567,0.569,0.57,0.571,0.571,0.571,0.572,0.571,0.572,0.57,0.57,0.569,0.569,0.567,0.567,0.566,0.565,0.565,0.564,0.564,0.564,0.563,0.564,0.564,0.564,0.564,0.564,0.565,0.565,0.565,0.566,0.567,0.567,0.568,0,0,0,0,0,0,0,0,0,0,0,0,0,0,0,0,0,0,0.391,0.39,0,0.388,0.387,0.386,0.385,0.384,0.383,0.382,0.38,0.379,0.378,0.377,0.375,0.374,0.373,0.372,0.371,0.37,0.369,0.368,0.368,0.367,0.366,0.365,0.363,0.362,0.361,0.36,0.359,0.358,0.357,0.357,0.356,0.356,0.355,0.355,0.354,0.354,0.353,0.353,0.352,0.352,0.351,0.351,0.351,0.351,0.35,0.35,0.35,0.35,0.35,0.35,0.35,0.349,0.349,0.349,0.349,0.349,0.349,0.348,0.348,0,0,0.347,0.346,0.346,0.346,0.346,0.345,0.345,0.344,0.344,0.344,0.344,0.344,0.344,0.343,0.343,0.343,0.343,0.343,0.342,0.342,0.342,0.342,0.341,0.341,0.341,0.34,0.34,0.34,0.34,0.34,0.34,0.34,0.34,0.34,0.34,0.34,0.34,0.34,0.341,0.341,0.341,0.342,0.342,0.342,0.342,0.342,0.342,0.342,0.342,0.342,0.342,0.342,0.343,0.342,0.342,0.342,0.343,0.343,0.343,0.344,0.344,0.345,0.346,0.347,0.348,0.348,0.349,0.35,0.351,0,0.353,0.355,0.357,0.359,0.36,0.361,0.362,0.363,0.363,0.364,0.364,0.364,0.365,0.365,0.365,0,0,0,0,0,0,0.541,0.539,0.537,0.535,0.534,0.534,0.533,0.533,0.533,0.532,0.532,0.531,0.531,0.531,0.531,0.531,0.531,0.531,0.531,0.531,0.531,0.531,0.53,0.53,0.53,0.53,0.529,0.529,0.529,0.529,0.528,0.528,0.528,0.528,0.527,0.527,0.526,0.526,0.526,0.525,0.525,0.524,0.523,0.523,0.522,0.522,0.521,0.52,0.52,0.519,0.519,0.519,0.519,0.519,0.519,0.52,0.52,0.521,0.522,0.522,0.523,0.523,0.523,0.523,0.523,0.523,0.522,0.521,0.52,0.519,0.518,0.517,0.516,0.515,0.514,0.514,0.513,0.513,0.513,0.514,0.514,0.515,0.516,0.516,0.516,0.516,0.516,0.516,0.516,0.516,0.516,0.516,0.515,0.514,0.513,0.511,0.509,0.506,0.502,0.499,0.496,0,0.491,0.489,0.488,0.486,0.484,0.481,0.478,0.473,0.469,0,0,0,0,0,0,0,0,0,0,0,0,0,0,0,0,0,0,0,0,0,0,0,0,0,0,0,0,0,0.521,0.523,0.526,0.528,0.528,0.529,0.529,0,0.531,0.532,0.534,0,0,0,0,0,0,0,0,0,0,0,0,0,0,0,0,0,0,0,0,0,1.288,1.286,1.288,1.291,1.294,1.291,1.288,1.291,0,1.299,1.305,0,0,0,0,0,0,0,0,0,0,0,0,0,0,0,0,0,0,0,0,0,0,0,0,0,0,0,0,0,0,0,0,0,0,0,0,0,0,0,0
0,0,0,0,0,0,0,0,0,0,0,0,0,0,0,0,0,0,0,0,0,0,0,0,0,0,0,0,0,0,0,0,0,0,0,0,0,0,0,0.586,0.586,0.586,0.586,0.585,0.585,0.584,0.584,0.583,0.583,0.583,0.582,0.581,0.581,0.58,0.58,0.579,0.578,0.578,0.577,0.577,0.578,0.577,0.578,0.578,0.579,0.579,0.58,0.58,0.58,0.579,0.579,0.578,0.578,0.578,0.578,0.578,0.577,0.577,0.577,0.577,0.576,0.577,0.577,0.577,0.576,0.576,0.576,0.576,0.575,0.575,0.575,0.576,0.576,0.578,0.578,0.579,0.581,0.581,0.583,0.584,0.583,0.583,0.583,0.583,0.582,0.58,0.579,0.578,0.577,0.576,0.575,0.574,0.574,0.573,0.572,0.572,0.572,0.571,0.571,0.57,0.57,0.569,0.568,0.568,0.567,0.568,0.568,0.568,0.569,0.569,0.57,0.571,0.572,0.573,0.574,0.576,0.578,0.578,0.579,0.58,0.581,0.581,0.582,0.582,0.582,0.583,0.583,0.583,0.584,0.584,0.585,0.586,0.588,0.589,0.59,0.59,0.591,0.593,0.593,0.594,0.595,0.597,0.598,0.598,0.6,0,0,0,0,0,0,0,0,0,0,0,0,0,0.434,0.434,0.435,0.435,0.436,0.436,0.438,0.438,0.44,0.44,0.441,0.441,0.442,0.443,0.444,0.445,0.446,0.447,0.448,0.449,0.45,0.452,0.453,0.455,0.456,0,0,0,0,0.564,0.565,0.566,0.567,0.569,0.569,0.57,0.569,0.569,0.569,0.569,0.567,0.567,0.566,0.565,0.565,0.564,0.563,0.563,0.562,0.562,0.562,0.561,0.561,0.561,0.562,0.562,0.562,0.562,0.563,0.564,0.564,0.566,0.566,0.567,0,0,0,0,0,0,0,0,0,0,0,0,0,0,0,0,0,0,0.39,0.389,0.388,0.388,0.387,0.386,0.385,0.384,0.383,0.381,0.38,0.379,0.378,0.377,0.376,0.375,0.373,0.372,0.371,0.37,0.37,0.369,0.368,0.367,0.366,0.365,0.363,0.362,0.361,0.36,0.359,0.358,0.357,0.356,0.356,0.355,0.355,0.354,0.354,0.354,0.353,0.352,0.352,0.351,0.351,0.35,0.35,0.35,0.35,0.35,0.349,0.349,0.349,0.349,0.349,0.349,0,0,0,0.348,0.348,0.348,0.347,0.347,0.347,0.346,0.346,0.346,0.346,0.346,0.345,0.345,0.344,0.344,0.343,0.343,0.343,0.343,0.342,0.342,0.342,0.342,0.342,0.342,0.341,0.341,0.34,0.34,0.34,0.34,0.34,0.339,0.339,0.339,0.339,0.339,0.339,0.339,0.339,0.339,0.339,0.339,0.34,0.34,0.34,0.34,0.34,0.341,0.341,0.341,0.341,0.341,0.341,0.342,0.341,0.342,0.342,0.342,0.342,0.342,0.342,0.342,0.342,0.342,0.343,0.343,0.344,0.344,0.345,0.346,0.346,0.347,0.348,0.348,0.349,0,0,0,0,0,0.357,0.359,0.36,0.361,0.362,0.362,0.363,0.363,0.364,0.364,0.365,0.365,0,0,0,0,0,0.536,0.534,0.533,0.532,0.532,0.531,0.531,0.53,0.53,0.529,0.529,0.529,0.529,0.529,0.529,0.529,0.529,0.529,0.529,0.529,0.528,0.528,0.528,0.528,0.528,0.528,0.527,0.527,0.527,0.526,0.526,0.525,0.525,0.525,0.524,0.524,0.523,0.523,0.523,0.522,0.522,0.521,0.52,0.52,0.519,0.518,0.518,0.517,0.516,0.516,0.515,0.516,0.516,0.516,0.516,0.517,0.518,0.519,0.519,0.519,0.52,0.52,0.52,0.52,0.52,0.52,0.519,0.518,0.518,0.517,0.516,0.514,0.513,0.513,0.511,0.51,0.51,0.51,0.509,0.51,0.51,0.51,0.511,0.511,0.511,0.512,0.511,0.512,0.512,0.512,0.512,0.511,0.511,0.51,0.51,0.508,0.507,0.505,0.503,0.5,0.498,0.496,0,0,0.49,0.488,0,0.481,0.478,0.473,0.468,0.466,0.464,0.464,0.467,0,0,0,0,0,0,0,0,0.512,0.512,0.512,0,0,0,0,0,0,0,0,0,0,0,0,0.514,0.516,0.519,0.521,0.523,0.525,0.526,0.528,0,0.53,0.532,0.534,0,0,0,0,0.551,0.553,0,0,0,0,0,0,0,0,0,0,0,0,0,0,0,0,1.297,1.294,1.291,1.297,1.297,1.297,1.294,1.297,1.299,1.302,1.31,1.316,1.31,0,0,0,0,0,0,0,0,0,0,0,0,0,0,0,0,0,0,0,0,0,0,0,0,0,0,0,0,0,0,0,0,0,0,0,0,0,0
0,0,0,0,0,0,0,0,0,0,0,0,0,0,0,0,0,0,0,0,0,0,0,0,0,0,0,0,0,0,0,0,0,0,0,0,0,0,0,0,0,0.584,0.584,0.583,0.583,0.582,0.581,0.58,0.58,0.58,0.579,0.578,0.578,0.577,0.577,0.575,0.575,0.574,0.574,0.573,0.574,0.573,0.574,0.574,0.574,0.574,0.574,0.574,0.574,0.574,0.573,0.574,0.573,0.573,0.573,0.573,0.573,0.573,0.573,0.573,0.573,0.573,0.573,0.573,0.573,0.573,0.573,0.573,0.572,0.572,0.573,0.573,0.573,0.574,0.574,0.575,0.577,0.577,0.578,0.578,0.578,0.578,0.578,0.578,0.577,0.577,0.575,0.575,0.574,0.574,0.573,0.572,0.572,0.571,0.571,0.57,0.57,0.569,0.569,0.568,0.567,0.567,0.566,0.565,0.565,0.565,0.565,0.564,0.565,0.565,0.565,0.566,0.568,0.569,0.57,0.572,0.573,0.575,0.576,0.578,0.579,0.58,0.58,0.58,0.581,0.581,0.581,0.581,0.582,0.583,0.584,0.585,0.586,0.588,0.589,0.589,0.591,0.591,0.593,0.594,0.595,0.596,0.597,0,0,0,0,0,0,0,0,0,0,0,0,0,0.432,0.432,0.433,0.433,0.434,0.435,0.435,0.436,0.437,0.437,0.438,0.439,0.439,0.44,0.441,0.441,0.442,0.443,0.444,0.445,0.446,0.448,0.449,0.45,0.452,0,0,0,0,0.56,0.561,0.563,0.564,0.565,0.566,0.566,0.567,0.567,0.567,0.567,0.566,0.566,0.566,0.565,0.564,0.563,0.562,0.562,0.561,0.56,0.56,0.56,0.56,0.56,0.559,0.56,0.56,0.56,0.561,0.562,0.562,0.563,0.563,0.564,0.565,0.567,0,0,0,0,0,0,0,0,0,0,0,0,0,0,0,0,0,0,0,0.388,0.387,0,0.386,0.385,0.383,0.382,0.381,0.38,0.379,0.377,0.377,0.376,0.375,0.374,0.373,0.372,0.371,0.37,0.369,0.368,0.367,0.366,0.365,0.363,0.362,0.361,0.36,0.359,0.358,0.357,0.356,0.355,0.355,0.355,0.354,0.354,0.353,0.353,0.352,0.351,0.35,0.35,0.349,0.349,0.349,0.349,0.349,0.349,0.348,0.349,0.348,0.348,0.348,0.348,0,0,0,0.347,0.347,0.347,0.346,0.346,0.346,0.346,0.345,0.345,0.345,0.345,0.345,0.344,0.344,0.343,0.343,0.342,0.342,0.342,0.342,0.341,0.341,0.341,0.341,0.341,0.34,0.34,0.34,0.339,0.339,0.339,0.339,0.338,0.338,0.338,0.338,0.338,0.338,0.338,0.338,0.338,0.338,0.338,0.339,0.339,0.339,0.339,0.34,0.34,0.34,0.34,0.34,0.34,0.34,0.34,0.341,0.341,0.341,0.341,0.341,0.341,0.341,0.341,0.341,0.342,0.342,0.342,0.343,0.343,0.344,0.344,0.345,0.345,0.346,0.346,0.347,0.347,0,0,0,0,0.354,0.356,0.358,0,0,0.361,0.362,0.362,0.363,0.363,0.364,0.364,0.365,0,0,0,0,0.533,0.532,0.531,0.53,0.529,0.529,0.528,0.528,0.528,0.528,0.527,0.527,0.528,0.528,0.528,0.527,0.527,0.527,0.527,0.527,0.526,0.526,0.526,0.526,0.525,0.525,0.524,0.524,0.523,0.523,0.523,0.522,0.522,0.521,0.521,0.521,0.52,0.52,0.519,0.519,0.519,0.518,0.517,0.517,0.516,0.516,0.515,0.514,0.513,0.513,0.513,0.513,0.513,0.513,0.514,0.515,0.516,0.516,0.517,0.517,0.518,0.518,0.518,0.518,0.518,0.517,0.516,0.516,0.515,0.514,0.513,0.512,0.511,0.51,0.509,0.508,0.508,0.507,0.507,0.506,0.506,0.506,0.507,0.507,0.507,0.507,0.507,0.507,0.507,0.508,0.508,0.507,0.507,0.507,0.507,0.506,0.505,0.504,0.502,0.5,0.498,0.497,0.495,0,0.492,0.49,0,0,0,0.473,0.468,0.466,0.464,0.464,0,0,0,0,0,0,0,0,0,0.511,0.511,0.511,0.51,0.51,0.51,0.509,0.509,0.509,0.509,0.509,0.509,0.51,0.51,0.512,0.512,0.515,0.516,0.519,0.521,0.523,0.524,0.526,0.528,0.531,0.534,0,0,0,0,0,0.552,0.555,0,0,0,0,0,0,0,0,0,0,0,0,0,0,1.31,1.308,1.299,1.297,1.297,1.299,1.302,1.299,1.299,1.305,1.308,1.313,1.319,1.324,1.322,0,0,0,0,0,0,0,0,0,0,0,0,0,0,0,0,0,0,0,0,0,0,0,0,0,0,0,0,0,0,0,0,0,0,0,0,0,0
0,0,0,0,0,0,0,0,0,0,0,0,0,0,0,0,0,0,0,0,0,0,0,0,0,0,0,0,0,0,0,0,0,0,0,0,0,0,0,0,0,0.583,0.582,0.581,0.58,0.58,0.579,0.578,0.577,0.577,0.576,0.575,0.574,0.574,0.573,0.572,0.572,0.571,0.57,0.57,0.57,0.57,0.57,0.569,0.569,0.569,0.569,0.569,0.569,0.569,0.569,0.569,0.568,0.569,0.569,0.569,0.569,0.57,0.57,0.57,0.57,0.571,0.571,0.571,0.571,0.571,0.571,0.571,0.57,0.57,0.57,0.57,0.57,0.571,0.571,0.572,0.572,0.573,0.573,0.574,0.574,0.574,0.574,0.574,0.574,0.573,0.572,0.572,0.571,0.571,0.57,0.57,0.57,0.57,0.569,0.569,0.569,0.568,0.567,0.566,0.566,0.565,0.564,0.563,0.563,0.562,0.561,0.561,0.561,0.561,0.562,0.562,0.563,0.564,0.566,0.567,0.569,0.57,0.571,0.572,0.574,0.575,0.575,0.577,0.578,0.578,0.579,0.58,0.581,0.583,0.584,0.585,0.586,0.588,0.589,0.589,0.591,0.591,0.593,0,0,0,0,0,0,0,0,0,0,0,0,0,0,0.429,0.43,0.431,0.431,0.432,0.432,0.433,0.433,0.434,0.434,0.435,0.436,0.436,0.437,0.437,0.438,0.438,0.439,0.44,0.441,0.441,0.442,0.443,0.445,0.447,0.448,0,0,0,0,0.553,0.554,0.556,0.558,0.559,0.56,0.56,0.561,0.562,0.563,0.563,0.563,0.563,0.563,0.562,0.562,0.561,0.561,0.56,0.56,0.559,0.558,0.558,0.557,0.557,0.557,0.557,0.557,0.557,0.557,0.558,0.559,0.559,0.56,0.562,0.563,0.564,0,0,0,0,0,0,0,0,0,0,0,0,0,0,0,0,0,0,0,0,0,0.386,0.385,0.385,0.384,0.383,0.381,0.38,0.38,0.379,0.377,0.377,0.376,0.375,0.374,0.373,0.372,0.371,0.37,0.369,0.368,0.366,0.365,0.364,0.363,0.362,0.361,0.36,0.359,0.358,0.357,0.356,0.355,0.355,0.354,0.354,0.353,0.353,0.352,0.352,0.351,0.35,0.349,0.349,0.348,0.348,0.348,0.348,0.348,0.348,0.348,0.348,0.347,0.347,0.347,0.346,0.346,0.346,0.346,0.346,0.346,0.346,0.346,0.345,0.345,0.345,0.345,0.345,0.345,0.344,0.344,0.344,0.343,0.342,0.342,0.342,0.342,0.341,0.341,0.341,0.34,0,0.34,0.34,0.34,0.339,0.339,0.338,0.338,0.338,0.337,0.337,0.337,0.337,0.337,0.337,0.337,0.337,0.337,0.337,0.337,0.337,0.338,0.338,0.338,0.339,0.339,0.339,0.339,0.339,0.339,0.339,0.339,0.34,0.34,0.34,0.34,0.34,0.34,0.34,0.34,0.34,0.341,0.341,0.341,0.341,0.342,0.342,0.343,0.343,0.344,0.344,0.344,0.344,0.345,0.345,0.346,0,0.348,0,0,0,0,0,0,0,0.36,0.361,0.362,0.363,0.363,0.363,0.364,0.365,0.365,0,0.531,0.53,0.529,0.528,0.528,0.527,0.526,0.526,0.526,0.526,0.525,0.525,0.525,0.525,0.525,0.525,0.525,0.525,0.525,0.525,0.525,0.524,0.524,0.524,0.523,0.523,0.523,0.522,0.521,0.521,0.52,0.519,0.519,0.519,0.518,0.518,0.517,0.517,0.517,0.516,0.516,0.516,0.515,0.514,0.514,0.513,0.512,0.512,0.511,0.51,0.51,0.51,0.51,0.51,0.511,0.512,0.513,0.513,0.514,0.515,0.515,0.515,0.516,0.516,0.516,0.515,0.515,0.514,0.513,0.513,0.512,0.511,0.51,0.509,0.508,0.507,0.506,0.505,0.505,0.504,0.504,0.504,0.503,0.503,0.504,0.504,0.503,0.503,0.503,0.504,0.504,0.504,0.504,0.504,0.504,0.503,0.503,0.503,0.501,0.5,0.5,0.498,0.497,0.496,0.494,0.493,0.49,0,0,0,0.472,0.468,0.465,0.464,0.464,0.462,0.462,0.465,0,0,0,0,0,0,0.51,0.51,0.51,0.51,0.51,0.509,0.509,0.508,0.509,0.509,0.508,0.509,0.509,0.51,0.51,0.512,0.513,0.515,0.517,0.519,0.521,0.523,0.525,0.528,0.531,0.535,0,0,0,0.549,0.552,0.554,0.555,0,0,0,0,0,0,0,0,0,0,0,0,0,0,1.313,1.308,1.305,1.299,1.299,1.302,1.305,1.305,1.305,1.31,1.313,1.322,1.327,1.33,1.327,1.327,0,0,0,0,0,0,0,0,0,0,0,0,0,0,0,0,0,0,0,0,0,0,0,0,0,0,0,0,0,0,0,0,0,0,0,0,0
0,0,0,0,0,0,0,0,0,0,0,0,0,0,0,0,0,0,0,0,0,0,0,0,0,0,0,0,0,0,0,0,0,0,0,0,0,0,0,0,0,0,0.58,0.579,0.578,0.577,0.576,0.575,0.574,0.573,0.573,0.572,0.572,0.571,0.571,0.57,0.569,0.569,0.567,0.567,0.566,0.566,0.565,0.565,0.564,0.564,0.564,0.564,0.564,0.563,0.563,0.564,0.564,0.564,0.565,0.566,0.566,0.566,0.567,0.567,0.568,0.568,0.568,0.569,0.569,0.568,0.568,0.567,0.567,0.567,0.567,0.567,0.567,0.568,0.568,0.568,0.569,0.569,0.57,0.571,0.571,0.57,0.57,0.57,0.57,0.57,0.569,0.569,0.568,0.569,0.568,0.567,0.568,0.567,0.567,0.567,0.567,0.567,0.566,0.565,0.564,0.563,0.562,0.561,0.56,0.559,0.558,0.558,0.558,0.557,0.558,0.558,0.559,0.56,0.561,0.562,0.563,0.564,0.565,0.566,0.568,0.569,0.571,0.572,0.573,0.574,0.576,0.578,0.58,0.581,0.584,0.585,0.587,0.588,0.589,0,0,0,0,0,0,0,0,0,0,0,0,0,0,0.426,0.426,0.427,0.428,0.429,0.429,0.43,0.43,0.431,0.432,0.432,0.432,0.433,0.433,0.434,0.434,0.435,0.436,0.436,0.436,0.437,0.438,0.438,0.44,0.44,0.441,0.442,0,0,0,0,0,0,0.547,0.549,0.55,0.552,0.553,0.554,0.555,0.556,0.557,0.558,0.558,0.558,0.559,0.559,0.558,0.558,0.558,0.558,0.557,0.557,0.556,0.556,0.555,0.555,0.554,0.555,0.554,0.554,0.554,0.555,0.555,0.555,0.556,0.557,0.558,0.559,0.56,0,0,0,0,0,0,0,0,0,0,0,0,0,0,0,0,0,0,0.387,0.387,0,0.385,0.384,0.383,0.383,0.382,0.381,0.38,0.378,0.378,0.377,0.376,0.376,0.375,0.374,0.373,0.372,0.371,0.371,0.37,0.368,0.367,0.365,0.364,0.363,0.362,0.361,0.36,0.359,0.358,0.357,0.356,0.355,0.355,0.354,0.354,0.353,0.353,0.352,0.351,0.351,0.35,0.349,0.348,0.348,0.347,0.347,0.347,0.347,0.347,0.347,0.346,0.346,0.346,0.346,0.346,0.345,0.345,0.345,0.345,0.344,0.344,0.345,0.345,0.345,0.344,0.344,0.344,0.344,0.344,0.344,0.343,0,0,0,0.341,0.341,0.341,0.34,0.34,0.34,0.339,0.339,0.339,0.339,0.339,0.338,0.338,0.337,0.337,0.337,0.337,0.337,0.336,0.336,0.336,0.336,0.337,0.336,0.337,0.337,0.337,0.337,0.337,0.337,0.338,0.338,0.338,0.338,0.339,0.339,0.338,0.338,0.338,0.338,0.338,0.339,0.339,0.339,0.339,0.339,0.339,0.34,0.34,0.34,0.341,0.341,0.341,0.341,0.342,0.342,0.342,0.342,0.343,0.343,0.343,0.343,0.344,0.345,0.346,0.347,0,0.35,0.352,0.355,0,0.358,0,0.36,0.361,0.362,0.362,0.363,0.363,0.364,0.364,0.364,0.528,0.528,0.527,0.526,0.526,0.525,0.525,0.524,0.524,0.523,0.523,0.523,0.523,0.523,0.523,0.523,0.523,0.523,0.523,0.523,0.522,0.522,0.522,0.521,0.521,0.52,0.519,0.519,0.518,0.518,0.517,0.516,0.516,0.515,0.515,0.515,0.514,0.514,0.514,0.513,0.513,0.513,0.512,0.511,0.511,0.51,0.51,0.509,0.508,0.508,0.508,0.508,0.508,0.508,0.509,0.51,0.51,0.511,0.511,0.512,0.512,0.512,0.513,0.513,0.513,0.512,0.512,0.511,0.511,0.51,0.51,0.509,0.508,0.507,0.506,0.505,0.505,0.504,0.503,0.503,0.502,0.501,0.501,0.501,0.5,0.5,0.5,0.5,0.5,0.5,0.5,0.5,0.5,0.5,0.5,0.5,0.5,0.5,0.499,0.498,0.498,0.497,0.496,0.495,0.494,0.492,0.489,0,0,0,0.472,0.467,0.465,0.463,0.462,0.461,0.46,0.463,0,0,0,0,0,0,0.51,0.51,0.51,0.51,0.51,0.509,0.509,0.509,0.509,0.509,0.509,0.509,0.509,0.51,0.51,0.511,0.512,0.514,0.516,0.517,0.519,0.522,0.523,0.526,0.531,0,0,0,0.548,0.551,0.554,0.555,0.556,0,0,0,0,0,0,0,0,0,0,0,0,0,1.33,0,1.313,1.31,1.305,1.305,1.308,1.308,1.31,1.313,1.319,1.324,1.33,1.336,1.336,0,0,1.33,0,0,0,0,0,0,0,0,0,0,0,0,0,0,0,0,0,0,0,0,0,0,0,0,0,0,0,0,0,0,0,0,0,0,0,0
0,0,0,0,0,0,0,0,0,0,0,0,0,0,0,0,0,0,0,0,0,0,0,0,0,0,0,0,0,0,0,0,0,0,0,0,0,0,0,0,0,0,0,0,0.573,0.573,0.572,0.571,0.571,0.57,0.57,0.57,0.57,0.569,0.568,0.567,0.566,0.565,0.565,0.564,0.563,0.562,0.562,0.561,0.56,0.56,0.559,0.559,0.559,0.559,0.56,0.559,0.56,0.56,0.56,0.561,0.562,0.562,0.563,0.564,0.564,0.565,0.565,0.566,0.566,0.565,0.565,0.565,0.565,0.564,0.564,0.564,0.564,0.564,0.565,0.565,0.566,0.566,0.566,0.566,0.566,0.566,0.566,0.566,0.566,0.566,0.566,0.565,0.565,0.565,0.565,0.565,0.565,0.565,0.565,0.565,0.565,0.565,0.565,0.563,0.562,0.561,0.56,0.558,0.557,0.556,0.555,0.554,0.554,0.553,0.553,0.554,0.554,0.555,0.556,0.557,0.557,0.559,0.56,0,0.562,0.564,0.566,0.567,0.57,0.571,0.574,0.576,0.579,0.581,0.583,0.585,0.586,0,0,0,0,0,0,0,0,0,0,0,0,0,0.423,0.424,0.424,0.425,0.426,0.427,0.428,0.429,0.429,0.43,0.43,0.431,0.431,0.431,0.432,0.432,0.432,0.433,0.433,0.434,0.435,0.435,0.435,0.436,0.437,0.437,0.438,0.439,0.44,0,0,0,0,0,0.541,0.543,0.544,0.546,0.547,0.549,0.55,0.551,0.551,0.552,0.553,0.553,0.554,0.554,0.555,0.555,0.555,0.555,0.555,0.554,0.554,0.554,0.553,0.553,0.552,0.552,0.551,0.552,0.551,0.551,0.551,0.551,0.552,0.551,0.551,0.552,0.553,0.554,0.555,0,0,0,0,0,0,0,0,0,0,0,0,0,0,0,0,0,0,0.386,0.386,0.385,0.384,0.383,0.382,0.381,0.381,0.38,0.378,0.377,0.377,0.376,0.375,0.375,0.374,0.373,0.372,0.371,0.37,0.37,0.368,0.367,0.365,0.364,0.363,0.362,0.361,0.36,0.359,0.358,0.357,0.356,0.355,0.355,0.354,0.354,0.353,0.353,0.352,0.351,0.35,0.35,0.349,0.348,0.347,0.347,0.346,0.346,0.346,0.346,0.346,0.345,0.345,0.345,0.345,0.345,0.344,0.344,0.344,0.344,0.344,0.344,0.344,0.344,0.344,0.344,0.344,0.344,0.343,0.343,0,0.343,0,0,0,0,0.34,0.34,0.34,0.339,0.339,0.339,0.338,0.338,0.338,0.338,0.337,0.337,0.337,0.336,0.336,0.336,0.336,0.336,0.336,0.336,0.336,0.336,0.336,0.336,0.336,0.336,0.336,0.336,0.337,0.337,0.337,0.337,0.338,0.338,0.338,0.338,0.338,0.337,0.337,0.337,0.337,0.337,0.338,0.338,0.338,0.338,0.339,0.339,0.34,0.34,0.34,0.34,0.34,0.341,0.341,0.341,0.341,0.341,0.341,0.341,0.341,0.341,0.342,0.343,0.343,0.344,0.345,0.347,0.35,0.352,0.355,0.356,0.357,0.358,0.36,0.36,0.361,0.362,0.362,0.363,0.363,0.363,0,0,0.526,0.525,0.525,0.524,0.523,0.523,0.522,0.522,0.521,0.521,0.521,0.521,0.521,0.521,0.521,0.521,0.521,0.52,0.52,0.519,0.519,0.519,0.518,0.517,0.516,0.516,0.515,0.514,0.514,0.513,0.513,0.512,0.512,0.511,0.511,0.511,0.51,0.51,0.51,0.509,0.509,0.508,0.508,0.507,0.507,0.506,0.506,0.505,0.505,0.505,0.506,0.506,0.507,0.507,0.507,0.508,0.508,0.509,0.509,0.509,0.51,0.51,0.51,0.509,0.509,0.509,0.508,0.508,0.507,0.507,0.506,0.505,0.505,0.504,0.503,0.502,0.501,0.5,0.5,0.499,0.499,0.498,0.498,0.498,0.497,0.497,0.497,0.497,0.497,0.497,0.497,0.497,0.497,0.497,0.497,0.497,0.496,0.496,0.496,0.495,0.494,0.494,0.492,0.491,0.489,0.485,0,0.477,0.472,0.467,0.465,0.464,0.463,0.461,0.46,0.459,0.458,0,0,0,0,0,0.51,0.51,0.51,0.51,0.51,0.51,0.509,0.509,0.509,0.509,0.509,0.509,0.509,0.51,0.51,0.51,0.511,0.513,0.514,0.516,0.518,0.519,0.522,0,0,0,0,0.545,0.55,0.553,0.555,0.556,0,0,0,0,0,0,0,0,0,0,0,0,0,1.351,1.336,1.327,1.322,1.313,1.31,1.31,1.316,1.316,1.319,1.322,1.327,1.333,1.336,1.342,1.339,0,1.336,1.333,1.33,0,0,0,0,0,0,0,0,0,0,0,0,0,0,0,0,0,0,0,0,0,0,0,0,0,0,0,0,0,0,0,0,0,0,0
0,0,0,0,0,0,0,0,0,0,0,0,0,0,0,0,0,0,0,0,0,0,0,0,0,0,0,0,0,0,0,0,0,0,0,0,0,0,0,0,0,0,0,0.57,0.57,0.569,0.569,0.568,0.567,0.567,0.567,0.567,0.567,0.566,0.566,0.565,0.564,0.563,0.562,0.561,0.56,0.559,0.558,0.557,0.557,0.556,0.556,0.556,0.555,0.556,0.556,0.556,0.556,0.557,0.557,0.557,0.558,0.558,0.559,0.56,0.56,0.56,0.561,0.561,0.561,0.561,0.561,0.561,0.561,0.561,0.561,0.561,0.561,0.561,0.562,0.562,0.563,0.563,0.563,0.563,0.563,0.563,0.563,0.563,0.563,0.563,0.563,0.563,0.563,0.563,0.563,0.564,0.564,0.564,0.564,0.564,0.563,0.563,0.562,0.56,0.559,0.557,0.556,0.554,0.553,0.552,0.551,0.55,0.55,0.549,0.549,0.55,0.55,0.551,0.551,0.551,0.552,0.553,0.555,0.556,0.557,0.56,0,0,0.566,0,0,0,0.577,0,0,0,0,0,0,0,0,0,0,0,0,0,0.421,0.421,0.422,0.422,0.423,0.423,0.424,0.425,0.426,0.426,0.428,0.428,0.429,0.429,0.43,0.43,0.43,0.431,0.431,0.431,0.432,0.432,0.432,0.433,0.433,0.434,0.434,0.434,0.436,0.436,0.437,0.438,0,0,0,0,0,0.538,0.539,0.541,0.542,0.543,0.544,0.545,0.546,0.547,0.547,0.548,0.548,0.549,0.549,0.55,0.55,0.551,0.551,0.551,0.551,0.551,0.551,0.55,0.55,0.55,0.549,0.549,0.548,0.548,0.548,0.548,0.548,0.547,0.548,0.547,0.547,0.548,0.548,0.549,0.55,0,0,0,0,0,0,0,0,0,0,0,0,0,0,0,0,0,0,0.385,0.384,0,0.382,0.381,0.381,0.379,0.379,0.378,0.377,0.376,0.375,0.375,0.375,0.374,0.373,0.372,0.371,0.37,0.369,0.368,0.367,0.365,0.364,0.363,0.362,0.36,0.359,0.359,0.358,0.357,0.356,0.355,0.355,0.354,0.354,0.353,0.353,0.352,0.351,0.35,0.35,0.349,0.348,0.347,0.346,0.346,0.345,0.345,0.345,0.345,0.344,0.344,0.344,0.344,0.344,0.344,0.343,0.343,0.343,0.343,0.343,0.343,0.343,0.343,0.343,0.343,0.343,0.342,0.342,0.342,0.342,0.341,0,0,0,0.339,0.339,0.339,0.338,0.338,0.338,0.337,0.337,0.337,0.337,0.336,0.336,0.336,0.336,0.335,0.335,0.335,0.335,0.335,0.335,0.335,0.335,0.335,0.335,0.335,0.335,0.335,0.335,0.335,0.336,0.336,0.336,0.336,0.337,0.337,0.337,0.337,0.337,0.337,0.336,0.336,0.336,0.337,0.337,0.337,0.337,0.337,0.338,0.338,0.339,0.339,0.34,0.34,0.34,0.34,0.34,0.34,0.34,0.34,0.341,0.34,0.34,0.34,0.341,0.341,0.342,0.343,0,0.346,0.348,0.351,0.353,0,0.356,0.357,0.358,0.359,0.36,0.361,0.361,0.362,0.362,0.362,0.363,0.362,0,0.525,0.523,0.523,0.522,0.521,0.52,0.519,0.519,0.519,0.519,0.519,0.519,0.519,0.519,0.519,0.519,0.518,0.518,0.517,0.516,0.516,0.515,0.514,0.513,0.513,0.512,0.511,0.51,0.51,0.51,0.509,0.509,0.508,0.508,0.508,0.507,0.507,0.507,0.506,0.506,0.505,0.505,0.505,0.504,0.504,0.503,0.503,0.503,0.503,0.504,0.504,0.504,0.504,0.505,0.505,0.505,0.506,0.506,0.506,0.506,0.506,0.506,0.506,0.506,0.506,0.505,0.505,0.505,0.504,0.504,0.503,0.503,0.502,0.501,0.5,0.5,0.499,0.498,0.498,0.497,0.497,0.496,0.496,0.495,0.495,0.494,0.495,0.494,0.495,0.494,0.495,0.495,0.494,0.494,0.494,0.494,0.494,0.494,0.493,0.492,0.492,0.491,0.49,0.487,0,0,0.477,0.472,0.468,0.466,0.465,0.463,0.461,0.46,0.459,0.458,0.456,0,0,0,0.51,0.51,0,0.51,0.509,0.51,0.51,0.51,0.509,0.51,0.509,0.51,0.51,0.51,0.509,0.51,0.51,0.51,0.512,0.513,0.514,0.516,0.518,0,0,0,0,0.543,0.548,0.552,0,0,0,0,0,0,0,0,0,0,0,0,0,0,0,1.394,1.363,1.348,1.336,1.33,1.322,1.319,1.322,1.324,1.324,1.327,1.33,1.336,1.342,1.345,1.345,1.345,1.342,1.339,1.333,1.33,1.324,0,0,0,0,0,0,0,0,0,0,0,0,0,0,0,0,0,0,0,0,0,0,0,0,0,0,0,0,0,0,0,0,0,0
0,0,0,0,0,0,0,0,0,0,0,0,0,0,0,0,0,0,0,0,0,0,0,0,0,0,0,0,0,0,0,0,0,0,0,0,0,0,0,0,0,0,0,0,0,0.566,0.566,0.565,0.564,0.564,0.565,0.565,0.565,0.564,0.564,0.563,0.562,0.561,0.56,0.558,0.557,0.556,0.555,0.554,0.553,0.553,0.553,0.553,0.552,0.552,0.552,0.553,0.553,0.554,0.554,0.554,0.554,0.555,0.555,0.555,0.556,0.556,0.556,0.556,0.557,0.557,0.557,0.557,0.557,0.557,0.557,0.558,0.558,0.558,0.559,0.559,0.56,0.56,0.56,0.56,0.561,0.561,0.561,0.561,0.561,0.561,0.562,0.562,0.562,0.561,0.561,0.561,0.561,0.561,0.561,0.56,0.559,0.558,0.557,0.556,0.555,0.553,0.552,0.55,0.549,0.548,0.547,0.547,0.546,0.546,0.546,0.546,0.546,0.546,0.547,0.547,0.548,0.549,0.55,0.551,0.553,0.555,0.557,0.56,0.563,0.565,0,0,0,0,0,0,0,0,0,0,0,0,0,0.419,0.42,0.42,0.42,0.421,0.421,0.422,0.422,0.423,0.424,0.425,0.426,0.426,0.427,0.428,0.429,0.429,0.429,0.43,0.43,0.43,0.43,0.43,0.431,0.431,0.432,0.432,0.432,0.432,0.433,0.433,0.434,0.435,0,0,0,0,0,0.533,0.534,0.536,0.537,0.539,0.54,0.541,0.541,0.541,0.542,0.542,0.543,0.543,0.543,0.544,0.545,0.545,0.546,0.546,0.547,0.547,0.547,0.547,0.547,0.547,0.547,0.547,0.546,0.546,0.545,0.545,0.545,0.544,0.544,0.543,0.543,0.543,0.543,0,0,0,0,0,0,0,0,0,0,0,0,0,0,0,0,0,0,0,0,0,0,0.384,0.383,0.382,0.381,0.38,0.379,0.378,0.377,0.377,0.376,0.375,0.375,0.374,0.373,0.372,0.372,0.37,0.37,0.369,0.367,0.366,0.365,0.364,0,0,0.36,0.359,0.358,0.357,0.357,0.356,0.355,0.355,0.354,0.354,0.353,0.353,0.352,0.351,0.351,0.35,0.349,0.348,0.347,0.346,0.346,0.345,0.344,0.344,0.344,0.344,0.344,0.343,0.343,0.343,0.343,0.343,0.342,0.342,0.343,0.342,0.342,0.342,0.342,0.342,0.342,0.342,0.342,0.341,0.341,0.341,0.34,0.34,0.339,0.339,0.338,0.338,0.337,0.337,0.337,0.337,0.336,0.336,0.336,0.336,0.336,0.336,0.335,0.335,0.335,0.335,0.335,0.334,0.334,0.334,0.334,0.334,0.334,0.334,0.334,0.334,0.334,0.334,0.334,0.335,0.335,0.335,0.335,0.335,0.336,0.336,0.336,0.336,0.336,0.336,0.336,0.336,0.336,0.336,0.336,0.336,0.336,0.337,0.337,0.338,0.338,0.339,0.339,0.339,0.339,0.339,0.339,0.34,0.339,0.339,0.339,0.34,0.34,0.34,0.34,0.34,0.341,0.342,0.343,0.344,0.346,0.349,0.351,0.353,0.354,0.355,0.356,0.358,0.358,0.359,0.36,0.36,0.361,0.362,0.362,0.362,0.362,0.524,0.523,0.521,0.52,0.519,0.519,0.518,0.517,0.517,0.517,0.517,0.516,0.517,0.517,0.516,0.516,0.516,0.515,0.514,0.513,0.513,0.511,0.511,0.51,0.509,0.509,0.508,0.507,0.507,0.507,0.506,0.506,0.505,0.505,0.505,0.505,0.505,0.504,0.504,0.503,0.503,0.503,0.503,0.502,0.502,0.501,0.501,0.501,0.501,0.501,0.502,0.502,0.502,0.502,0.502,0.503,0.503,0.503,0.503,0.503,0.503,0.503,0.503,0.503,0.503,0.503,0.503,0.502,0.502,0.502,0.501,0.501,0.5,0.499,0.499,0.498,0.497,0.496,0.496,0.496,0.495,0.494,0.494,0.493,0.493,0.492,0.493,0.492,0.492,0.492,0.492,0.492,0.492,0.492,0.492,0.492,0.491,0.491,0.491,0.49,0.49,0.489,0.487,0,0.483,0,0.476,0.473,0.469,0.466,0.465,0.463,0.462,0.46,0.458,0.457,0.456,0.454,0.452,0,0,0,0,0.509,0.509,0.509,0.509,0.509,0.51,0.51,0.51,0.51,0.51,0.51,0.51,0.509,0.51,0.51,0.51,0.511,0.512,0.513,0.515,0,0,0,0.538,0.545,0,0,0,0,0,0,0,0,0,0,0,0,0,0,1.544,1.499,0,0,1.384,1.363,1.345,1.336,1.33,1.327,1.327,1.333,1.336,1.339,1.342,1.345,1.348,1.351,1.351,1.348,1.342,1.339,1.333,0,0,0,0,0,0,0,0,0,0,0,0,0,0,0,0,0,0,0,0,0,0,0,0,0,0,0,0,0,0,0,0,0,0,0,0
0,0,0,0,0,0,0,0,0,0,0,0,0,0,0,0,0,0,0,0,0,0,0,0,0,0,0,0,0,0,0,0,0,0,0,0,0,0,0,0,0,0,0,0,0,0,0.563,0.562,0.562,0.562,0.562,0.562,0.562,0.561,0.561,0.56,0.56,0.558,0.557,0.555,0.554,0.553,0.552,0.551,0.55,0.549,0.549,0.549,0.549,0.55,0.55,0.55,0.55,0.551,0.551,0.551,0.551,0.551,0.551,0.552,0.552,0.552,0.552,0.552,0.552,0.552,0.552,0.552,0.553,0.553,0.553,0.554,0.554,0.555,0.555,0.556,0.557,0.557,0.557,0.557,0.558,0.558,0.559,0.559,0.559,0.56,0.56,0.56,0.559,0.559,0.559,0.558,0.558,0.557,0.556,0.555,0.555,0.553,0.552,0.551,0.55,0.549,0.548,0.547,0.546,0.545,0.545,0.544,0.544,0.544,0.543,0.543,0.543,0.544,0.544,0.544,0.544,0.545,0.546,0.548,0.549,0.551,0.553,0.555,0,0,0,0,0,0,0,0,0,0,0,0,0.418,0.419,0.419,0.419,0.419,0.42,0.42,0.421,0.421,0.422,0.422,0.423,0.424,0.425,0.426,0.426,0.427,0.428,0.428,0.429,0.429,0.429,0.429,0.429,0.429,0.43,0.43,0.43,0.43,0.431,0.431,0.432,0,0,0,0,0,0,0.529,0.53,0.531,0.532,0.533,0.534,0.535,0.536,0.536,0.537,0.538,0.538,0.538,0.539,0.539,0.539,0.539,0.54,0.541,0.541,0.542,0.542,0.543,0.543,0.544,0.544,0.544,0.544,0.544,0.543,0.543,0.543,0.542,0.542,0.541,0.541,0.541,0.54,0.54,0.539,0,0,0,0.539,0.539,0,0,0,0,0,0,0,0,0,0,0,0,0,0,0,0,0.386,0.385,0.383,0.382,0.381,0.381,0.379,0.378,0.377,0.377,0.376,0.375,0.374,0.374,0.373,0.373,0.372,0.37,0.369,0.368,0,0.366,0.365,0.363,0.362,0.361,0.36,0.359,0.358,0.357,0.356,0.356,0.355,0.355,0.354,0.354,0.353,0.353,0.352,0.351,0.35,0.35,0.349,0.348,0.347,0.346,0.346,0.345,0.344,0.344,0.344,0.343,0.343,0.343,0.342,0.342,0.342,0.342,0.342,0.342,0.342,0.342,0.341,0.341,0.341,0.341,0.341,0.34,0.34,0,0,0.339,0.339,0.339,0.338,0.338,0.337,0.337,0.337,0.337,0.336,0.336,0.336,0,0.335,0.335,0.335,0.335,0.335,0.335,0.335,0.334,0.334,0.334,0.334,0.333,0.333,0.333,0.333,0.333,0.333,0.333,0.333,0.333,0.333,0.333,0.334,0.334,0.334,0.334,0.335,0.335,0.335,0.335,0.335,0.335,0.335,0.335,0.335,0.335,0.335,0.335,0.335,0.335,0.336,0.336,0.337,0.337,0.338,0.338,0.338,0.338,0.338,0.338,0.338,0.338,0.338,0.338,0.338,0.338,0.339,0.339,0.34,0.34,0.341,0.343,0.344,0.346,0.348,0.35,0.351,0.352,0.353,0.355,0.356,0.357,0.358,0.358,0.359,0.36,0.36,0.36,0.36,0.36,0,0.522,0.52,0.519,0.518,0.517,0.516,0.516,0.515,0.514,0.514,0.513,0.513,0.513,0.513,0.513,0.512,0.511,0.511,0.51,0.509,0.508,0.507,0.507,0.506,0.505,0.505,0.505,0.504,0.504,0.504,0.503,0.503,0.503,0.503,0.502,0.502,0.502,0.501,0.501,0.501,0.5,0.5,0.5,0.5,0.5,0.499,0.499,0.499,0.5,0.5,0.499,0.5,0.5,0.5,0.5,0.5,0.5,0.5,0.5,0.5,0.5,0.5,0.5,0.5,0.5,0.5,0.5,0.5,0.499,0.499,0.498,0.498,0.498,0.497,0.496,0.495,0.495,0.494,0.493,0.493,0.492,0.492,0.491,0.491,0.49,0.49,0.49,0.49,0.49,0.49,0.49,0.49,0.49,0.49,0.489,0.489,0.489,0.488,0.488,0.487,0.486,0.485,0.483,0.481,0.479,0.476,0.473,0.47,0.468,0.466,0.464,0.462,0.46,0.458,0.457,0.455,0.454,0.452,0.451,0.449,0,0,0,0,0,0.509,0.509,0.51,0.51,0.51,0.51,0.51,0.51,0.509,0.509,0.509,0.51,0.51,0.51,0.51,0.512,0,0,0,0,0,0,0,0,0,0,0,0,0,0,0,0,0,0,0,1.652,1.6,0,0,1.463,1.416,1.372,1.348,1.345,1.336,1.333,1.339,1.339,1.342,1.345,1.345,1.348,1.351,1.354,1.351,1.348,1.342,1.336,1.333,1.327,1.319,0,1.305,1.297,0,0,1.286,1.283,1.294,0,0,0,0,0,0,0,0,0,0,0,0,0,0,0,0,0,0,0,0,0,0,0,0,0,0
0,0,0,0,0,0,0,0,0,0,0,0,0,0,0,0,0,0,0,0,0,0,0,0,0,0,0,0,0,0,0,0,0,0,0,0,0,0,0,0,0,0,0,0,0.559,0.558,0.559,0.558,0.558,0.557,0.557,0.557,0.556,0.556,0.556,0.556,0.555,0.554,0.553,0.552,0.55,0.55,0.548,0.548,0.547,0.547,0.546,0.546,0.546,0.547,0.547,0.547,0.548,0.548,0.548,0.547,0.548,0.548,0.548,0.548,0.548,0.548,0.548,0.548,0.548,0.548,0.548,0.549,0.549,0.549,0.55,0.551,0.551,0.552,0.553,0.553,0.553,0.554,0.554,0.555,0.555,0.556,0.557,0.557,0.557,0.558,0.558,0.558,0.557,0.557,0.556,0.555,0.554,0.553,0.552,0.55,0.549,0.549,0.547,0.547,0.546,0.545,0.544,0.543,0.543,0.542,0.542,0.542,0.542,0.541,0.541,0.542,0.541,0.542,0.542,0.542,0.542,0.543,0.543,0.545,0.546,0.546,0,0,0,0,0,0,0,0,0,0,0,0,0.416,0.417,0.418,0.418,0.419,0.419,0.419,0.419,0.42,0.421,0.421,0.422,0.422,0.423,0.424,0.424,0.425,0.426,0.426,0.427,0.427,0.428,0.428,0.429,0.429,0.429,0.429,0.429,0,0,0,0,0,0,0,0,0,0.526,0.527,0.527,0.528,0.528,0.529,0.531,0.532,0.532,0.533,0.533,0.534,0.534,0.534,0.535,0.534,0.535,0.534,0.535,0.535,0.536,0.536,0.537,0.538,0.539,0.539,0.54,0.54,0.541,0.541,0.541,0.541,0.54,0.54,0.539,0.539,0.539,0.538,0.537,0.537,0.535,0.535,0.535,0.534,0.534,0.534,0.534,0.533,0,0,0,0,0,0,0,0,0,0,0,0,0,0,0,0,0,0.384,0.382,0.381,0.381,0.38,0.378,0.377,0.377,0.376,0.375,0.374,0.373,0.373,0.372,0.371,0.37,0.369,0.368,0.366,0.365,0.364,0.363,0.362,0.36,0.359,0.358,0.358,0.357,0.356,0.356,0.355,0.355,0.354,0.354,0.353,0.353,0.352,0.351,0.351,0.35,0.349,0.348,0.347,0.346,0.346,0.345,0.344,0.344,0.344,0.343,0.343,0.342,0.342,0.342,0.341,0.341,0.341,0.341,0.341,0.341,0.341,0.34,0.34,0.34,0.34,0.339,0.339,0.339,0.338,0.338,0.338,0.337,0.337,0.337,0.337,0.336,0.336,0.336,0.336,0.336,0,0,0,0,0.335,0.335,0.335,0.334,0.334,0.334,0.334,0.333,0.333,0.333,0.333,0.333,0.333,0.333,0.332,0.332,0.333,0.332,0.332,0.333,0.333,0.333,0.333,0.333,0.333,0.334,0.334,0.334,0.334,0.334,0.334,0.334,0.334,0.334,0.334,0.334,0.334,0.334,0.334,0.335,0.335,0.336,0.336,0.337,0.337,0.337,0.337,0.337,0.337,0.337,0.337,0.337,0.337,0.337,0.337,0.338,0.338,0.339,0.34,0.341,0.342,0.343,0,0,0,0.35,0.351,0.352,0.353,0.354,0.355,0.356,0.357,0.358,0.358,0.359,0.359,0.359,0.359,0.359,0,0,0.517,0.516,0.515,0.513,0.513,0.512,0.511,0.51,0.51,0.51,0.51,0.509,0.509,0.508,0.508,0.507,0.506,0.506,0.505,0.504,0.504,0.503,0.503,0.502,0.502,0.502,0.502,0.501,0.501,0.501,0.5,0.5,0.5,0.5,0.5,0.499,0.499,0.499,0.499,0.498,0.498,0.498,0.498,0.497,0.497,0.497,0.497,0.497,0.497,0.497,0.497,0.497,0.497,0.497,0.497,0.497,0.497,0.497,0.496,0.496,0.497,0.497,0.497,0.497,0.497,0.497,0.497,0.496,0.496,0.496,0.496,0.495,0.494,0.494,0.493,0.492,0.492,0.491,0.49,0.49,0.49,0.489,0.489,0.489,0.489,0.489,0.489,0.488,0.488,0.488,0.488,0.488,0.487,0.487,0.487,0.486,0.485,0.484,0.484,0.483,0.481,0.48,0.478,0.476,0.473,0.471,0.468,0.467,0.464,0.462,0.46,0.458,0.457,0.455,0.454,0.452,0.45,0.449,0.448,0.447,0.446,0.445,0,0,0.509,0.51,0.51,0.51,0.51,0.51,0.51,0.509,0.509,0.509,0.509,0.51,0.51,0.51,0,0,0,0,0,0,0,0,0,0,0,0,0,0,0,0,0,0,0,1.736,1.698,0,0,0,1.503,1.453,1.378,1.357,1.348,1.342,1.342,1.342,0,0,1.351,1.348,1.351,1.351,1.354,1.351,1.345,1.342,1.336,1.333,1.324,1.316,1.31,1.302,1.294,1.286,1.283,1.283,1.28,1.291,0,0,0,0,0,0,0,0,0,0,0,0,0,0,0,0,0,0,0,0,0,0,0,0,0,0
0,0,0,0,0,0,0,0,0,0,0,0,0,0,0,0,0,0,0,0,0,0,0,0,0,0,0,0,0,0,0,0,0,0,0,0,0,0,0,0,0,0,0,0,0,0.554,0.554,0.553,0.553,0.552,0.552,0.551,0.55,0.55,0.55,0.549,0.549,0.548,0.547,0.546,0.546,0.545,0.545,0.544,0.544,0.544,0.543,0.544,0.544,0.544,0.544,0.544,0.545,0.545,0.545,0.545,0.545,0.545,0.545,0.545,0.545,0.545,0.544,0.544,0.545,0.545,0.545,0.545,0.546,0.547,0.547,0.548,0.549,0.549,0.55,0.55,0.551,0.551,0.551,0.552,0.553,0.553,0.554,0.554,0.555,0.555,0.556,0.556,0.555,0.554,0.553,0.552,0.551,0.549,0.548,0.547,0.545,0.544,0.544,0.543,0.542,0.541,0.541,0.541,0.54,0.54,0.54,0.54,0.54,0.54,0.54,0.54,0.54,0.54,0.541,0.541,0.541,0.541,0.542,0.542,0,0,0,0,0,0,0,0,0,0,0,0,0.415,0.415,0.416,0.417,0.417,0.418,0.419,0.419,0.419,0.419,0.42,0.421,0.421,0.422,0.422,0.423,0.423,0.424,0.425,0,0,0,0,0,0,0,0,0,0,0,0,0.528,0.528,0.527,0.526,0.526,0.525,0.524,0.524,0.525,0.525,0.526,0.527,0.527,0.528,0.529,0.529,0.53,0.53,0.531,0.531,0.532,0.532,0.531,0.531,0.532,0.532,0.532,0.532,0.533,0.533,0.533,0.535,0.535,0.536,0.536,0.537,0.537,0.537,0.537,0.537,0.537,0.537,0.536,0.536,0.535,0.534,0.534,0.533,0.531,0.531,0.53,0.53,0.529,0.528,0.528,0,0,0,0,0,0,0,0,0,0,0,0,0,0,0,0,0,0,0.383,0.381,0.381,0.38,0.379,0.378,0.377,0.376,0.375,0.374,0.373,0.372,0.371,0.371,0.37,0.368,0,0,0,0.363,0.362,0.361,0.36,0.359,0.358,0.357,0.356,0.356,0.355,0.355,0.354,0.354,0.354,0.353,0.353,0.352,0.351,0.35,0.35,0.349,0.348,0.347,0.346,0.346,0.345,0.344,0.344,0.344,0.343,0.343,0.342,0.342,0.341,0.341,0.341,0.341,0.34,0.34,0.34,0.34,0.34,0.339,0.339,0.339,0.338,0.338,0.338,0.337,0.337,0.337,0.336,0.336,0.336,0.336,0.336,0.336,0.336,0.335,0.335,0.335,0.335,0,0,0,0.334,0.334,0.334,0.333,0.333,0.333,0.333,0.332,0.332,0.332,0.332,0.332,0.332,0.332,0.332,0.332,0.332,0.332,0.332,0.332,0.332,0.332,0.332,0.332,0.332,0.333,0.333,0.333,0.333,0.333,0.334,0.334,0.334,0.333,0.333,0.333,0.333,0.333,0.333,0.334,0.334,0.335,0.335,0.335,0.336,0.336,0.336,0.336,0.336,0.336,0.336,0.336,0.336,0.337,0.337,0.337,0.338,0.338,0.339,0.34,0,0,0,0,0,0,0.35,0.351,0.352,0.353,0.354,0.355,0.356,0.356,0.357,0.358,0.358,0.358,0.358,0.358,0,0,0.515,0.513,0.512,0.511,0.51,0.509,0.508,0.507,0.506,0.506,0.506,0.505,0.505,0.505,0.504,0.503,0.503,0.502,0.502,0.501,0.5,0.5,0.5,0.499,0.499,0.499,0.499,0.499,0.498,0.498,0.498,0.498,0.498,0.498,0.497,0.497,0.497,0.497,0.496,0.496,0.496,0.496,0.496,0.495,0.495,0.495,0.495,0.495,0.494,0.494,0.494,0.494,0.494,0.494,0.494,0.494,0.493,0.493,0.493,0.493,0.494,0.494,0.494,0.494,0.494,0.494,0.494,0.494,0.494,0.494,0.493,0.493,0.492,0.492,0.491,0.49,0.49,0.489,0.489,0.489,0.489,0.488,0.488,0.487,0.487,0.487,0.487,0.487,0.487,0.487,0.486,0.486,0.485,0.485,0.485,0.484,0.483,0.482,0.482,0.481,0.479,0.478,0.476,0.475,0.472,0.47,0.468,0.467,0.465,0.462,0.461,0.458,0.457,0.455,0.454,0.452,0.45,0.449,0.448,0.447,0.446,0.445,0.444,0,0.51,0.51,0.51,0.51,0.51,0.51,0.51,0.509,0.508,0.509,0.509,0.51,0.51,0.51,0,0,0,0,0,0,0,0,0,0,0,0,0,0,0,0,0,0,0,1.761,1.717,0,1.63,1.588,1.536,1.477,1.426,1.381,1.36,1.348,1.342,1.345,0,0,1.351,1.351,1.351,1.351,1.351,1.348,1.345,1.342,1.333,1.327,1.322,1.313,1.305,1.299,1.291,1.286,1.283,1.28,1.28,1.288,0,0,0,0,0,0,0,0,0,0,0,0,0,0,0,0,0,0,0,0,0,0,0,0,0,0
0,0,0,0,0,0,0,0,0,0,0,0,0,0,0,0,0,0,0,0,0,0,0,0,0,0,0,0,0,0,0,0,0,0,0,0,0,0,0,0,0,0,0,0,0,0,0.548,0.547,0.547,0.546,0.545,0.545,0.544,0.544,0.544,0.543,0.543,0.543,0.542,0.542,0.541,0.541,0.541,0.541,0.541,0.541,0.541,0.542,0.542,0.542,0.543,0.543,0.543,0.543,0.543,0.543,0.543,0.543,0.543,0.542,0.542,0.542,0.542,0.542,0.542,0.542,0.543,0.543,0.544,0.544,0.545,0.545,0.546,0.547,0.548,0.549,0.549,0.549,0.549,0.55,0.55,0.551,0.551,0.552,0.552,0.553,0.554,0.554,0.553,0.552,0.551,0.55,0.548,0.547,0.546,0.544,0.542,0.541,0.541,0.54,0.539,0.539,0.538,0.538,0.538,0.538,0.538,0.539,0.538,0.538,0.539,0.539,0.539,0.539,0.539,0.539,0.54,0,0,0,0,0,0,0,0,0,0,0,0,0.411,0.412,0.413,0.414,0.415,0.416,0.416,0.417,0.418,0.418,0.419,0.419,0.419,0.42,0.421,0.421,0.422,0.422,0,0,0,0,0,0,0,0,0,0,0,0,0,0,0.527,0.526,0.525,0.525,0.525,0.524,0.523,0.523,0.523,0.523,0.524,0.524,0.525,0.525,0.526,0.526,0.527,0.528,0.528,0.528,0.528,0.528,0.529,0.529,0.529,0.529,0.529,0.529,0.529,0.53,0.53,0.531,0.531,0.532,0.533,0.533,0.533,0.534,0.534,0.534,0.534,0.534,0.533,0.533,0.533,0.532,0.531,0.53,0.53,0.528,0.527,0.526,0.526,0.525,0.524,0.523,0,0,0,0,0,0,0,0,0,0,0,0,0,0,0,0,0,0.385,0.384,0.382,0.381,0.38,0.379,0.378,0.377,0.376,0.375,0.374,0.373,0.372,0.371,0.37,0.369,0.368,0,0,0,0.363,0.362,0.361,0.36,0.359,0.358,0.357,0.356,0.356,0.355,0.355,0.354,0.354,0.353,0.353,0.352,0.352,0.351,0.35,0.349,0.348,0.348,0.347,0.346,0.345,0.345,0.344,0.344,0.343,0.343,0.342,0.342,0.342,0.341,0.341,0.34,0.34,0.34,0.34,0.34,0.339,0.339,0.339,0.338,0.338,0.337,0.337,0.337,0.336,0.336,0.336,0.336,0.335,0.335,0.335,0.335,0.335,0.335,0.335,0.335,0.335,0.334,0.334,0.334,0.334,0.334,0.333,0.333,0.333,0.333,0.332,0.332,0.332,0.332,0.332,0.331,0.331,0.331,0.331,0.331,0.331,0.331,0.331,0.331,0.331,0.331,0.331,0.331,0.331,0.331,0.331,0.332,0.332,0.332,0.333,0.333,0.333,0.333,0.333,0.333,0.333,0.333,0.333,0.333,0.332,0.333,0.333,0.333,0.334,0.334,0.335,0.335,0.335,0.335,0.335,0.335,0.335,0.335,0.335,0.336,0.336,0.337,0.337,0.338,0.338,0.34,0.341,0,0,0,0,0,0.349,0.35,0.35,0.352,0.352,0.353,0.354,0.355,0.356,0.356,0.357,0.357,0.357,0.358,0.358,0,0,0.511,0.509,0.508,0.507,0.506,0.505,0.504,0.503,0.503,0.503,0.502,0.501,0.5,0.5,0.5,0.499,0.498,0.498,0.498,0.497,0.497,0.496,0.496,0.496,0.496,0.496,0.496,0.496,0.495,0.495,0.495,0.495,0.495,0.495,0.495,0.494,0.494,0.494,0.494,0.494,0.494,0.493,0.493,0.493,0.493,0.493,0.492,0.492,0.492,0.492,0.491,0.491,0.491,0.49,0.49,0.49,0.49,0.49,0.49,0.491,0.491,0.491,0.491,0.492,0.492,0.492,0.492,0.492,0.492,0.491,0.49,0.49,0.489,0.489,0.489,0.488,0.488,0.487,0.487,0.487,0.487,0.486,0.486,0.486,0.485,0.485,0.485,0.485,0.485,0.484,0.484,0.484,0.483,0.482,0.482,0.481,0.48,0.479,0.478,0.477,0.476,0.475,0.473,0.472,0.471,0.468,0.467,0.465,0.462,0.461,0.458,0.457,0.455,0.454,0.452,0.451,0.45,0.449,0.448,0.446,0.445,0.445,0.444,0,0.511,0.511,0.51,0.51,0.51,0.509,0.509,0.51,0.51,0.511,0.512,0.513,0,0,0,0,0,0,0,0,0,0,0,0,0,0,0,0,0,0,0,0,0,1.741,1.707,1.675,1.63,0,0,0,0,0,0,1.351,1.351,1.351,1.351,1.351,1.348,1.348,1.348,1.345,1.345,1.339,1.333,1.33,1.322,1.313,1.308,1.299,1.294,1.286,1.28,1.278,1.278,1.278,1.283,0,0,0,0,0,0,0,0,0,0,0,0,0,0,0,0,0,0,0,0,0,0,0,0,0,0
0,0,0,0,0,0,0,0,0,0,0,0,0,0,0,0,0,0,0,0,0,0,0,0,0,0,0,0,0,0,0,0,0,0,0,0,0,0,0,0,0,0,0,0,0,0,0,0,0.54,0.54,0.539,0.539,0.538,0.538,0.538,0.538,0.538,0.538,0.537,0.538,0.537,0.538,0.538,0.538,0.539,0.54,0.54,0.54,0.541,0.541,0.541,0.541,0.542,0.542,0.542,0.542,0.542,0.541,0.541,0.541,0.541,0.541,0.541,0.541,0.541,0.541,0.541,0.542,0.542,0.543,0.543,0.544,0.545,0.546,0.547,0.547,0.547,0.547,0.547,0.548,0.548,0.549,0.549,0.549,0.55,0.551,0.552,0.552,0.551,0.55,0.549,0.548,0.546,0.544,0.543,0.541,0.54,0.539,0.538,0.537,0.537,0.537,0.536,0.536,0.536,0.536,0.536,0.537,0.537,0.537,0.537,0.537,0.538,0.538,0.538,0,0,0,0,0,0,0,0,0,0,0,0,0.409,0.41,0.411,0.412,0.412,0.413,0.414,0.415,0.416,0.417,0.418,0.418,0.419,0.419,0.42,0.42,0.421,0,0,0,0,0,0,0,0,0.524,0.524,0.524,0,0.523,0.524,0.524,0.525,0.525,0.525,0.524,0.523,0.524,0.523,0.523,0.522,0.522,0.522,0.521,0.523,0.523,0.523,0.524,0.524,0.524,0.525,0.525,0.526,0.526,0.526,0.526,0.527,0.527,0.527,0.528,0.528,0.528,0.528,0.528,0.529,0.529,0.529,0.53,0.53,0.53,0.53,0.53,0.53,0.53,0.53,0.53,0.529,0.529,0.529,0.528,0.527,0.527,0.526,0.525,0.523,0.523,0.523,0.522,0.521,0.521,0,0,0,0,0,0,0,0,0,0,0,0,0,0,0,0,0.385,0.385,0.383,0.382,0.381,0.38,0.378,0.378,0.377,0.375,0.374,0.373,0.372,0.371,0.37,0.369,0.368,0.366,0,0,0,0.361,0.36,0.359,0.359,0.358,0.357,0.357,0.356,0.356,0.355,0.354,0.354,0.353,0.353,0.352,0.351,0,0,0,0.348,0.347,0.347,0.346,0.345,0.344,0.344,0.343,0.343,0.342,0.342,0.342,0.341,0.341,0.34,0.34,0.34,0.34,0.339,0.339,0.339,0.338,0.338,0.338,0.338,0.337,0.337,0.336,0.336,0.336,0.335,0.335,0.335,0.335,0.335,0.335,0.335,0.335,0.335,0.335,0.334,0.334,0.334,0.333,0.333,0.333,0.333,0.333,0.333,0.332,0.332,0.331,0.331,0.331,0.331,0.331,0.331,0.331,0.331,0.331,0.331,0.331,0.331,0.331,0.331,0.33,0.33,0.33,0.33,0.33,0.33,0.331,0.331,0.331,0.331,0.332,0.332,0.332,0.332,0.332,0.332,0.332,0.332,0.332,0.332,0.331,0.332,0.332,0.332,0.333,0.333,0.333,0.334,0.334,0.334,0.335,0.335,0.335,0.335,0.335,0.335,0.336,0.337,0.337,0.338,0.338,0.34,0.34,0.342,0,0,0,0.347,0.348,0.348,0.349,0.35,0.351,0.352,0.353,0.353,0.354,0.355,0.356,0.356,0.356,0.357,0.357,0.358,0,0,0,0.505,0.505,0.503,0.502,0.501,0.5,0.5,0.499,0.499,0.498,0.497,0.497,0.496,0.496,0.495,0.495,0.494,0.494,0.494,0.494,0.493,0.493,0.493,0.493,0.493,0.493,0.492,0.492,0.492,0.492,0.492,0.492,0.492,0.493,0.493,0.493,0.492,0.492,0.492,0.492,0.492,0.491,0.491,0.49,0.49,0.49,0.489,0.489,0.489,0.488,0.488,0.488,0.488,0.488,0.488,0.488,0.488,0.488,0.488,0.489,0.489,0.489,0.489,0.489,0.489,0.489,0.489,0.489,0.488,0.488,0.487,0.487,0.487,0.486,0.486,0.485,0.485,0.485,0.485,0.485,0.484,0.484,0.484,0.484,0.484,0.484,0.483,0.483,0.482,0.482,0.481,0.481,0.48,0.479,0.478,0.478,0.477,0.476,0.475,0.474,0.473,0.471,0.47,0.468,0.467,0.465,0.462,0.461,0.459,0.457,0.455,0.454,0.452,0.451,0.45,0.449,0.448,0.447,0.446,0.445,0.445,0.444,0,0.511,0.51,0.51,0.51,0.51,0.51,0.51,0.511,0.513,0.515,0.517,0.518,0.52,0,0,0,0,0,0,0,0,0,0,0,0,0,0,0,0,0,0,1.797,1.761,1.736,0,0,0,0,0,0,0,0,0,0,0,0,0,1.345,1.345,1.342,1.342,1.339,1.333,1.33,1.322,1.316,1.308,1.302,1.297,1.288,1.283,1.28,1.275,1.278,1.275,1.283,1.288,0,0,0,0,0,0,0,0,0,0,0,0,0,0,0,0,0,0,0,0,0,0,0,0,0
0,0,0,0,0,0,0,0,0,0,0,0,0,0,0,0,0,0,0,0,0,0,0,0,0,0,0,0,0,0,0,0,0,0,0,0,0,0,0,0,0,0,0,0,0,0,0,0,0.534,0.534,0.533,0.532,0.532,0.532,0.532,0.532,0.532,0.533,0.533,0.533,0.534,0.535,0.535,0.536,0.537,0.538,0.538,0.539,0.539,0.54,0.541,0.541,0.541,0.541,0.541,0.541,0.541,0.54,0.54,0.54,0.54,0.539,0.539,0.539,0.54,0.54,0.54,0.541,0.541,0.541,0.542,0.543,0.543,0.545,0.545,0.546,0.546,0.546,0.546,0.546,0.547,0.547,0.547,0.547,0.548,0.549,0.55,0.55,0.549,0.548,0.547,0.546,0.544,0.542,0.541,0.54,0.538,0.537,0.536,0.535,0.535,0.534,0.534,0.534,0.534,0.534,0.535,0.535,0.536,0.536,0.536,0.537,0,0,0,0,0,0,0,0,0,0,0,0,0,0.406,0.408,0.408,0.409,0.41,0.411,0.412,0.413,0.414,0.415,0.415,0.416,0.417,0.418,0,0.419,0,0,0,0,0,0,0,0.523,0.523,0.523,0.523,0.523,0.523,0.522,0.522,0.522,0.522,0.522,0.523,0.523,0.523,0.523,0.523,0.522,0.523,0.521,0.521,0.52,0.52,0.521,0.521,0.522,0.521,0.522,0.522,0.522,0.522,0.523,0.523,0.523,0.523,0.524,0.524,0.525,0.525,0.525,0.526,0.526,0.526,0.527,0.527,0.527,0.527,0.527,0.527,0.527,0.527,0.527,0.526,0.526,0.526,0.526,0.526,0.526,0.525,0.524,0.523,0.523,0.523,0.521,0.52,0.52,0.519,0.519,0.519,0,0,0,0,0,0,0,0,0,0,0,0,0,0,0,0,0.384,0.384,0.383,0.382,0.381,0.38,0.379,0.378,0.377,0.376,0.375,0.374,0.372,0.371,0.37,0.369,0.368,0.366,0.365,0.363,0.362,0.361,0.36,0.359,0.358,0.358,0.357,0.357,0.356,0.356,0.355,0.354,0.354,0.353,0.352,0.352,0.351,0.351,0.35,0,0,0.347,0.346,0.346,0.345,0.344,0.344,0.343,0.343,0.342,0.342,0.342,0.341,0.341,0.34,0.34,0.34,0.339,0.339,0.339,0.338,0.338,0.338,0.337,0.337,0.337,0.336,0.336,0.335,0.335,0.335,0.335,0.335,0.335,0.334,0.334,0.334,0.334,0.334,0.334,0.334,0.334,0.334,0.333,0.333,0.333,0.333,0.332,0.332,0.332,0.332,0.332,0.331,0.331,0.331,0.331,0.331,0.331,0.331,0.331,0.331,0.33,0.33,0.33,0.33,0.33,0.33,0.33,0.33,0.33,0.33,0.33,0.33,0.33,0.33,0.331,0.331,0.331,0.331,0.331,0.331,0.331,0.331,0.331,0.331,0.331,0.331,0.331,0.331,0.331,0.332,0.332,0.332,0.333,0.333,0.333,0.334,0.334,0.334,0.334,0.335,0.335,0.336,0.336,0.337,0.338,0.338,0.339,0.34,0.341,0.342,0.343,0.344,0.345,0.345,0.346,0.347,0.349,0.35,0.351,0.351,0.352,0.353,0.354,0.354,0.355,0.355,0.356,0.357,0.358,0.358,0,0,0,0.502,0.501,0.5,0.499,0.498,0.497,0.496,0.496,0.495,0.494,0.494,0.493,0.492,0.492,0.491,0.491,0.491,0.49,0.49,0.49,0.49,0.49,0.49,0.49,0.489,0.489,0.489,0.489,0.489,0.49,0.49,0.49,0.49,0.491,0.491,0.49,0.49,0.49,0.49,0.489,0.489,0.489,0.489,0.488,0.487,0.487,0.487,0.486,0.486,0.485,0.485,0.485,0.485,0.485,0.485,0.485,0.486,0.486,0.486,0.487,0.487,0.487,0.487,0.487,0.487,0.487,0.487,0.486,0.485,0.485,0.485,0.485,0.484,0.484,0.484,0.484,0.483,0.483,0.483,0.482,0.482,0.482,0.482,0.482,0.482,0.482,0.481,0.481,0.48,0.479,0.479,0.478,0.477,0.476,0.476,0.475,0.474,0.473,0.472,0.472,0.47,0.469,0.468,0.466,0.464,0.462,0.461,0.459,0.457,0.456,0.454,0.452,0.451,0.45,0.449,0.448,0.447,0.446,0.445,0.445,0.444,0.444,0,0.51,0.51,0,0,0.511,0.512,0.513,0.516,0.518,0.521,0.523,0.524,0.527,0.529,0,0,0,0,0,0,0,0,0,0,0,0,0,0,0,0,0,1.792,1.766,0,0,0,0,0,0,0,0,0,0,0,0,0,1.339,1.336,1.333,1.33,1.327,1.322,1.319,1.31,1.305,1.299,1.297,1.288,1.283,1.278,1.278,1.275,1.275,1.275,1.283,1.288,0,0,0,0,0,0,0,0,0,0,0,0,0,0,0,0,0,0,0,0,0,0,0,0,0
0,0,0,0,0,0,0,0,0,0,0,0,0,0,0,0,0,0,0,0,0,0,0,0,0,0,0,0,0,0,0,0,0,0,0,0,0,0,0,0,0,0,0,0,0,0,0,0,0.529,0.529,0.529,0.528,0.528,0.528,0.528,0.529,0.529,0.529,0.53,0.53,0.531,0.532,0.533,0.533,0.534,0.536,0.536,0.537,0.538,0.538,0.539,0.539,0.539,0.539,0.539,0.539,0.539,0.539,0.539,0.538,0.538,0.538,0.538,0.538,0.538,0.538,0.539,0.539,0.54,0.54,0.541,0.541,0.542,0.543,0.544,0.544,0.544,0.544,0.544,0.545,0.544,0.545,0.545,0.546,0.546,0.547,0.548,0.548,0.547,0.546,0.545,0.543,0.541,0.54,0.539,0.537,0.536,0.535,0.534,0.534,0.533,0.533,0.533,0.533,0.533,0.533,0.534,0.535,0.535,0.536,0,0,0,0,0,0,0,0,0,0,0,0,0,0.404,0.405,0.406,0.407,0.408,0.409,0.409,0.411,0.412,0.412,0.413,0.414,0,0.416,0.417,0,0,0,0,0,0.519,0.52,0.521,0.521,0.521,0.521,0.521,0.521,0.521,0.521,0.521,0.521,0.521,0.52,0.521,0.52,0.521,0.521,0.521,0.521,0.521,0.521,0.52,0.52,0.52,0.519,0.519,0.519,0.519,0.519,0.519,0.519,0.519,0.519,0.519,0.52,0.52,0.52,0.52,0.521,0.521,0.521,0.521,0.521,0.521,0.521,0.521,0.522,0.522,0.522,0.523,0.523,0.523,0.523,0.523,0.523,0.523,0.522,0.522,0.522,0.522,0.522,0.521,0.521,0.52,0.519,0.519,0.519,0.517,0.517,0.517,0.517,0.516,0.516,0,0,0,0,0,0,0,0,0,0,0,0,0,0,0,0,0.383,0.382,0.382,0.381,0.38,0.379,0.378,0.377,0.376,0.375,0.373,0.372,0.371,0.37,0.368,0.367,0.365,0.364,0.362,0.361,0.36,0.359,0.358,0.358,0.357,0.357,0.356,0.356,0.355,0.355,0.354,0.353,0.352,0.352,0.351,0.351,0.35,0.349,0.348,0.348,0.347,0.346,0.345,0.344,0.344,0.343,0.343,0.342,0.342,0.341,0.341,0.341,0.34,0.34,0.34,0.339,0.339,0.338,0.338,0.338,0.337,0.337,0.337,0.336,0.336,0.336,0.335,0.335,0.335,0.334,0.334,0.334,0.334,0.334,0.334,0.334,0.334,0.333,0.333,0.333,0.333,0.333,0.333,0.333,0.333,0.333,0.332,0.332,0.332,0.332,0,0,0.331,0.331,0.331,0.33,0.33,0.33,0.33,0.33,0.33,0.33,0.329,0.329,0.329,0.329,0.329,0.329,0.329,0.329,0.329,0.329,0.329,0.33,0.33,0.33,0.33,0.33,0.33,0.33,0.33,0.33,0.33,0.33,0.33,0.33,0.33,0.33,0.33,0.331,0.331,0.331,0.331,0.332,0.332,0.333,0.333,0.333,0.334,0.334,0.335,0.336,0.336,0.337,0.338,0.338,0.339,0.34,0.341,0.341,0.342,0.343,0.343,0.344,0.344,0.345,0.347,0.348,0.349,0.35,0.351,0.352,0.353,0.353,0.354,0.354,0.355,0.356,0.357,0.357,0.358,0,0,0.499,0.499,0.498,0.496,0.495,0.494,0.493,0.492,0.491,0.49,0.489,0.489,0.488,0.487,0.487,0.487,0.487,0.487,0.487,0.487,0.487,0.487,0.487,0.487,0.486,0.486,0.486,0.486,0.486,0.486,0.486,0.487,0.487,0.488,0.488,0.488,0.488,0.488,0.487,0.487,0.487,0.487,0.486,0.486,0.485,0.485,0.484,0.484,0.484,0.484,0.483,0.483,0.483,0.483,0.483,0.483,0.483,0.484,0.484,0.484,0.484,0.484,0.484,0.484,0.484,0.484,0.484,0.483,0.483,0.482,0.482,0.482,0.482,0.482,0.482,0.481,0.481,0.481,0.481,0.481,0.481,0.481,0.48,0.48,0.48,0.479,0.479,0.478,0.478,0.477,0.476,0.476,0.475,0.474,0.473,0.473,0.472,0.472,0.471,0.47,0.469,0.468,0.467,0.466,0.464,0.462,0.461,0.459,0.457,0.456,0.454,0.453,0.451,0.45,0.449,0.448,0.447,0.446,0.446,0.445,0.445,0.444,0,0,0.51,0.509,0.51,0.513,0.514,0.516,0.519,0.522,0.524,0.526,0.528,0.53,0.532,0,0,0,0,0,0,0,0,0,0,0,0,0,0,0,0,0,0,0,0,0,0,0,0,0,0,0,0,0,0,0,0,1.33,1.327,1.324,1.322,1.319,1.313,1.308,1.302,1.297,1.294,1.288,1.28,1.278,1.272,1.272,1.272,1.275,1.272,1.283,0,0,0,0,0,0,0,0,0,0,0,0,0,0,0,0,0,0,0,0,0,0,0,0,0,0
0,0,0,0,0,0,0,0,0,0,0,0,0,0,0,0,0,0,0,0,0,0,0,0,0,0,0,0,0,0,0,0,0,0,0,0,0,0,0,0,0,0,0,0,0,0,0,0,0.525,0.525,0.526,0.526,0.526,0.526,0.526,0.527,0.527,0.527,0.528,0.528,0.529,0.53,0.531,0.532,0.533,0.534,0.534,0.535,0.536,0.537,0.538,0.538,0.538,0.538,0.538,0.538,0.538,0.538,0.537,0.537,0.537,0.537,0.537,0.537,0.538,0.538,0.538,0.539,0.539,0.54,0.54,0.541,0.541,0.542,0.543,0.543,0.543,0.543,0.543,0,0.543,0.543,0.543,0.543,0.544,0.545,0.545,0.545,0.545,0.544,0.542,0.541,0.54,0.538,0.537,0.536,0.535,0.534,0.533,0.533,0.533,0.533,0.533,0.532,0.533,0.533,0.534,0.535,0,0,0,0,0,0,0,0,0,0,0,0,0,0.4,0.402,0.403,0.404,0.405,0.406,0.407,0.408,0.409,0.41,0.411,0.412,0.412,0.413,0.414,0,0,0,0,0,0.518,0.518,0.519,0.519,0.519,0.52,0.52,0.52,0.519,0.52,0.519,0.519,0.519,0.519,0.519,0.519,0.519,0.519,0.519,0.52,0.519,0.519,0.518,0.518,0.518,0.518,0.517,0.517,0.517,0.517,0.517,0.517,0.517,0.517,0.517,0.517,0.516,0.517,0.517,0.517,0.517,0.517,0.516,0.517,0.517,0.517,0.516,0.516,0.516,0.517,0.517,0.517,0.517,0.518,0.518,0.519,0.518,0.519,0.519,0.519,0.519,0.519,0.519,0.518,0.518,0.517,0.516,0.516,0.516,0.516,0.515,0.515,0.514,0.514,0.514,0.514,0,0,0,0,0,0,0,0,0,0,0,0,0,0,0,0,0,0.382,0.381,0.381,0.38,0.379,0.378,0.377,0.376,0.375,0.373,0.372,0.37,0.369,0.367,0.366,0.364,0.362,0.361,0.36,0.359,0.359,0.358,0.358,0.357,0.356,0.355,0.355,0.354,0.354,0.353,0.352,0.352,0.351,0.35,0.35,0.349,0.348,0.348,0.347,0.346,0.345,0.344,0.344,0.343,0.343,0.342,0.341,0.341,0.341,0.34,0.34,0.34,0.34,0.339,0.339,0.338,0.338,0.337,0.337,0.337,0.336,0.336,0.336,0.335,0.335,0.335,0.334,0.334,0.334,0.334,0.334,0.333,0.333,0.333,0.333,0.333,0.333,0.333,0.333,0.333,0.333,0.333,0.333,0.332,0.332,0.332,0.332,0.331,0.331,0.331,0.331,0.331,0.33,0.33,0.33,0.33,0.33,0.33,0.329,0.329,0.329,0.329,0.329,0.328,0.328,0.328,0.328,0.328,0.328,0.329,0.329,0.329,0.329,0.329,0.329,0.329,0.329,0.33,0.33,0.33,0.33,0.33,0.329,0.329,0.329,0.329,0.329,0.33,0.33,0.33,0.33,0.331,0.331,0.331,0.332,0.332,0.333,0.333,0.334,0.335,0.335,0.336,0.337,0.338,0.338,0.339,0.34,0.34,0.341,0.341,0.341,0.342,0.343,0.343,0.344,0.345,0.346,0,0.348,0.35,0.35,0.352,0.352,0.353,0.354,0.354,0.355,0.356,0,0.358,0.358,0,0,0.496,0.494,0.493,0.492,0.49,0.489,0.488,0.487,0.485,0.485,0.484,0.484,0.484,0.484,0.484,0.484,0.484,0.484,0.484,0.484,0.484,0.484,0.484,0.483,0.483,0.483,0.483,0.483,0.483,0.483,0.484,0.484,0.485,0.485,0.485,0.485,0.485,0.485,0.485,0.485,0.485,0.484,0.484,0.483,0.482,0.482,0.482,0.482,0.481,0.481,0.481,0.481,0.481,0.481,0.481,0.481,0.481,0.481,0.482,0.482,0.482,0.482,0.482,0.482,0.481,0.481,0.481,0.48,0.48,0.48,0.48,0.479,0.479,0.479,0.479,0.479,0.479,0.479,0.478,0.478,0.478,0.478,0.478,0.477,0.477,0.476,0.476,0.475,0.475,0.474,0.473,0.473,0.472,0.471,0.471,0.47,0.469,0.469,0.468,0.467,0.467,0.466,0.464,0.463,0.461,0.46,0.459,0.457,0.456,0.454,0.453,0.452,0.451,0.45,0.449,0.448,0.447,0.446,0.446,0.445,0.445,0.444,0,0,0.508,0.51,0.514,0.517,0,0,0.525,0.528,0.529,0.531,0.533,0.533,0,0,0,0,0,0,0,0,0,0,0,0,0,0,0,0,0,0,0,0,0,0,0,0,0,0,0,0,0,0,0,0,1.322,1.319,1.319,1.313,1.31,1.305,1.299,1.291,1.288,1.283,1.28,1.275,1.272,1.267,1.27,1.27,1.272,1.272,1.283,0,0,0,0,0,0,0,0,0,0,0,0,0,0,0,0,0,0,0,0,0,0,0,0,0,0
0,0,0,0,0,0,0,0,0,0,0,0,0,0,0,0,0,0,0,0,0,0,0,0,0,0,0,0,0,0,0,0,0,0,0,0,0,0,0,0,0,0,0,0,0,0,0,0.522,0.522,0.523,0.523,0.523,0.523,0.524,0.524,0.525,0.525,0.525,0.526,0.527,0.528,0.528,0.529,0.53,0.531,0.532,0.533,0.534,0.535,0.536,0.537,0.537,0.537,0.537,0.536,0.536,0.536,0.536,0.536,0.536,0.536,0.536,0.536,0.536,0.536,0.537,0.537,0.538,0.539,0.539,0.539,0.54,0.54,0.541,0.541,0.541,0.541,0.541,0.541,0.54,0.539,0.539,0.54,0.539,0.539,0.54,0.541,0.541,0.542,0.541,0.541,0.54,0.539,0.537,0.536,0.535,0.534,0.533,0.533,0.533,0.533,0.532,0.532,0.533,0.533,0,0,0,0,0,0,0,0,0,0,0,0,0,0,0.398,0.398,0.4,0.401,0.402,0.403,0.404,0.405,0.406,0.407,0.408,0.409,0.41,0.411,0.411,0.412,0,0,0,0,0,0.516,0.516,0.517,0.517,0.518,0.518,0.519,0.518,0.518,0.518,0.518,0.518,0.518,0.518,0.518,0.517,0.517,0.517,0.517,0.517,0.517,0.517,0.516,0.516,0.516,0.516,0.516,0.515,0.515,0.515,0.514,0.515,0.515,0.515,0.515,0.515,0.514,0.514,0.514,0.514,0.514,0.513,0.513,0.513,0.513,0.513,0.512,0.512,0.512,0.512,0.512,0.512,0.512,0.513,0.513,0.514,0.514,0.514,0.514,0.515,0.515,0.515,0.515,0.515,0.515,0.514,0.514,0.513,0.513,0.513,0.513,0.513,0.512,0.512,0.512,0.512,0,0,0,0,0,0,0,0,0,0,0,0,0,0,0,0,0.383,0.382,0.381,0.381,0.38,0.38,0.379,0.378,0.377,0.376,0.375,0.373,0.371,0.37,0.368,0.366,0.365,0.363,0.362,0.36,0.36,0.359,0.358,0.358,0.357,0.356,0.356,0.355,0.354,0.354,0.353,0.352,0.351,0.351,0.35,0.349,0.349,0.348,0.347,0.347,0.346,0.345,0.344,0.344,0.343,0.343,0.342,0.342,0.341,0.34,0.34,0.34,0.339,0.339,0.339,0.338,0.338,0.338,0.337,0.337,0.337,0.337,0.336,0.335,0.335,0.335,0.335,0.334,0.334,0.333,0.333,0.333,0.333,0.333,0.333,0.333,0.333,0.332,0.332,0.332,0.332,0.332,0.332,0.332,0.332,0.332,0.332,0.331,0.331,0.331,0.331,0.331,0.33,0.33,0.33,0.33,0.33,0.329,0.329,0.329,0.329,0.328,0.328,0,0.328,0.328,0.328,0.328,0.328,0.328,0.328,0.328,0.328,0.328,0.328,0.328,0.328,0.328,0.328,0.328,0.328,0.328,0.329,0.329,0.329,0.329,0.329,0.329,0.329,0.329,0.329,0.329,0.33,0.33,0.33,0.331,0.331,0.332,0.332,0.333,0.333,0.334,0.335,0.336,0.337,0.337,0.338,0.338,0.339,0.34,0.34,0.34,0.34,0.341,0.342,0.342,0.343,0.344,0.345,0,0.347,0.348,0.349,0.351,0.351,0.352,0.353,0.354,0.354,0.355,0.356,0.356,0.357,0,0,0,0.49,0.489,0.488,0.486,0.485,0.484,0.483,0.482,0.482,0.481,0.481,0.481,0.481,0.481,0.481,0.481,0.481,0.481,0.481,0.481,0.481,0.481,0.481,0.48,0.48,0.479,0.479,0.479,0.479,0.48,0.481,0.481,0.482,0.482,0.482,0.482,0.482,0.482,0.482,0.482,0.481,0.481,0.481,0.48,0.48,0.479,0.479,0.479,0.479,0.479,0.479,0.479,0.479,0.479,0.479,0.479,0.479,0.48,0.48,0.479,0.479,0.479,0.479,0.479,0.478,0.478,0.477,0.477,0.477,0.477,0.477,0.477,0.476,0.476,0.476,0.476,0.476,0.476,0.476,0.476,0.476,0.475,0.475,0.475,0.474,0.473,0.473,0.472,0.472,0.471,0.471,0.47,0.469,0.469,0.468,0.468,0.467,0.467,0.466,0.465,0.464,0.463,0.462,0.461,0.46,0.458,0.457,0.456,0.454,0.453,0.452,0.451,0.45,0.449,0.448,0.447,0.447,0.446,0.445,0.445,0,0,0,0.505,0.51,0.515,0,0,0.525,0.528,0.53,0.532,0.533,0.534,0.534,0,0,0,0,0,0,0,0,0,0,0,0,0,0,0,0,0,0,0,0,0,0,0,0,0,0,0,0,0,0,0,0,1.31,1.31,1.308,1.305,1.302,1.297,1.291,1.283,1.28,1.278,1.272,1.27,1.267,1.267,1.265,1.267,1.272,1.275,1.272,0,0,0,0,0,0,0,0,0,0,0,0,0,0,0,0,0,0,0,0,0,0,0,0,0,0
0,0,0,0,0,0,0,0,0,0,0,0,0,0,0,0,0,0,0,0,0,0,0,0,0,0,0,0,0,0,0,0,0,0,0,0,0,0,0,0,0,0,0,0,0,0,0,0.521,0.522,0.522,0.522,0.523,0.523,0.523,0.523,0.524,0.524,0.525,0.525,0.526,0.526,0.527,0.528,0.529,0.53,0.531,0.532,0.533,0.534,0.535,0.535,0.535,0.535,0.534,0.534,0.534,0.533,0.533,0.533,0.532,0.532,0.532,0.532,0.532,0.532,0.533,0.533,0.533,0.534,0.535,0.536,0.537,0.538,0.539,0.539,0.539,0.539,0.538,0.536,0.535,0.534,0.534,0.534,0.533,0.534,0.535,0.535,0,0.539,0.54,0.539,0.538,0.538,0.536,0.536,0.535,0.534,0.533,0.533,0.533,0.532,0.532,0,0,0,0,0,0,0,0,0,0,0,0,0,0,0.395,0.395,0.396,0.397,0.398,0.399,0.4,0.401,0.402,0.403,0.404,0.405,0.406,0.406,0,0.408,0.409,0.41,0.411,0,0,0,0,0.512,0.513,0.513,0.513,0.514,0.515,0.515,0.516,0.516,0.516,0.516,0.516,0.516,0.516,0.515,0.515,0.515,0.515,0.515,0.515,0.515,0.514,0.514,0.513,0.513,0.513,0.513,0.513,0.513,0.512,0.512,0.512,0.512,0.512,0.512,0.512,0.512,0.512,0.512,0.511,0.511,0.51,0.51,0.51,0.509,0.509,0.508,0.508,0.507,0.507,0.507,0.507,0.507,0.507,0.508,0.509,0.509,0.51,0.51,0.51,0.51,0.511,0.511,0.511,0.511,0.511,0.511,0.51,0.511,0.51,0.51,0.51,0.51,0.51,0.51,0.51,0.51,0,0,0,0,0,0,0,0,0,0,0,0,0,0.387,0,0,0,0.382,0.382,0.381,0.38,0.38,0.379,0.378,0.377,0.376,0.375,0.373,0.371,0.369,0.368,0.366,0.364,0.362,0.361,0.36,0.359,0.358,0.358,0.357,0.356,0.356,0.355,0.354,0.353,0.353,0.352,0.351,0.351,0.35,0.349,0.349,0.348,0.347,0.347,0.346,0.345,0.345,0.344,0.343,0.343,0.342,0.342,0.341,0.34,0.34,0.34,0.339,0.339,0.338,0.338,0.338,0.337,0.337,0.337,0.337,0.336,0.336,0.335,0.335,0.335,0.334,0.334,0.333,0.333,0.333,0.333,0.333,0.333,0.332,0.332,0.332,0.332,0.332,0.332,0.332,0.332,0.332,0.332,0.332,0.332,0.331,0.331,0.331,0.331,0.331,0.331,0.33,0.33,0.33,0.33,0.329,0.329,0.329,0.329,0.328,0.328,0.328,0,0,0.328,0.327,0.327,0.327,0.327,0.327,0.327,0.327,0.327,0.327,0.327,0.327,0.327,0.327,0.327,0.327,0.327,0.327,0.327,0.328,0.328,0.328,0.328,0.328,0.328,0.328,0.328,0.329,0.329,0.329,0.33,0.33,0.331,0.331,0.332,0.332,0.333,0.333,0.334,0.335,0.336,0.336,0.337,0.337,0.338,0.339,0.339,0.339,0.339,0.339,0.34,0.341,0.342,0.343,0.344,0,0.346,0.347,0.348,0.35,0.351,0.352,0.352,0.353,0.354,0.354,0.355,0.355,0.356,0.356,0,0,0,0.485,0,0,0.482,0.481,0.479,0.479,0.478,0.478,0.478,0.478,0.478,0.477,0.478,0.478,0.478,0.478,0.478,0.478,0.478,0.477,0.477,0.477,0.476,0.476,0.476,0.476,0.476,0.476,0.477,0.478,0.478,0.478,0.479,0.479,0.479,0.479,0.479,0.479,0.479,0.479,0.478,0.478,0.478,0.477,0.477,0.476,0.476,0.476,0.476,0.476,0.476,0.476,0.476,0.477,0.477,0.477,0.477,0.477,0.476,0.476,0.476,0.476,0.475,0.475,0.475,0.474,0.474,0.474,0.474,0.474,0.474,0.474,0.474,0.474,0.474,0.474,0.474,0.473,0.473,0.473,0.472,0.472,0.472,0.471,0.47,0.469,0.469,0.469,0.468,0.468,0.467,0.467,0.466,0.466,0.465,0.465,0.464,0.463,0.462,0.462,0.461,0.46,0.459,0.458,0.456,0.455,0.454,0.453,0.452,0.451,0.45,0.449,0.449,0.448,0.447,0.446,0.445,0.445,0,0,0,0,0,0.516,0,0,0.527,0.53,0.533,0.534,0.535,0.536,0.536,0,0,0,0,0,0,0,0,0,0,0,0,0,0,0,0,0,0,0,0,0,0,0,0,0,0,0,0,0,0,0,0,0,1.28,1.291,1.297,1.294,1.288,1.28,1.275,1.272,1.27,1.267,1.265,0,0,0,1.267,1.272,1.272,0,0,0,0,0,0,0,0,0,0,0,0,0,0,0,0,0,0,0,0,0,0,0,0,0,0,0
0,0,0,0,0,0,0,0,0,0,0,0,0,0,0,0,0,0,0,0,0,0,0,0,0,0,0,0,0,0,0,0,0,0,0,0,0,0,0,0,0,0,0,0,0,0,0,0.52,0.521,0.521,0.522,0.522,0.523,0.523,0.523,0.524,0.524,0.524,0.524,0.525,0.525,0.526,0.527,0.528,0.528,0.529,0.53,0.531,0.531,0.532,0.532,0.532,0.531,0.531,0.53,0.53,0.529,0.529,0.529,0.528,0.528,0.528,0.528,0.528,0.528,0.528,0.529,0.529,0.53,0.531,0.532,0.532,0.533,0.533,0.534,0.534,0.533,0.533,0.531,0.53,0.529,0.529,0.529,0.528,0.529,0.53,0,0.535,0,0.538,0.538,0.537,0,0.536,0.535,0.535,0.534,0,0,0,0,0,0,0,0,0,0,0,0,0,0,0,0,0.393,0.393,0.394,0.394,0.395,0.395,0.396,0.397,0.398,0.399,0.4,0.401,0.402,0.403,0.403,0.404,0.405,0.406,0.406,0.407,0.408,0,0,0,0.507,0.507,0.509,0.51,0.51,0.511,0.511,0.512,0.512,0.513,0.513,0.513,0.513,0.513,0.513,0.513,0.512,0.512,0.512,0.512,0.512,0.512,0.512,0.512,0.511,0.511,0.51,0.51,0.51,0.51,0.51,0.51,0.509,0.509,0.509,0.509,0.509,0.509,0.509,0.508,0.508,0.508,0.507,0.507,0.506,0.506,0.505,0.505,0.504,0.503,0.503,0.503,0.502,0.502,0.503,0.503,0.504,0.504,0.505,0.505,0.506,0.507,0.507,0.507,0.507,0.507,0.508,0.508,0.508,0.508,0.508,0.508,0.508,0.508,0.508,0.508,0.509,0.509,0.509,0.51,0,0,0,0,0,0,0,0,0,0,0,0,0.387,0.386,0.385,0.384,0.383,0.382,0.381,0.38,0.38,0.379,0.378,0.378,0.376,0.375,0.373,0.371,0.369,0.367,0.365,0.363,0.361,0.36,0.359,0.358,0.358,0.357,0.356,0.356,0.355,0.354,0.353,0.352,0.352,0.351,0.35,0.35,0.349,0.348,0.348,0.347,0.347,0.347,0.346,0.345,0.345,0.344,0.343,0.342,0.342,0.341,0.341,0.34,0.339,0.339,0.339,0.338,0.338,0.337,0.337,0.337,0.337,0.336,0.336,0.336,0.336,0.335,0.335,0.334,0.334,0.333,0.333,0.333,0.332,0.332,0.332,0.332,0.332,0.332,0.331,0.331,0.332,0.331,0.331,0.331,0.331,0.331,0.332,0.331,0.331,0.331,0.331,0.331,0.33,0.33,0.33,0.329,0.329,0.329,0.329,0.329,0.328,0.328,0.328,0.327,0.327,0.327,0.327,0.327,0.327,0.327,0.326,0.327,0.327,0.327,0.327,0.326,0.326,0.326,0.326,0.326,0.326,0.326,0.326,0.326,0.327,0.327,0.327,0.327,0.327,0.327,0.327,0.327,0.328,0.328,0.328,0.328,0.329,0.329,0.33,0.33,0.331,0.331,0.331,0.332,0.333,0.334,0.334,0.335,0.335,0.336,0.337,0.337,0.337,0.337,0.337,0.337,0.338,0.339,0.339,0.34,0.341,0.342,0.344,0.345,0.346,0.348,0.349,0.35,0.351,0.351,0.352,0.353,0.354,0.354,0.355,0.355,0.356,0.356,0,0,0,0.481,0.479,0.478,0.477,0.476,0.475,0.475,0.475,0.474,0.474,0.474,0.474,0.474,0.474,0.474,0.475,0.475,0.475,0.474,0.474,0.474,0.473,0.473,0.473,0.473,0.473,0.473,0.473,0.474,0.474,0.475,0.475,0.475,0.475,0.476,0.476,0.476,0.476,0.476,0.475,0.475,0.475,0.475,0.475,0.474,0.474,0.474,0.474,0.474,0.474,0.474,0.474,0.475,0.474,0.474,0.474,0.474,0.473,0.473,0.473,0.473,0.473,0.472,0.472,0.472,0.471,0.471,0.472,0.472,0.471,0.471,0.471,0.471,0.471,0.471,0.471,0.471,0.471,0.471,0.471,0.47,0.47,0.469,0.468,0.468,0.467,0.467,0.467,0.466,0.466,0.465,0.465,0.464,0.463,0.463,0.462,0.462,0.461,0.461,0.46,0.459,0.459,0.458,0.457,0.456,0.455,0.454,0.453,0.452,0.451,0.45,0.45,0.449,0.448,0.447,0.446,0.445,0.445,0.444,0.443,0,0,0,0,0,0,0.53,0.533,0.536,0.537,0.537,0.537,0,0,0,0,0,0,0,0,0,0,0,0,0,0,0,0,0,0,0,0,0,0,0,0,0,0,0,0,0,0,0,0,0,0,1.252,1.247,1.28,1.286,1.278,1.272,1.267,1.265,1.262,1.262,1.257,0,0,0,1.265,1.27,1.291,0,0,0,0,0,0,0,0,0,0,0,0,0,0,0,0,0,0,0,0,0,0,0,0,0,0,0
0,0,0,0,0,0,0,0,0,0,0,0,0,0,0,0,0,0,0,0,0,0,0,0,0,0,0,0,0,0,0,0,0,0,0,0,0,0,0,0,0,0,0,0,0,0,0,0,0.52,0.521,0.522,0.522,0.523,0.523,0.523,0.524,0.524,0.524,0.524,0.524,0.524,0.524,0.525,0.525,0.526,0.526,0.527,0.527,0.528,0.528,0.528,0.527,0.527,0.527,0.526,0.526,0.525,0.525,0.525,0.524,0.524,0.524,0.524,0.524,0.524,0.524,0.525,0.525,0.526,0.527,0.527,0.528,0.528,0.529,0.529,0.529,0.529,0.528,0.526,0.526,0.526,0,0,0,0,0.527,0,0.532,0,0,0,0,0,0,0,0,0,0,0,0,0,0,0,0,0,0,0,0.393,0.392,0.392,0.392,0.392,0.392,0.392,0.393,0.393,0.394,0.395,0.395,0.396,0.397,0.398,0.398,0.399,0.4,0.401,0.401,0.402,0.403,0.404,0,0.405,0.406,0,0,0,0,0,0.505,0.506,0.506,0.507,0.507,0.508,0.509,0.509,0.509,0.51,0.509,0.509,0.51,0.51,0.51,0.509,0.509,0.509,0.509,0.509,0.51,0.509,0.509,0.509,0.508,0.508,0.508,0.507,0.507,0.507,0.507,0.507,0.507,0.506,0.506,0.506,0.506,0.505,0.505,0.505,0.505,0.504,0.503,0.503,0.502,0.501,0.5,0.5,0.499,0.499,0.498,0.498,0.498,0.498,0.498,0.5,0.5,0.501,0.502,0.503,0.503,0.504,0.504,0.505,0.505,0.505,0.505,0.505,0.505,0.505,0.506,0.506,0.506,0.506,0.506,0.507,0.507,0,0,0,0,0,0,0,0,0,0,0,0,0,0.389,0.387,0.386,0,0,0.383,0.382,0.381,0.381,0.38,0.379,0.379,0.378,0.377,0.375,0.373,0.371,0.369,0.367,0.365,0.362,0.361,0.359,0.358,0.358,0.357,0.356,0.356,0.355,0.354,0.353,0.352,0.351,0.351,0.35,0.35,0.349,0.348,0.348,0.348,0.347,0.347,0.346,0.346,0.345,0.344,0.344,0.343,0.342,0.341,0.341,0.34,0.34,0.339,0.339,0.338,0.338,0.337,0.337,0.337,0.336,0.336,0.336,0.336,0.335,0.335,0.335,0.334,0.334,0.333,0.333,0.332,0.332,0.332,0.332,0.331,0.331,0.331,0.331,0.331,0.331,0.331,0.331,0.331,0.331,0.331,0.331,0.331,0.331,0.331,0.33,0.33,0.33,0.33,0.33,0.329,0.329,0.329,0.329,0.329,0.328,0.328,0.328,0.327,0.327,0.327,0.327,0.326,0.326,0.326,0.326,0.326,0.326,0.326,0.326,0.326,0.326,0.326,0.326,0.326,0.326,0.326,0.326,0.326,0.326,0.326,0.326,0.326,0.326,0.326,0.327,0.327,0.327,0.327,0.327,0.328,0.328,0.328,0.329,0.329,0.33,0.33,0.33,0.331,0.331,0.332,0.333,0.334,0.334,0.335,0.335,0.336,0.336,0.336,0.336,0.336,0.336,0.336,0.337,0.338,0.339,0.34,0.341,0.343,0.344,0.345,0.347,0.348,0.349,0.35,0.351,0.351,0.352,0.353,0.353,0.354,0.354,0.355,0.355,0.356,0,0,0,0,0.475,0.474,0.473,0.472,0.472,0.471,0.471,0.471,0.471,0.471,0.471,0.471,0.471,0.471,0.471,0.472,0.472,0.471,0.471,0.471,0.471,0.471,0.47,0.47,0.47,0.47,0.471,0.471,0.472,0.472,0.472,0.472,0.473,0.473,0.473,0.473,0.473,0.472,0.472,0.472,0.472,0.472,0.472,0.472,0.472,0.472,0.472,0.472,0.472,0.472,0.472,0.471,0.471,0.471,0.471,0.471,0.47,0.47,0.47,0.469,0.469,0.469,0.468,0.468,0.468,0.468,0.468,0.468,0.469,0.469,0.469,0.469,0.469,0.469,0.469,0.469,0.468,0.468,0.468,0.467,0.467,0.466,0.466,0.465,0.465,0.465,0.464,0.463,0.463,0.462,0.462,0.461,0.461,0.46,0.46,0.46,0.459,0.459,0.458,0.457,0.457,0.456,0.455,0.454,0.453,0.452,0.452,0.451,0.45,0.45,0.449,0.448,0.447,0.447,0.446,0.445,0.444,0.443,0,0.441,0.441,0,0,0,0.535,0.537,0.539,0.539,0,0,0,0,0,0,0,0,0,0,0,0,0,0,0,0,0,0,0,0,0,0,0,0,0,0,0,0,0,0,0,0,0,0,0,0,0,0,1.267,1.275,1.27,1.262,1.259,1.257,1.257,1.254,0,0,0,0,0,0,0,0,0,0,0,0,0,0,0,0,0,0,0,0,0,0,0,0,0,0,0,0,0,0,0,0,0,0
0,0,0,0,0,0,0,0,0,0,0,0,0,0,0,0,0,0,0,0,0,0,0,0,0,0,0,0,0,0,0,0,0,0,0,0,0,0,0,0,0,0,0,0,0,0,0,0,0,0,0.521,0.522,0.522,0.523,0.523,0.524,0.524,0.523,0.523,0.523,0.523,0.523,0.523,0.523,0.523,0.523,0.523,0.523,0.523,0.523,0.523,0.523,0.523,0.523,0.522,0.522,0.521,0.521,0.521,0.52,0.52,0.52,0.52,0.52,0.52,0.52,0.52,0.521,0.521,0.522,0.523,0.523,0.523,0.524,0.525,0.524,0.524,0.523,0,0.521,0.521,0.52,0.52,0.52,0.521,0,0,0,0,0,0,0,0,0,0,0,0,0,0,0,0,0,0.392,0.392,0.391,0.391,0.391,0.391,0.391,0.391,0.391,0.391,0.392,0.392,0.392,0.393,0.394,0.394,0.395,0.396,0.396,0.397,0.398,0.399,0.399,0.4,0.4,0.401,0.402,0.402,0.403,0.403,0,0,0,0,0,0,0.501,0.502,0.503,0.503,0.504,0.505,0.505,0.505,0.505,0.505,0.506,0.506,0.506,0.507,0.507,0.507,0.507,0.507,0.507,0.507,0.507,0.507,0.507,0.507,0.506,0.506,0.505,0.505,0.505,0.505,0.504,0.504,0.503,0.503,0.503,0.503,0.503,0.503,0.502,0.502,0.501,0.501,0.5,0.499,0.499,0.498,0.497,0.497,0.496,0.496,0.496,0.496,0.496,0.495,0.496,0.496,0.497,0.498,0.499,0.5,0.5,0.501,0.501,0.502,0.502,0.502,0.502,0.502,0.502,0.502,0.503,0.503,0.504,0.504,0.505,0.505,0,0,0,0,0,0,0,0,0,0,0,0,0,0,0.389,0.387,0,0,0,0.383,0.383,0.381,0.381,0.38,0.38,0.379,0.378,0.376,0.375,0.372,0.37,0.368,0.366,0.364,0.362,0.36,0.359,0.358,0.357,0.356,0.356,0.355,0.354,0.353,0,0.351,0.35,0.35,0.349,0.349,0.348,0.348,0.348,0.347,0.347,0.346,0.346,0.345,0.345,0.344,0.343,0.342,0.342,0.341,0.34,0.34,0.339,0.339,0.338,0.338,0.337,0.337,0.337,0.336,0.336,0.336,0.336,0.335,0.335,0.334,0.334,0.334,0.333,0.333,0.332,0.332,0.331,0.331,0.331,0.331,0.331,0.331,0.331,0.331,0.331,0.331,0.33,0.33,0.33,0.33,0.33,0.33,0.33,0.33,0.329,0,0.329,0.329,0.329,0.329,0.329,0.329,0.328,0.328,0.328,0.327,0.327,0.327,0.326,0.326,0.326,0.326,0.326,0.326,0.326,0.326,0.326,0.326,0.326,0.326,0.325,0.325,0.325,0.325,0.325,0.325,0.325,0.325,0.325,0.325,0.326,0.326,0.326,0.326,0.326,0.326,0.326,0.326,0.327,0.327,0.327,0.328,0.328,0.328,0.329,0.329,0.33,0.33,0.331,0.331,0.332,0.333,0.333,0.334,0.334,0.335,0.334,0.335,0.334,0.334,0.335,0.335,0.336,0.336,0.337,0.338,0.339,0.341,0.342,0.344,0.345,0.347,0.348,0.349,0.35,0.351,0.351,0.352,0.352,0.353,0.353,0.354,0.355,0.355,0.356,0,0,0.472,0.471,0.471,0.47,0.469,0.468,0.468,0.468,0.468,0.468,0.468,0.468,0.468,0.468,0.468,0.468,0.469,0.469,0.468,0.468,0.468,0.468,0.468,0.468,0.467,0.467,0.468,0.468,0.468,0.468,0.469,0.469,0.469,0.469,0.469,0.469,0.469,0.469,0.469,0.469,0.469,0.469,0.469,0.469,0.469,0.469,0.469,0.469,0.469,0.469,0.469,0.469,0.469,0.468,0.468,0.468,0.467,0.467,0.467,0.467,0.466,0.466,0.466,0.466,0.465,0.465,0.466,0.466,0.466,0.466,0.466,0.466,0.466,0.466,0.467,0.466,0.466,0.466,0.466,0.465,0.465,0.464,0.464,0.463,0.463,0.462,0.462,0.462,0.461,0.461,0.46,0.46,0.459,0.459,0.459,0.458,0.458,0.457,0.457,0.457,0.456,0.455,0.455,0.454,0.453,0.452,0.452,0.451,0.451,0.45,0.449,0.449,0.448,0.447,0.447,0.446,0.445,0.444,0.443,0.441,0.441,0,0,0,0,0,0,0,0,0,0,0,0,0,0,0,0,0,0,0,0,0,0,0,0,0,0,0,0,0,0,0,0,0,0,0,0,0,0,0,0,0,0,0,0,0,0,0,0,0,1.257,1.254,1.254,1.252,1.252,0,0,0,0,0,0,0,0,0,0,0,0,0,0,0,0,0,0,0,0,0,0,0,0,0,0,0,0,0,0,0,0,0,0
0,0,0,0,0,0,0,0,0,0,0,0,0,0,0,0,0,0,0,0,0,0,0,0,0,0,0,0,0,0,0,0,0,0,0,0,0,0,0,0,0,0,0,0,0,0,0,0,0,0,0.52,0.521,0.521,0.522,0.522,0.523,0.523,0.523,0.522,0.522,0.521,0.52,0.52,0.519,0.519,0.519,0.519,0.519,0.519,0.519,0.519,0.519,0.519,0.518,0.518,0.517,0.517,0.517,0.516,0.516,0.516,0.516,0.516,0.516,0.516,0.516,0.516,0.516,0.516,0.517,0.517,0.518,0.519,0.519,0.52,0,0,0.519,0.518,0.517,0.517,0.517,0.516,0.517,0.518,0,0,0,0,0,0,0,0,0,0,0,0,0,0,0.39,0.39,0.39,0.39,0.39,0.39,0.39,0.39,0.39,0.39,0.39,0.391,0.391,0.391,0.392,0.392,0.393,0.394,0.394,0.394,0.395,0.395,0.396,0.397,0.397,0.398,0.399,0.399,0.4,0.4,0.401,0.401,0,0,0,0,0,0,0.497,0.498,0.499,0.5,0.5,0.5,0.5,0.501,0.501,0.501,0.502,0.502,0.502,0.503,0.503,0.503,0.503,0.504,0.504,0.504,0.504,0.504,0.504,0.503,0.503,0.503,0.502,0.502,0.502,0.501,0.501,0.5,0.5,0.5,0.5,0.5,0.5,0.5,0.499,0.499,0.499,0.498,0.498,0.497,0.497,0.496,0.496,0.495,0.494,0.494,0.493,0.493,0.493,0.493,0.493,0.494,0.494,0.495,0.496,0.496,0.497,0.498,0.498,0.498,0.499,0.498,0.499,0.499,0.499,0.499,0.5,0.5,0.501,0.501,0.502,0.502,0.503,0,0,0,0,0,0,0,0,0,0,0,0,0,0,0.389,0.388,0,0.386,0.385,0.384,0.382,0.381,0.381,0.38,0.379,0.378,0.377,0.376,0.374,0.372,0.369,0.367,0.365,0.363,0.361,0.359,0.358,0.357,0.356,0.356,0.355,0.354,0.353,0.352,0,0.35,0.35,0.349,0.349,0.348,0.348,0.347,0.347,0.347,0.346,0.346,0.345,0.345,0.344,0.343,0.343,0.342,0.341,0.341,0.34,0.34,0.339,0.339,0.338,0.337,0.337,0.337,0.336,0.336,0.336,0.335,0.335,0.335,0.334,0.334,0.334,0.333,0.333,0.332,0.332,0.332,0.331,0.331,0.331,0.331,0.331,0.33,0.33,0.33,0.33,0.33,0.33,0.33,0.33,0.329,0.33,0.329,0.329,0.329,0.329,0,0.328,0.328,0.328,0.328,0.328,0.328,0.328,0.328,0.327,0.327,0.326,0.326,0.326,0.325,0.325,0.325,0.325,0.325,0.325,0.325,0.325,0.325,0.325,0.325,0.325,0.325,0.325,0.325,0.325,0.325,0.325,0.325,0.325,0.325,0.325,0.325,0.325,0.326,0.326,0.326,0.326,0.326,0.326,0.326,0.327,0.327,0.327,0.328,0.328,0.328,0.329,0.329,0.33,0.33,0.331,0,0,0.332,0.333,0.333,0.333,0.333,0.333,0.333,0.333,0.334,0.334,0.335,0.336,0.337,0.338,0.34,0.341,0.343,0.344,0.346,0.347,0.348,0.349,0.35,0.351,0.351,0.352,0.352,0.353,0.354,0.354,0.355,0.356,0,0,0,0.469,0.468,0.467,0.467,0.467,0.466,0.466,0.466,0.465,0.465,0.465,0.465,0.465,0.465,0.466,0.466,0.466,0.466,0.466,0.466,0.466,0.466,0.465,0.465,0.466,0.466,0.466,0.466,0.466,0.466,0.466,0.466,0.466,0.466,0.466,0.466,0.466,0.466,0.466,0.466,0.466,0.466,0.466,0.466,0.466,0.466,0.466,0.466,0.466,0.466,0.466,0.466,0.465,0.465,0.465,0.464,0.464,0.463,0.463,0.463,0.463,0.463,0.462,0.462,0.462,0.462,0.462,0.463,0.463,0.463,0.463,0.463,0.464,0.464,0.464,0.463,0.463,0.463,0.463,0.462,0.462,0.461,0.461,0.461,0.46,0.46,0.459,0.459,0.459,0.458,0.458,0.458,0.457,0.457,0.456,0.456,0.456,0.455,0.455,0.454,0.454,0.453,0.453,0.452,0.451,0.451,0.45,0.45,0.449,0.449,0.448,0.448,0.447,0.446,0.445,0.444,0.443,0.442,0.441,0.441,0.44,0.44,0,0,0,0,0,0,0,0,0,0,0,0,0,0,0,0,0,0,0,0,0,0,0,0,0,0,0,0,0,0,0,0,0,0,0,0,0,0,0,0,0,0,0,0,0,0,0,0,1.257,1.257,1.254,0,0,0,0,0,0,0,0,0,0,0,0,0,0,0,0,0,0,0,0,0,0,0,0,0,0,0,0,0,0,0,0,0,0,0
0,0,0,0,0,0,0,0,0,0,0,0,0,0,0,0,0,0,0,0,0,0,0,0,0,0,0,0,0,0,0,0,0,0,0,0,0,0,0,0,0,0,0,0,0,0,0,0,0.516,0.517,0.518,0.519,0.52,0.52,0.521,0.522,0.522,0.522,0.521,0.52,0.519,0.519,0.518,0.517,0.516,0.516,0.515,0.515,0.515,0.514,0.514,0.514,0.514,0.514,0.514,0.513,0.513,0.513,0.513,0.513,0.512,0.512,0.512,0.512,0.512,0.511,0.511,0.511,0.511,0.512,0.513,0.513,0.513,0.514,0.515,0.515,0.515,0.514,0.513,0.513,0.513,0.513,0.511,0.512,0,0,0,0,0,0,0,0,0,0,0,0,0,0.388,0.389,0.389,0.389,0.389,0.389,0.389,0.389,0.389,0.389,0.389,0.39,0.39,0.39,0.391,0.391,0.391,0.392,0.392,0.393,0.393,0.394,0.394,0.395,0.395,0.396,0.396,0.397,0.398,0.398,0.399,0,0.399,0,0,0,0,0,0.492,0.494,0.494,0.495,0.496,0.496,0.496,0.497,0.497,0.497,0.497,0.498,0.498,0.498,0.498,0.499,0.499,0.5,0.5,0.5,0.5,0.5,0.5,0.5,0.5,0.499,0.499,0.498,0.498,0.498,0.498,0.497,0.497,0.497,0.497,0.497,0.496,0.496,0.496,0.496,0.496,0.496,0.496,0.495,0.495,0.495,0.494,0.494,0.493,0.493,0.492,0.492,0.492,0.491,0.491,0.491,0.492,0.492,0.492,0.493,0.494,0.494,0.495,0.495,0.496,0.496,0.496,0.496,0.496,0.496,0.496,0.496,0.496,0.497,0.498,0.498,0.498,0.499,0.499,0.5,0,0,0,0,0,0,0,0,0,0,0,0,0.39,0.389,0.388,0.387,0.386,0.385,0.384,0.382,0.381,0.38,0.379,0.378,0.377,0.376,0.375,0.372,0.37,0,0.366,0.364,0.362,0.361,0.359,0.358,0.357,0.356,0.355,0.355,0.354,0.353,0.352,0.351,0.35,0.349,0.348,0.348,0.348,0.347,0.347,0.347,0.346,0.346,0.345,0.345,0.344,0.344,0.343,0.342,0.341,0.341,0.34,0.34,0.339,0.339,0.338,0.338,0.337,0.337,0.336,0.336,0.336,0.335,0.335,0.335,0.334,0.334,0.334,0.333,0.333,0.332,0.332,0.332,0.331,0.331,0.331,0.331,0.33,0.33,0.33,0.33,0.33,0.33,0.33,0.329,0.329,0.329,0.329,0.329,0.328,0.328,0.328,0,0.328,0.328,0.328,0.328,0.327,0.327,0.327,0.327,0.327,0.326,0.326,0.326,0.325,0.325,0.325,0.325,0.325,0.325,0.325,0.325,0.325,0.325,0.325,0.325,0.325,0.325,0.324,0.324,0.324,0.324,0.324,0.324,0.324,0.324,0.324,0.325,0.325,0.325,0.325,0.325,0.325,0.325,0.326,0.326,0.326,0.326,0.326,0.327,0.327,0.327,0.327,0.328,0.328,0.328,0.329,0.329,0,0,0,0,0.331,0.331,0.332,0.331,0.332,0.332,0.332,0.333,0.334,0.334,0.335,0.336,0.338,0.34,0.341,0.343,0.344,0.346,0.347,0.348,0.349,0.349,0.35,0.351,0.352,0.353,0.353,0.354,0.355,0,0.357,0,0,0,0.466,0.465,0.465,0.464,0.463,0.463,0.463,0.462,0.462,0.462,0.462,0.462,0.462,0.462,0.463,0.463,0.463,0.463,0.463,0.463,0.463,0.463,0.463,0.463,0.463,0.463,0.463,0.463,0.462,0.462,0.462,0.462,0.462,0.462,0.462,0.462,0.462,0.462,0.463,0.463,0.463,0.463,0.463,0.463,0.463,0.464,0.464,0.464,0.463,0.463,0.463,0.462,0.462,0.461,0.461,0.461,0.46,0.46,0.46,0.46,0.46,0.459,0.459,0.459,0.459,0.459,0.46,0.46,0.46,0.46,0.461,0.461,0.461,0.461,0.461,0.461,0.461,0.46,0.46,0.46,0.459,0.459,0.459,0.458,0.458,0.458,0.457,0.457,0.456,0.456,0.456,0.455,0.455,0.454,0.454,0.454,0.453,0.453,0.453,0.452,0.452,0.451,0.451,0.45,0.45,0.45,0.449,0.449,0.448,0.448,0.448,0.447,0.446,0.445,0.444,0.443,0.442,0.441,0.441,0.44,0.44,0.439,0,0,0,0,0,0,0,0,0,0,0,0,0,0,0,0,0,0,0,0,0,0,0,0,0,0,0,0,0,0,0,0,0,0,0,0,0,0,0,0,0,0,0,0,0,0,0,1.262,1.259,1.259,0,0,0,0,0,0,0,0,0,0,0,1.693,1.702,0,0,0,0,0,0,0,0,0,0,0,0,0,0,0,0,0,0,0,0,0,0
0,0,0,0,0,0,0,0,0,0,0,0,0,0,0,0,0,0,0,0,0,0,0,0,0,0,0,0,0,0,0,0,0,0,0,0,0,0,0,0,0,0,0,0,0,0,0,0,0,0.515,0.516,0.517,0.518,0.519,0.519,0.52,0.52,0.52,0.519,0.519,0.517,0.516,0.515,0.514,0.513,0.512,0.511,0.511,0.51,0.51,0.51,0.51,0.51,0.51,0.51,0.51,0.51,0.51,0.51,0.51,0.51,0.51,0.51,0.51,0.509,0.509,0.508,0.508,0.508,0.508,0.508,0.508,0.508,0.509,0.509,0.509,0.51,0.51,0.509,0.508,0.508,0.508,0.507,0,0,0,0,0,0,0,0,0,0,0,0,0,0,0.385,0.386,0,0,0.388,0.388,0.388,0.388,0.388,0.389,0.389,0.389,0.389,0.39,0.39,0.39,0.39,0.391,0.392,0.392,0.393,0,0,0,0,0,0,0,0,0,0,0,0,0,0.488,0.488,0.489,0.489,0.49,0.491,0.491,0.492,0.492,0.492,0.492,0.493,0.493,0.493,0.493,0.494,0.494,0.494,0.495,0.496,0.496,0.496,0.496,0.496,0.496,0.496,0.496,0.496,0.496,0.496,0.495,0.495,0.495,0.494,0.494,0.494,0.494,0.493,0.493,0.493,0.493,0.492,0.493,0.493,0.493,0.493,0.492,0.492,0.492,0.492,0.492,0.492,0.491,0.491,0.491,0.49,0.49,0.49,0.49,0.49,0.49,0.49,0.491,0.491,0.492,0.492,0.492,0.493,0.493,0.493,0.493,0.493,0.493,0.493,0.493,0.494,0.494,0.495,0.495,0.495,0.495,0.496,0.496,0.496,0,0,0,0,0,0,0,0,0,0,0,0,0,0.389,0.388,0.387,0.387,0.385,0.383,0.382,0.381,0.38,0.378,0.377,0.376,0.375,0.373,0,0.369,0.367,0,0,0,0.36,0.359,0.358,0.357,0.356,0.355,0.354,0.353,0.352,0.351,0.35,0.349,0.348,0.348,0.347,0.347,0.347,0.347,0.346,0.346,0.345,0.345,0.344,0.343,0.343,0.342,0.342,0.341,0.34,0.34,0.339,0.339,0.338,0.338,0.337,0.337,0.336,0.336,0.336,0.335,0.335,0.335,0.334,0.334,0.334,0.333,0.333,0.333,0.332,0.332,0.332,0.331,0.331,0.331,0.33,0.33,0.33,0.33,0.33,0.329,0.329,0.329,0.329,0.329,0.328,0.328,0.328,0.328,0.328,0.327,0.327,0.327,0.327,0.327,0.327,0.327,0.327,0.327,0.326,0.326,0.326,0.325,0.325,0.324,0.324,0.324,0.324,0.324,0.324,0.324,0.324,0.324,0.324,0.324,0.324,0.324,0.324,0.324,0.324,0.324,0.324,0.324,0.324,0.324,0.324,0.324,0.324,0.324,0.324,0.324,0.325,0.325,0.325,0.325,0.325,0.325,0.326,0.326,0.326,0.326,0.326,0.327,0.327,0.327,0.327,0.328,0.328,0,0,0,0.33,0.33,0.33,0.33,0.33,0.331,0.331,0.331,0.332,0.332,0.333,0.334,0.335,0.337,0.338,0.34,0.341,0.343,0.344,0.346,0.347,0.348,0.348,0.349,0.35,0.351,0.351,0.353,0.353,0.354,0.354,0.355,0,0,0.464,0.463,0.462,0.462,0.462,0.461,0.461,0.46,0.46,0.46,0.46,0.46,0.46,0.46,0.46,0.46,0.46,0.461,0.46,0.461,0.461,0.461,0.461,0.461,0.461,0.461,0.461,0.46,0.46,0.46,0.459,0.459,0.459,0.459,0.459,0.459,0.46,0.46,0.46,0.46,0.46,0.46,0.46,0.46,0.46,0.461,0.461,0.461,0.461,0.461,0.46,0.46,0.459,0.459,0.459,0.458,0.458,0.457,0.457,0.457,0.457,0.457,0.457,0.456,0.456,0.456,0.457,0.457,0.457,0.457,0.458,0.458,0.458,0.458,0.458,0.458,0.458,0.458,0.458,0.458,0.458,0.457,0.457,0.457,0.457,0.456,0.456,0.455,0.455,0.455,0.454,0.454,0.453,0.453,0.453,0.452,0.452,0.452,0.451,0.451,0.451,0.45,0.45,0.449,0.449,0.449,0.449,0.448,0.448,0.448,0.448,0.447,0.446,0.446,0.445,0.444,0.443,0.442,0.441,0.441,0.44,0.439,0.439,0,0,0,0,0,0,0,0,0,0,0,0,0,0,0,0,0,0,0,0,0,0,0,0,0,0,0,0,0,0,0,0,0,0,0,0,0,0,0,0,0,0,0,0,0,0,0,1.27,0,0,0,0,0,0,0,0,0,1.688,1.688,1.688,1.688,1.693,1.693,1.693,0,0,0,0,0,0,0,0,0,0,0,1.634,1.622,1.609,0,0,0,0,0,0,0
0,0,0,0,0,0,0,0,0,0,0,0,0,0,0,0,0,0,0,0,0,0,0,0,0,0,0,0,0,0,0,0,0,0,0,0,0,0,0,0,0,0,0,0,0,0,0,0,0.513,0.514,0.515,0.516,0.517,0.518,0.518,0.518,0.518,0.518,0.517,0.516,0.515,0.513,0.512,0.51,0.51,0.509,0.507,0.507,0.507,0.506,0.506,0.506,0.507,0.506,0.506,0.507,0.507,0.507,0.507,0.507,0.507,0.507,0.507,0.507,0.507,0.506,0.505,0.505,0.505,0.505,0.505,0.505,0.505,0.505,0.505,0.505,0.505,0.506,0.505,0.505,0.505,0.505,0.505,0,0,0,0,0,0,0,0,0,0,0,0,0,0,0.383,0.385,0,0.387,0.387,0.387,0.387,0.387,0.388,0.388,0.388,0.388,0.388,0.389,0.389,0.389,0.39,0.39,0.391,0.392,0,0,0,0,0,0,0,0,0,0.488,0.488,0.488,0.488,0.488,0.488,0.488,0.488,0.489,0.489,0.489,0.49,0.489,0.49,0.49,0.49,0.49,0.49,0.49,0.49,0.491,0.491,0.492,0.492,0.493,0.493,0.493,0.493,0.493,0.493,0.493,0.493,0.493,0.493,0.492,0.492,0.492,0.492,0.491,0.491,0.491,0.491,0.491,0.491,0.491,0.491,0.491,0.491,0.491,0.49,0.49,0.49,0.49,0.49,0.49,0.49,0.49,0.489,0.489,0.489,0.489,0.489,0.489,0.489,0.489,0.489,0.489,0.49,0.49,0.49,0.49,0.49,0.49,0.49,0.49,0.49,0.49,0.49,0.49,0.491,0.49,0.491,0.492,0.492,0.492,0.492,0.493,0.493,0.493,0,0,0,0,0,0,0,0,0,0,0,0,0,0.389,0.388,0.388,0.387,0.385,0.383,0.382,0.381,0.379,0.378,0.376,0.375,0.373,0,0,0,0.366,0.364,0.362,0.361,0.359,0.358,0.357,0.356,0.355,0.355,0.354,0.353,0.352,0.351,0.35,0.349,0.348,0.347,0.347,0.347,0.346,0.346,0.346,0.345,0.345,0.344,0.344,0.343,0.342,0.341,0.341,0.34,0.34,0.339,0.339,0.338,0.338,0.337,0.337,0.337,0.336,0.336,0.335,0.335,0.335,0.335,0.334,0.334,0.333,0.333,0.333,0.332,0.332,0.332,0.331,0.331,0.331,0.33,0.33,0.33,0.33,0.329,0.329,0.329,0.329,0.329,0.328,0.328,0.328,0.328,0.328,0.328,0.327,0.327,0.327,0.327,0.327,0.326,0.326,0.326,0.326,0.326,0.326,0.325,0.325,0.324,0.324,0.324,0.324,0.324,0.324,0.324,0.324,0.324,0.324,0.324,0.324,0.324,0.324,0.324,0.324,0.324,0.324,0.324,0,0.324,0.324,0.324,0.324,0.324,0.324,0.324,0.324,0.324,0.324,0.324,0.324,0.324,0.325,0.325,0.325,0.325,0.326,0.326,0.326,0.326,0.326,0.326,0.326,0.327,0.327,0.327,0.327,0.328,0,0.329,0.329,0.329,0.329,0.33,0.33,0.33,0.331,0.331,0.332,0.333,0.334,0.335,0.336,0.338,0.34,0.341,0.342,0.344,0.345,0.346,0.347,0.348,0.349,0.35,0.351,0.352,0.352,0.353,0.354,0.354,0.355,0,0,0.462,0.461,0.46,0.46,0.459,0.458,0.458,0.458,0.458,0.457,0.457,0.457,0.457,0.457,0.458,0.458,0.458,0.458,0.458,0.459,0.459,0.459,0.459,0.459,0.458,0.458,0.458,0.458,0.457,0.457,0.457,0.457,0.456,0.456,0.456,0.457,0.457,0.457,0.457,0.457,0.457,0.457,0.458,0.458,0.458,0.458,0.458,0.458,0.458,0.458,0.457,0.457,0.456,0.456,0.455,0.455,0.455,0.455,0.455,0.454,0.454,0.454,0.454,0.454,0.454,0.454,0.454,0.455,0.455,0.455,0.455,0.456,0.456,0.456,0.456,0.456,0.456,0.456,0.456,0.456,0.456,0.455,0.455,0.455,0.454,0.454,0.454,0.453,0.453,0.453,0.452,0.452,0.452,0.451,0.451,0.45,0.45,0.45,0.45,0.449,0.449,0.449,0.448,0.448,0.448,0.448,0.448,0.448,0.448,0.447,0.447,0.446,0.446,0.445,0.444,0.443,0.441,0.441,0.44,0.44,0.439,0.438,0.438,0,0,0,0,0,0,0,0,0,0,0,0,0,0,0,0,0,0,0,0,0,0,0,0,0,0,0,0,0,0,0,0,0,0,0,0,0,0,0,0,0,0,0,0,0,0,0,0,0,0,0,0,0,0,0,0,1.684,1.684,1.684,1.688,1.688,1.688,1.688,1.688,1.688,0,0,0,0,0,0,0,0,1.643,1.63,1.617,1.609,0,0,0,0,0,0,0
0,0,0,0,0,0,0,0,0,0,0,0,0,0,0,0,0,0,0,0,0,0,0,0,0,0,0,0,0,0,0,0,0,0,0,0,0,0,0,0,0,0,0,0,0,0,0,0,0,0.513,0.514,0.515,0.516,0.516,0.516,0.516,0.516,0.516,0.514,0.513,0.511,0.51,0.509,0.507,0.506,0.505,0.505,0.504,0.504,0.504,0.503,0.503,0.504,0.504,0.505,0.505,0.505,0.505,0.505,0.505,0.505,0.505,0.505,0.505,0.504,0.504,0.503,0.503,0.503,0.502,0.503,0.502,0.503,0.503,0.503,0.503,0.504,0.504,0.504,0.504,0.505,0.504,0,0,0,0,0,0,0,0,0,0,0,0,0,0,0,0.382,0.383,0.384,0.385,0.386,0.386,0.386,0.386,0.386,0.387,0.387,0.387,0.387,0.388,0.388,0.389,0.389,0.39,0,0,0,0,0.487,0.488,0.487,0.488,0.488,0.487,0.487,0.487,0.487,0.487,0.488,0.487,0.488,0.488,0.488,0.487,0.488,0.488,0.487,0.488,0.488,0.487,0.487,0.487,0.488,0.488,0.488,0.488,0.489,0.489,0.489,0.49,0.49,0.49,0.49,0.49,0.49,0.49,0.49,0.49,0.49,0.489,0.489,0.489,0.489,0.488,0.488,0.488,0.488,0.489,0.489,0.489,0.488,0.488,0.488,0.488,0.488,0.487,0.488,0.488,0.488,0.488,0.488,0.488,0.487,0.488,0.487,0.487,0.487,0.487,0.487,0.487,0.487,0.487,0.487,0.487,0.488,0.488,0.488,0.488,0.488,0.488,0.488,0.488,0.488,0.488,0.488,0.488,0.488,0.489,0.489,0.489,0.49,0.49,0.49,0.49,0.49,0,0,0,0,0,0,0,0,0,0,0,0.389,0.389,0.388,0.388,0.387,0.385,0.383,0.381,0.38,0.378,0.376,0.375,0.373,0.371,0.37,0.368,0.366,0.364,0.362,0.361,0.36,0.359,0.358,0.357,0.356,0.355,0.354,0.353,0.352,0.351,0.35,0.349,0.348,0.348,0.347,0.347,0.346,0.346,0.346,0.345,0.345,0.344,0.344,0.343,0.342,0.341,0.341,0.34,0.34,0.339,0.339,0.338,0.338,0.337,0.337,0.337,0.336,0.336,0.336,0.335,0.335,0.335,0.334,0.334,0.333,0.333,0.333,0.332,0.332,0.332,0.331,0.331,0.331,0.33,0.33,0.33,0.33,0.329,0.329,0.329,0.328,0.328,0.328,0.328,0.328,0.328,0.327,0.327,0.327,0.327,0.327,0.326,0.326,0.326,0.326,0.326,0.326,0.326,0.325,0.325,0.325,0.324,0.324,0.324,0.323,0.323,0.323,0.323,0.323,0.323,0.323,0.323,0.324,0.324,0.324,0.324,0.324,0.324,0.323,0.323,0.323,0.323,0.323,0.323,0.323,0.323,0.323,0.323,0.323,0.323,0.324,0.324,0.324,0.324,0.324,0.324,0.324,0.324,0.325,0.325,0.325,0.325,0.326,0.326,0.326,0.326,0.326,0.326,0.326,0.326,0.327,0.327,0.328,0.328,0.328,0.329,0.329,0.33,0.33,0.33,0.331,0.331,0.332,0.333,0.334,0.335,0.336,0.338,0.339,0.341,0.343,0.344,0.345,0.346,0.347,0.348,0.35,0.35,0.351,0.352,0.353,0.353,0.353,0.354,0.355,0,0,0.458,0.458,0.458,0.457,0.456,0.456,0.456,0.455,0.455,0.455,0.455,0.455,0.455,0.455,0.456,0.456,0.456,0.456,0.456,0.457,0.457,0.456,0.456,0.456,0.456,0.455,0.455,0.454,0.454,0.453,0.453,0.453,0.453,0.453,0.453,0.453,0.454,0.454,0.454,0.454,0.455,0.455,0.455,0.455,0.455,0.455,0.455,0.454,0.454,0.454,0.453,0.453,0.453,0.452,0.452,0.452,0.452,0.452,0.452,0.452,0.451,0.451,0.451,0.451,0.451,0.452,0.452,0.452,0.452,0.453,0.453,0.453,0.453,0.454,0.454,0.454,0.454,0.454,0.454,0.454,0.454,0.454,0.453,0.453,0.453,0.452,0.452,0.451,0.451,0.45,0.45,0.45,0.449,0.449,0.449,0.449,0.448,0.448,0.448,0.448,0.447,0.447,0.447,0.447,0.447,0.447,0.447,0.447,0.447,0.447,0.446,0.445,0.445,0.444,0.442,0.441,0.441,0.44,0.439,0.438,0.438,0.438,0.438,0,0,0,0,0,0,0,0,0,0,0,0,0,0,0,0,0,0,0,0,0,0,0,0,0,0,0,0,0,0,0,0,0,0,0,0,0,0,0,0,0,0,0,0,0,0,0,0,0,0,0,0,0,0,0,1.679,1.679,1.675,1.679,1.684,1.684,1.679,1.679,1.679,0,0,0,0,0,0,0,0,1.639,1.63,1.617,1.609,0,0,0,0,0,0,0
0,0,0,0,0,0,0,0,0,0,0,0,0,0,0,0,0,0,0,0,0,0,0,0,0,0,0,0,0,0,0,0,0,0,0,0,0,0,0,0,0,0,0,0,0,0,0,0,0,0.511,0.511,0.512,0.512,0.512,0.512,0.511,0.511,0.51,0.509,0.507,0.506,0.506,0.505,0.504,0.503,0.502,0.501,0.501,0.501,0.501,0.501,0.5,0.5,0.5,0.501,0.501,0.502,0.503,0.502,0.503,0.503,0.503,0.503,0.503,0.502,0.502,0.501,0.501,0.501,0.5,0.501,0.501,0.501,0.501,0.501,0.502,0.502,0.503,0.504,0.504,0,0,0,0,0,0,0,0,0,0,0,0,0,0,0,0,0.378,0.38,0.381,0.382,0.383,0.384,0.384,0.384,0.385,0.385,0.385,0.385,0.386,0.386,0.387,0.387,0.388,0.389,0,0,0,0.486,0.486,0.486,0.486,0.487,0.487,0.487,0.486,0.486,0.486,0.486,0.487,0.487,0.486,0.487,0.487,0.486,0.486,0.486,0.486,0.485,0.486,0.486,0.485,0.485,0.485,0.485,0.486,0.486,0.486,0.486,0.487,0.487,0.487,0.487,0.487,0.488,0.488,0.487,0.487,0.487,0.487,0.486,0.486,0.486,0.485,0.485,0.485,0.485,0.485,0.485,0.485,0.485,0.485,0.485,0.485,0.485,0.485,0.485,0.484,0.485,0.485,0.485,0.485,0.485,0.485,0.485,0.485,0.485,0.485,0.485,0.485,0.485,0.485,0.485,0.485,0.485,0.485,0.485,0.485,0.485,0.485,0.485,0.485,0.485,0.485,0.485,0.485,0.485,0.485,0.485,0.486,0.486,0.487,0.487,0.487,0.487,0.488,0.489,0,0,0,0,0,0,0,0,0,0,0,0.389,0.389,0.388,0.387,0.386,0.384,0,0.38,0,0.377,0.374,0.373,0.371,0.369,0.368,0.366,0.364,0.363,0.361,0.36,0.359,0.358,0.357,0.356,0.355,0.354,0.354,0.353,0.352,0.351,0.35,0.349,0.348,0.347,0.347,0.346,0.346,0.345,0.345,0.345,0.344,0.344,0.343,0.342,0.341,0.341,0.34,0.34,0.339,0.339,0.338,0.338,0.337,0.337,0.337,0.336,0.336,0.336,0.335,0.335,0.335,0.334,0.334,0.333,0.333,0.333,0.332,0.332,0.332,0.331,0.331,0.331,0.33,0.33,0.33,0.33,0.329,0.329,0.329,0.328,0.328,0.328,0.328,0.328,0.328,0.327,0.327,0.327,0.327,0.327,0.327,0.326,0.326,0.326,0.326,0.325,0.325,0.325,0.325,0.324,0.324,0.324,0.323,0.323,0.323,0.323,0.323,0.323,0.323,0.323,0.323,0.323,0.323,0.323,0.323,0.323,0.323,0.323,0.323,0.323,0.323,0.323,0.323,0.323,0.323,0.323,0.323,0.323,0.323,0.323,0.323,0.323,0.323,0.323,0.324,0.324,0.324,0.324,0.324,0.324,0.325,0.325,0.325,0.325,0.325,0.325,0.325,0.326,0.326,0.326,0.326,0.327,0.327,0.328,0.328,0.328,0.329,0.329,0.329,0.33,0.33,0.331,0.331,0.332,0.333,0.334,0.335,0.337,0.338,0.34,0.341,0.343,0.344,0.346,0.347,0.348,0.349,0.35,0.351,0.352,0.352,0.352,0.353,0.353,0,0,0,0.455,0.455,0.455,0.454,0.453,0.453,0.453,0.453,0.453,0.453,0.452,0.452,0.453,0.453,0.453,0.454,0.454,0.454,0.454,0.455,0.455,0.454,0.454,0.454,0.453,0.453,0.452,0.452,0.451,0.45,0.45,0.45,0.45,0.45,0.45,0.45,0.451,0.451,0.451,0.451,0.452,0.452,0.452,0.452,0.452,0.452,0.452,0.451,0.451,0.451,0.451,0.45,0.45,0.45,0.449,0.449,0.449,0.449,0.449,0.449,0.449,0.449,0.449,0.449,0.449,0.449,0.449,0.45,0.45,0.45,0.45,0.451,0.451,0.451,0.451,0.451,0.451,0.451,0.452,0.452,0.452,0.451,0.451,0.451,0.451,0.45,0.45,0.45,0.449,0.449,0.448,0.448,0.448,0.448,0.447,0.447,0.447,0.447,0.446,0.446,0.446,0.446,0.446,0.446,0.446,0.447,0.447,0.447,0.447,0.447,0.446,0.445,0.444,0.443,0.442,0.441,0.441,0.44,0.439,0.438,0.437,0.437,0.437,0.436,0,0,0,0,0,0,0,0,0,0,0,0,0,0,0,0,0,0,0,0,0,0,0,0,0,0,0,0,0,0,0,0,0,0,0,0,0,0,0,0,0,0,0,0,0,0,0,0,0,0,0,0,0,1.675,1.67,1.67,1.665,1.665,1.665,1.665,1.661,1.661,1.657,0,0,0,0,0,0,0,0,1.639,1.63,1.617,1.605,0,0,0,0,0,0,0
0,0,0,0,0,0,0,0,0,0,0,0,0,0,0,0,0,0,0,0,0,0,0,0,0,0,0,0,0,0,0,0,0,0,0,0,0,0,0,0,0,0,0,0,0,0,0,0,0,0,0,0.507,0.507,0.507,0.506,0.506,0.505,0.504,0.503,0.503,0.502,0.501,0.501,0.501,0.5,0.5,0.5,0.499,0.499,0.499,0.499,0.498,0.498,0.498,0.498,0.499,0.499,0.5,0.5,0.5,0.5,0.5,0.5,0.5,0.5,0.5,0.5,0.5,0.5,0.499,0.499,0.499,0.499,0.5,0.5,0.5,0.501,0.502,0,0,0,0,0,0,0,0,0,0,0,0,0,0,0.371,0.372,0.374,0.375,0.376,0.378,0.379,0.381,0.381,0.382,0.383,0.383,0.384,0.384,0.384,0.385,0.385,0.386,0.386,0.387,0.387,0,0,0,0.482,0.483,0.484,0.484,0.484,0.485,0.485,0.485,0.485,0.485,0.484,0.485,0.485,0.485,0.485,0.485,0.485,0.484,0.484,0.484,0.484,0.484,0.484,0.484,0.484,0.484,0.484,0.484,0.484,0.484,0.484,0.484,0.485,0.485,0.485,0.485,0.485,0.485,0.485,0.484,0.484,0.484,0.484,0.483,0.483,0.483,0.482,0.482,0.482,0.482,0.482,0.482,0.482,0.482,0.482,0.482,0.482,0.482,0.482,0.481,0.481,0.482,0.482,0.482,0.482,0.483,0.483,0.483,0.483,0.483,0.483,0.483,0.482,0.482,0.482,0.482,0.482,0.482,0.482,0.483,0.483,0.483,0.483,0.483,0.483,0.482,0.483,0.482,0.483,0.483,0.483,0.483,0.483,0.483,0.483,0.483,0.483,0.482,0.482,0.482,0,0,0,0,0,0,0,0,0,0,0,0,0.388,0.387,0.386,0.385,0.383,0,0,0.377,0.375,0.372,0.371,0,0,0.366,0.365,0.363,0.361,0.36,0.359,0.358,0.358,0.357,0.356,0.355,0.354,0.353,0.352,0.351,0.35,0.349,0.348,0.347,0.347,0.346,0.346,0.345,0.345,0.344,0.344,0.344,0.343,0.342,0.342,0.341,0.34,0.34,0.339,0.339,0.338,0.338,0.337,0.337,0.337,0.337,0.336,0.336,0.335,0.335,0.335,0.334,0.334,0.334,0.333,0.333,0.332,0.332,0.332,0.331,0.331,0.331,0.331,0.33,0.33,0.33,0.329,0.329,0.329,0.328,0.328,0.328,0.328,0.328,0.327,0.327,0.327,0.327,0.327,0.326,0.326,0.326,0.326,0.326,0.326,0.325,0.325,0.324,0.324,0.324,0.324,0.324,0.323,0.323,0.323,0.323,0.323,0.323,0.322,0.322,0.322,0.323,0.323,0.323,0.323,0.323,0.323,0.323,0.323,0.323,0.323,0.323,0.323,0.323,0.323,0.323,0.323,0.323,0.323,0.323,0.323,0.323,0.323,0.323,0.323,0.323,0.323,0.323,0.323,0.324,0.324,0.324,0.324,0.324,0.324,0.325,0.325,0.325,0.325,0.326,0.326,0.326,0.327,0.327,0.327,0.328,0.328,0.328,0.328,0.329,0.329,0.329,0.33,0.33,0.331,0.332,0.333,0.334,0.335,0.337,0.339,0.34,0.342,0.344,0.345,0.347,0.348,0.349,0.35,0.351,0.351,0.352,0.352,0.352,0.353,0.353,0,0,0,0.452,0.452,0.451,0.45,0.451,0.45,0.45,0.45,0.45,0.45,0.45,0.451,0.451,0.451,0.452,0.452,0.452,0.452,0.452,0.452,0.452,0.452,0.451,0.451,0.45,0.449,0.449,0.448,0.447,0.447,0.447,0.447,0.447,0.447,0.448,0.448,0.448,0.448,0.449,0.449,0.449,0.449,0.45,0.45,0.449,0.449,0.449,0.449,0.448,0.448,0.448,0.448,0.447,0.447,0.447,0.447,0.447,0.447,0.447,0.447,0.446,0.446,0.447,0.447,0.447,0.447,0.447,0.447,0.447,0.448,0.448,0.448,0.448,0.448,0.448,0.449,0.449,0.449,0.449,0.45,0.45,0.45,0.449,0.449,0.449,0.448,0.448,0.447,0.447,0.447,0.446,0.446,0.446,0.445,0.445,0.445,0.445,0.445,0.445,0.445,0.445,0.445,0.445,0.445,0.446,0.446,0.446,0.446,0.446,0.446,0.445,0.444,0.443,0.442,0.441,0.44,0.44,0.438,0.437,0.437,0.436,0.436,0.436,0,0,0,0,0,0,0,0,0,0,0,0,0,0,0,0,0,0,0,0,0,0,0,0,0,0,0,0,0,0,0,0,0,0,0,0,0,0,0,0,0,0,0,0,0,0,0,0,0,0,0,0,0,1.661,1.661,1.661,1.652,1.657,1.652,1.652,1.648,1.648,0,0,0,0,0,0,0,0,0,1.639,1.63,1.617,1.605,0,0,0,0,0,0,0
0,0,0,0,0,0,0,0,0,0,0,0,0,0,0,0,0,0,0,0,0,0,0,0,0,0,0,0,0,0,0,0,0,0,0,0,0,0,0,0,0,0,0,0,0,0,0,0,0,0,0,0,0.502,0.501,0.5,0.5,0.499,0.498,0.498,0.498,0.497,0.497,0.497,0.497,0.498,0.497,0.497,0.496,0.496,0.496,0.496,0.496,0.496,0.496,0.496,0.496,0.496,0.497,0.497,0.497,0.497,0.498,0.498,0.499,0.499,0.499,0.498,0.498,0.498,0.498,0.498,0.498,0.498,0.498,0.498,0.499,0.5,0,0,0,0,0,0,0,0,0,0,0,0,0,0,0.37,0.371,0.372,0.373,0.374,0.376,0.377,0.378,0.379,0.38,0.381,0.382,0.382,0.383,0.383,0.384,0.384,0.384,0.385,0.386,0.387,0.387,0,0,0.478,0.479,0.481,0.481,0.482,0.482,0.483,0.483,0.483,0.483,0.483,0.483,0.483,0.482,0.483,0.482,0.482,0.482,0.482,0.482,0.482,0.482,0.482,0.482,0.482,0.481,0.481,0.482,0.482,0.482,0.482,0.482,0.482,0.483,0.483,0.483,0.483,0.482,0.482,0.482,0.482,0.481,0.481,0.481,0.481,0.48,0.48,0.48,0.48,0.48,0.48,0.48,0.48,0.48,0.48,0.479,0.479,0.479,0.478,0.478,0.478,0.478,0.478,0.479,0.479,0.479,0.48,0.48,0.48,0.481,0.481,0.481,0.48,0.48,0.48,0.479,0.48,0.48,0.48,0.48,0.481,0.481,0.481,0.481,0.481,0.481,0.481,0.481,0.481,0.481,0.481,0.481,0.48,0.48,0.479,0.479,0.478,0.478,0.477,0.477,0,0,0,0,0,0,0,0,0,0,0,0,0,0.388,0.387,0.385,0.384,0.382,0,0,0,0.373,0.371,0.369,0.368,0,0.365,0.363,0.362,0.36,0.359,0.358,0.358,0.357,0.356,0.356,0.354,0.354,0.353,0.352,0.351,0.35,0.349,0.348,0.347,0.346,0.346,0.345,0.345,0.344,0.344,0.344,0.343,0.342,0.342,0.341,0.34,0.34,0.339,0.339,0.338,0.338,0.337,0.337,0.336,0.336,0.336,0.336,0.335,0.335,0.335,0.334,0.334,0.334,0.333,0.333,0.332,0.332,0.331,0.331,0.331,0.331,0.331,0.33,0.33,0.33,0.329,0.329,0.329,0.328,0.328,0.328,0.328,0.327,0.327,0.327,0.327,0.327,0.326,0.326,0.326,0.326,0.326,0.326,0.325,0.325,0.325,0.324,0.324,0.324,0.324,0.323,0.323,0.323,0.323,0.322,0.322,0.322,0.322,0.322,0.322,0.322,0.322,0.322,0.323,0.323,0.323,0.323,0.323,0.323,0.323,0.323,0.323,0.323,0.323,0.323,0.323,0.323,0.323,0.323,0.323,0.323,0.323,0.323,0.323,0.322,0.322,0.323,0.323,0.323,0.323,0.323,0.324,0.324,0.324,0.324,0.324,0.324,0.325,0.325,0.325,0.325,0.326,0.326,0.326,0.327,0.327,0.327,0.328,0.328,0.328,0.328,0.329,0.329,0.33,0.331,0.331,0.332,0.333,0.334,0.336,0.337,0.339,0,0,0.344,0.346,0.347,0.349,0.349,0.35,0.351,0.351,0.351,0.352,0.352,0.352,0.352,0,0,0.449,0.449,0.448,0.448,0.448,0.448,0.448,0.448,0.448,0.448,0.448,0.449,0.449,0.449,0.45,0.45,0.45,0.45,0.45,0.45,0.45,0.449,0.448,0.448,0.447,0.447,0.446,0.445,0.444,0.444,0.444,0.444,0.444,0.445,0.445,0.445,0.446,0.446,0.446,0.447,0.447,0.447,0.447,0.447,0.447,0.447,0.447,0.446,0.446,0.446,0.446,0.445,0.445,0.445,0.445,0.445,0.445,0.445,0.445,0.444,0.444,0.444,0.444,0.444,0.444,0.444,0.445,0.445,0.445,0.445,0.445,0.445,0.445,0.445,0.446,0.446,0.446,0.447,0.447,0.447,0.447,0.447,0.447,0.447,0.446,0.446,0.446,0.445,0.445,0.444,0.444,0.444,0.444,0.443,0.443,0.443,0.443,0.443,0.443,0.443,0.443,0.443,0.444,0.444,0.445,0.445,0.446,0.446,0.446,0.446,0.445,0.444,0.443,0.442,0.441,0.44,0.439,0.438,0.437,0.436,0.436,0.435,0.435,0,0,0,0,0,0,0,0,0,0,0,0,0,0,0,0,0,0,0,0,0,0,0,0,1.426,1.419,1.406,0,0,0,0,0,0,0,0,0,0,0,0,0,0,0,0,0,0,0,0,0,0,0,0,0,0,1.648,1.648,1.648,1.639,1.639,1.634,1.634,1.63,1.63,0,0,0,0,0,0,0,0,0,1.634,1.626,1.617,1.605,0,0,0,0,0,0,0
0,0,0,0,0,0,0,0,0,0,0,0,0,0,0,0,0,0,0,0,0,0,0,0,0,0,0,0,0,0,0,0,0,0,0,0,0,0,0,0,0,0,0,0,0,0,0,0,0,0,0,0,0,0,0,0,0.492,0.492,0.492,0.492,0.492,0.493,0.493,0.493,0,0,0,0.492,0.492,0.492,0.492,0.491,0.491,0.491,0.491,0.492,0.492,0.492,0.493,0.494,0.494,0.495,0.496,0.497,0.497,0.497,0.497,0.497,0.497,0.497,0.497,0.497,0.497,0.497,0.498,0,0,0,0,0,0,0,0,0,0,0,0,0,0,0,0.369,0.37,0.37,0.371,0.372,0.374,0.375,0.376,0.377,0.378,0.379,0.38,0.381,0.381,0.382,0.382,0.383,0.384,0.384,0.385,0.385,0.386,0,0,0,0,0.477,0.479,0.479,0.48,0.481,0.481,0.481,0.481,0.481,0.481,0.481,0.48,0.48,0.48,0.48,0.48,0.48,0.48,0.48,0.48,0.48,0.48,0.48,0.48,0.48,0.48,0.48,0.48,0.48,0.481,0.481,0.481,0.481,0.481,0.481,0.481,0.481,0.481,0.48,0.48,0.479,0.479,0.479,0.479,0.478,0.478,0.478,0.478,0.478,0.478,0.477,0.477,0.476,0.476,0.476,0.475,0.475,0.475,0.475,0.475,0.475,0.475,0.475,0.476,0.476,0.477,0.477,0.477,0.478,0.478,0.478,0.478,0.477,0.477,0.477,0.477,0.477,0.478,0.478,0.478,0.478,0.478,0.479,0.479,0.479,0.478,0.479,0.479,0.479,0.478,0.478,0.477,0.477,0.476,0.476,0.475,0.473,0,0,0,0,0,0,0,0,0,0,0,0,0,0.387,0.387,0.386,0.385,0.384,0.383,0.381,0.378,0,0.374,0.372,0.37,0.368,0.367,0.365,0.364,0.362,0.361,0.36,0.359,0.358,0.358,0.357,0.356,0.355,0.354,0.353,0.352,0.351,0.35,0.349,0.348,0.347,0.347,0.346,0.345,0.345,0.344,0.344,0.344,0.343,0.342,0.342,0.341,0.341,0.34,0.339,0.339,0.338,0.338,0.337,0.337,0.336,0.336,0.336,0.336,0.335,0.335,0.335,0.334,0.334,0.334,0.333,0.333,0.332,0.332,0.331,0.331,0.331,0.331,0.33,0.33,0.33,0.33,0.329,0.329,0.329,0.328,0.328,0.328,0.327,0.327,0.327,0.327,0.326,0.326,0.326,0.326,0.326,0.326,0.325,0.325,0.325,0.325,0.325,0.324,0.324,0.324,0.323,0.323,0.323,0.323,0.322,0.322,0.322,0.322,0.322,0.322,0.322,0.322,0.322,0.322,0.322,0.322,0.322,0.322,0.322,0.322,0.322,0.322,0.322,0.322,0.323,0.323,0.323,0.323,0.323,0.323,0.323,0.323,0.322,0.322,0.322,0.322,0.322,0.322,0.322,0.322,0.323,0.323,0.323,0.323,0.323,0.323,0.324,0.324,0.324,0.324,0.325,0.325,0.325,0.325,0.326,0.326,0.327,0.327,0.327,0.327,0.328,0.328,0.328,0.328,0.329,0.33,0.33,0.331,0.331,0.332,0.333,0.334,0.336,0.337,0.339,0.341,0.343,0.344,0.346,0.347,0.349,0.349,0.35,0.35,0.351,0.351,0.351,0.351,0.351,0,0,0,0.446,0.446,0.446,0.446,0.446,0.446,0.446,0.446,0.446,0.446,0.447,0.447,0.447,0.447,0.447,0.447,0.447,0.447,0.447,0.447,0.446,0.445,0.445,0.444,0.444,0.443,0.442,0.442,0.441,0.441,0.441,0.442,0.442,0.442,0.443,0.443,0.443,0.444,0.444,0.444,0.444,0.444,0.444,0.444,0.444,0.444,0.444,0.443,0.443,0.443,0.443,0.443,0.442,0.442,0.442,0.442,0.442,0.442,0.442,0.442,0.442,0.442,0.442,0.442,0.442,0.442,0.442,0.442,0.442,0.443,0.443,0.443,0.443,0.443,0.443,0.443,0.444,0.444,0.444,0.444,0.444,0.444,0.443,0.443,0.443,0.442,0.442,0.442,0.442,0.441,0.441,0.441,0.441,0.441,0.441,0.441,0.441,0.441,0.442,0.442,0.442,0.443,0.444,0.444,0.445,0.445,0.445,0.446,0.445,0.445,0.444,0.443,0.442,0.441,0.44,0.439,0.437,0.437,0.436,0.435,0.434,0.434,0,0,0,0,0,0,0,0,0,0,0,0,0,0,0,0,0,0,0,0,0,0,0,1.439,1.426,1.416,1.403,0,0,0,0,0,0,0,0,0,0,0,0,0,0,0,0,0,0,0,0,0,0,0,0,0,0,1.634,1.634,1.63,1.626,1.622,1.622,1.622,1.617,1.609,1.609,0,0,0,0,0,0,0,0,0,1.622,1.613,1.605,0,0,0,0,0,0,0
0,0,0,0,0,0,0,0,0,0,0,0,0,0,0,0,0,0,0,0,0,0,0,0,0,0,0,0,0,0,0,0,0,0,0,0,0,0,0,0,0,0,0,0,0,0,0,0,0,0,0,0,0,0.488,0.488,0.488,0.487,0.487,0.487,0.487,0.487,0.487,0.488,0.488,0.488,0,0,0,0,0.488,0.487,0.487,0.487,0.487,0.487,0.487,0.487,0.488,0.489,0.49,0.49,0.491,0.492,0.494,0.495,0.495,0.495,0.496,0.495,0.495,0.496,0.496,0.496,0.496,0,0,0,0,0,0,0,0,0,0,0,0,0,0,0,0.368,0.368,0.369,0.37,0.371,0.372,0.373,0.374,0.375,0.376,0.377,0.378,0.379,0.38,0.381,0.381,0.382,0.383,0.383,0.384,0.384,0.385,0,0,0,0.472,0.474,0.475,0.476,0.477,0.478,0.478,0.479,0.479,0.479,0.479,0.478,0.478,0.478,0.478,0.478,0.478,0.478,0.478,0.478,0.478,0.478,0.478,0.479,0.479,0.479,0.479,0.478,0.479,0.479,0.479,0.479,0.479,0.479,0.479,0.48,0.48,0.479,0.479,0.479,0.478,0.478,0.478,0.478,0.477,0.477,0.476,0.476,0.476,0.476,0.476,0.475,0.474,0.474,0.473,0.473,0.473,0.472,0.472,0.471,0.472,0.472,0.472,0.472,0.472,0.473,0.473,0.473,0.474,0.474,0.475,0.475,0.475,0.475,0.474,0.474,0.474,0.474,0.475,0.475,0.475,0.476,0.476,0.476,0.476,0.476,0.476,0.476,0.476,0.476,0.476,0.476,0.475,0.475,0.473,0.473,0.472,0.471,0,0,0,0,0,0,0,0,0,0,0,0,0,0,0,0.385,0.385,0.383,0,0.381,0,0.377,0.375,0.373,0.371,0.369,0.368,0.366,0.365,0.363,0.362,0.36,0.359,0.358,0.357,0.356,0.356,0.355,0.354,0.353,0.353,0.352,0.351,0.349,0.349,0.348,0.347,0.346,0.345,0.345,0.344,0.344,0.344,0.343,0.343,0.342,0.341,0.341,0.34,0.34,0.339,0.338,0.338,0.337,0.337,0.336,0.336,0.335,0.335,0.335,0.335,0.335,0.334,0.334,0.334,0.333,0.333,0.332,0.332,0.331,0.331,0.331,0.33,0.33,0.33,0.33,0.329,0.329,0.329,0.328,0.328,0.328,0.328,0.327,0.327,0.327,0.326,0.326,0.326,0.326,0.326,0.326,0.325,0.325,0.325,0.325,0.325,0.324,0.324,0.324,0.324,0.323,0.323,0.323,0.322,0.322,0.322,0.322,0.322,0.322,0.322,0.322,0.322,0.322,0.322,0.322,0.322,0.322,0.322,0.322,0.322,0.322,0.322,0.322,0.322,0.322,0.322,0.323,0.323,0.323,0.323,0.323,0.322,0.322,0.322,0.322,0.322,0.322,0.322,0.322,0.322,0.322,0.322,0.322,0.322,0.323,0.323,0.323,0.323,0.323,0.324,0.324,0.324,0.324,0.325,0,0.325,0.326,0.326,0.326,0.327,0.327,0.327,0.327,0.328,0.328,0.328,0.329,0.33,0.33,0.331,0.332,0.333,0.334,0.335,0.337,0.338,0.34,0.341,0.343,0.345,0.346,0.347,0.348,0.349,0.349,0.35,0.35,0.35,0.35,0.35,0,0,0,0.444,0.444,0.444,0.444,0.444,0.444,0.444,0.444,0.444,0.444,0.444,0.445,0.445,0.445,0.445,0.444,0.444,0.444,0.444,0.444,0.443,0.442,0.442,0.441,0.441,0.441,0.44,0.439,0.439,0.439,0.439,0.44,0.44,0.44,0.441,0.441,0.441,0.441,0.441,0.441,0.441,0.442,0.442,0.441,0.441,0.441,0.441,0.441,0.44,0.44,0.44,0.44,0.44,0.44,0.44,0.44,0.44,0.44,0.44,0.44,0.44,0.44,0.44,0.44,0.44,0.44,0.44,0.44,0.44,0.44,0.44,0.44,0.44,0.441,0.441,0.441,0.441,0.441,0.441,0.441,0.441,0.441,0.44,0.44,0.44,0.44,0.44,0.439,0.439,0.439,0.439,0.439,0.439,0.439,0.439,0.439,0.44,0.44,0.44,0.441,0.441,0.442,0.442,0.443,0.444,0.444,0.445,0.445,0.445,0.445,0.444,0.443,0.442,0.441,0.44,0.439,0.437,0.436,0.435,0.434,0.433,0.433,0.432,0,0,0,0,0,0,0,0,0,0,0,0,0,0,0,0,0,0,0,0,1.463,1.453,1.436,1.423,0,0,0,0,0,0,0,0,0,0,0,0,0,0,0,0,0,0,0,0,0,0,0,0,0,0,0,0,0,0,1.626,1.617,1.613,1.613,1.609,1.609,1.605,1.592,0,0,0,0,0,0,0,0,0,0,0,0,0,0,0,0,0,0,0
0,0,0,0,0,0,0,0,0,0,0,0,0,0,0,0,0,0,0,0,0,0,0,0,0,0,0,0,0,0,0,0,0,0,0,0,0,0,0,0,0,0,0,0,0,0,0,0,0,0,0,0,0,0,0.482,0.482,0.482,0.482,0.482,0.482,0.482,0.482,0.482,0.482,0.481,0,0,0,0,0.481,0.481,0.481,0.481,0.481,0.482,0.482,0.483,0.483,0.484,0.485,0.487,0.487,0.489,0.491,0.492,0.493,0.493,0.494,0.494,0.494,0.494,0.494,0.495,0.494,0,0,0,0,0,0,0,0,0,0,0,0,0,0,0.367,0.367,0.368,0.369,0.37,0.37,0.371,0.372,0.374,0.375,0.375,0.377,0.377,0.379,0.379,0.38,0.381,0.382,0.382,0.383,0.384,0,0,0,0,0.469,0.47,0.471,0.472,0.473,0.475,0.475,0.476,0.476,0.476,0.476,0.476,0.476,0.476,0.476,0.475,0.475,0.476,0.475,0.475,0.476,0.476,0.476,0.476,0.477,0.477,0.477,0.478,0.477,0.477,0.477,0.477,0.477,0.477,0.477,0.477,0.477,0.476,0.476,0.476,0.475,0.475,0.475,0.474,0.474,0.473,0.473,0.472,0.472,0.472,0.472,0.471,0.471,0.47,0.469,0.469,0.469,0.469,0.468,0.468,0.468,0.468,0.468,0.469,0.469,0.469,0.469,0.47,0.471,0.471,0.471,0.472,0.472,0.472,0.472,0.472,0.471,0.472,0.472,0.472,0.472,0.472,0.473,0.473,0.474,0.473,0.474,0.474,0.473,0.473,0.473,0.473,0.473,0.472,0.472,0.471,0.47,0.469,0.468,0.467,0.466,0,0,0,0,0,0,0,0,0,0,0,0,0,0.384,0.383,0.382,0.381,0,0,0.376,0.374,0.372,0.37,0.369,0.368,0.366,0.365,0.363,0.362,0.36,0.358,0.357,0.356,0.356,0.355,0.354,0.354,0.353,0.352,0.351,0.35,0.349,0.348,0.347,0.347,0.346,0.345,0.344,0.344,0.344,0.343,0.343,0.342,0.342,0.341,0.34,0.34,0.339,0.339,0.338,0.337,0.337,0.336,0.336,0.335,0.335,0.335,0.335,0.334,0.334,0.334,0.333,0.333,0.333,0.332,0.332,0.331,0.331,0.331,0.33,0.33,0.33,0.329,0.329,0.329,0.328,0.328,0.328,0.328,0.327,0.327,0.327,0.326,0.326,0.326,0.326,0.326,0.325,0.325,0.325,0.325,0.325,0.324,0.324,0.324,0.324,0.324,0.324,0.323,0.323,0.323,0.322,0.322,0.322,0.322,0.322,0.322,0.322,0.322,0.322,0.322,0.322,0.322,0.322,0.322,0.322,0.322,0.322,0.322,0.322,0.322,0.322,0.322,0.322,0.322,0.322,0.323,0.323,0.323,0.323,0.322,0.322,0.322,0.322,0.321,0.321,0.321,0.321,0.321,0.321,0.322,0.322,0.322,0.322,0.322,0.322,0.323,0.323,0.323,0.323,0.324,0.324,0.324,0.325,0.325,0.325,0.326,0.326,0.326,0.327,0.327,0.327,0.327,0.327,0.328,0.328,0.329,0.33,0.33,0.331,0.332,0.333,0.335,0.336,0,0,0.34,0.342,0.344,0.345,0.346,0.346,0.347,0.347,0.348,0.348,0.348,0.348,0.348,0,0,0,0.443,0.442,0.442,0.442,0.442,0.442,0.442,0.443,0.442,0.443,0.443,0.443,0.443,0.443,0.443,0.443,0.442,0.442,0.442,0.442,0.441,0.44,0.44,0.439,0.439,0.438,0.438,0.437,0.437,0.437,0.437,0.437,0.438,0.438,0.438,0.439,0.439,0.439,0.439,0.439,0.439,0.439,0.439,0.439,0.439,0.439,0.438,0.438,0.438,0.437,0.437,0.438,0.438,0.437,0.437,0.437,0.438,0.438,0.438,0.438,0.438,0.438,0.438,0.438,0.438,0.438,0.438,0.438,0.438,0.438,0.438,0.438,0.438,0.438,0.438,0.438,0.438,0.438,0.438,0.438,0.437,0.437,0.437,0.437,0.437,0.437,0.437,0.437,0.437,0.437,0.436,0.437,0.437,0.437,0.437,0.437,0.437,0.438,0.439,0.439,0.44,0.441,0.441,0.442,0.443,0.444,0.444,0.445,0.445,0.444,0.443,0.443,0.442,0.441,0.44,0.438,0.436,0.436,0.434,0.433,0.433,0.432,0.432,0.431,0,0,0,0,0,0,0,0,0,0,0,0,0,0,0,0,0,0,1.463,1.453,1.446,1.429,1.416,0,1.394,1.387,1.363,1.316,0,0,0,0,0,0,0,0,0,0,0,0,0,0,0,0,0,0,0,0,0,0,0,0,1.617,1.613,1.605,1.605,1.6,1.6,1.6,0,0,0,0,0,0,0,0,0,0,0,0,0,0,0,0,0,0,0,0,0
0,0,0,0,0,0,0,0,0,0,0,0,0,0,0,0,0,0,0,0,0,0,0,0,0,0,0,0,0,0,0,0,0,0,0,0,0,0,0,0,0,0,0,0,0,0,0,0,0,0,0,0,0,0,0.478,0.478,0.478,0.479,0.478,0.478,0.478,0.478,0.477,0.476,0.476,0,0,0,0,0.475,0.475,0.475,0.476,0.476,0.476,0.477,0.478,0.478,0.479,0.481,0.482,0.484,0.485,0.487,0.489,0.49,0.491,0.492,0.493,0.493,0.493,0.494,0,0,0,0,0,0,0,0,0,0,0,0,0,0,0,0.366,0.366,0.367,0.368,0.368,0.369,0.37,0.371,0.372,0.373,0.374,0.375,0.376,0.377,0.378,0.379,0.38,0.38,0.381,0.382,0.382,0,0,0,0,0.466,0.467,0.468,0.469,0.47,0.471,0.472,0.472,0.473,0.473,0.473,0.473,0.473,0.473,0.473,0.473,0.473,0.473,0.473,0.473,0.473,0.474,0.474,0.475,0.475,0.475,0.476,0.475,0.476,0.475,0.476,0.475,0.475,0.475,0.474,0.474,0.474,0.474,0.473,0.473,0.472,0.472,0.471,0.471,0.471,0.47,0.469,0.469,0.469,0.468,0.468,0.467,0.467,0.466,0.465,0.465,0.465,0.464,0.465,0.465,0.465,0.464,0.465,0.465,0.465,0.466,0.466,0.466,0.466,0.467,0.467,0.468,0.468,0.468,0.468,0.468,0.468,0.468,0.468,0.469,0.469,0.469,0.47,0.47,0.471,0.471,0.472,0.472,0.472,0.471,0.471,0.471,0.47,0.469,0.469,0.468,0.468,0.467,0.466,0.465,0.464,0.463,0.463,0.462,0.461,0,0,0,0,0,0,0,0,0,0,0.383,0.382,0.38,0,0,0,0.375,0.373,0.372,0.37,0.368,0.367,0.366,0.365,0.363,0.361,0.359,0.358,0.356,0.356,0.355,0.355,0.354,0.353,0,0.351,0.35,0.349,0.348,0.348,0.347,0.346,0.345,0.344,0.344,0.344,0.343,0.343,0.342,0.342,0.341,0.341,0.34,0.34,0.339,0.338,0.338,0.337,0.337,0.336,0.335,0.335,0.334,0.334,0.334,0.334,0.333,0.333,0.333,0.332,0.332,0.332,0.331,0.331,0.331,0.33,0.33,0.33,0.329,0.329,0.329,0.328,0.328,0.328,0.327,0.327,0.327,0.327,0.326,0.326,0.326,0.326,0.325,0.325,0.325,0.325,0.324,0.324,0.324,0.324,0.324,0.324,0.324,0.323,0.323,0.323,0.323,0.322,0.322,0.322,0.322,0.322,0.322,0.322,0.322,0.321,0.322,0.321,0.321,0.321,0.321,0.321,0.321,0.321,0.321,0.321,0.321,0.321,0.322,0.322,0.322,0.322,0.322,0.322,0.322,0.322,0.322,0.322,0.322,0.321,0.321,0.321,0.321,0.321,0.321,0.321,0.321,0.321,0.321,0.321,0.321,0.322,0.322,0.322,0.322,0.323,0.323,0.323,0.323,0.324,0.324,0.325,0.325,0.325,0.325,0.326,0.326,0.326,0.326,0.327,0.327,0.327,0.328,0.328,0.329,0.33,0.331,0.332,0.333,0.334,0.336,0.337,0.338,0,0.341,0.342,0.344,0.344,0.345,0.345,0.346,0.347,0.347,0.346,0.346,0.346,0,0,0,0.441,0.441,0.441,0.441,0.441,0.441,0.441,0.441,0.441,0.441,0.441,0.441,0.441,0.441,0.441,0.441,0.441,0.441,0.44,0.439,0.439,0.438,0.437,0.437,0.436,0.436,0.436,0.435,0.435,0.435,0.435,0.435,0.436,0.436,0.436,0.436,0.436,0.436,0.436,0.437,0.436,0.437,0.437,0.436,0.436,0.436,0.436,0.436,0.435,0.435,0.435,0.435,0.435,0.435,0.435,0.435,0.435,0.435,0.436,0.436,0.436,0.436,0.436,0.436,0.436,0.436,0.436,0.436,0.436,0.436,0.436,0.436,0.436,0.436,0.436,0.436,0.435,0.435,0.435,0.435,0.434,0.434,0.434,0.434,0.434,0.434,0.434,0.434,0.434,0.434,0.434,0.434,0.434,0.435,0.435,0.435,0.436,0.436,0.437,0.438,0.439,0.44,0.441,0.442,0.442,0.443,0.444,0.444,0.444,0.444,0.443,0.442,0.441,0.44,0.439,0.438,0.436,0.435,0.434,0.433,0.432,0.432,0.431,0.431,0.43,0,0,0,0,0,0,0,0,0,0,0,0,0,0,0,0,0,1.46,1.446,1.439,1.423,1.41,1.4,1.39,1.381,1.351,1.302,1.265,0,1.2,1.175,1.164,0,0,0,0,0,0,1.164,0,0,0,0,0,0,0,0,0,0,0,0,1.609,1.605,1.6,1.596,1.596,1.592,1.592,0,0,0,0,0,0,0,0,0,0,0,0,0,0,0,0,0,0,0,0,0
0,0,0,0,0,0,0,0,0,0,0,0,0,0,0,0,0,0,0,0,0,0,0,0,0,0,0,0,0,0,0,0,0,0,0,0,0,0,0,0,0,0,0,0,0,0,0,0,0,0,0,0,0.473,0.473,0.474,0.474,0.475,0.475,0.475,0.475,0.475,0.474,0.473,0.472,0.471,0.47,0.469,0.469,0.469,0.469,0.47,0.47,0.471,0.472,0.472,0.473,0.473,0.474,0.475,0.477,0.479,0.48,0.482,0.484,0.487,0.488,0.489,0.491,0.491,0.492,0,0,0,0,0,0,0,0,0,0,0,0,0,0,0,0.365,0.365,0.365,0.366,0.367,0.367,0.368,0.369,0.369,0.37,0.371,0.372,0.373,0.374,0.375,0.376,0.377,0.378,0.379,0.38,0.381,0.381,0,0,0,0,0.462,0.463,0.465,0.465,0.466,0.467,0.468,0.468,0.469,0.47,0.47,0.471,0.471,0.471,0.471,0.471,0.471,0.471,0.471,0.471,0.47,0.471,0.471,0.472,0.472,0.473,0.473,0.473,0.473,0.473,0.473,0.473,0.473,0.472,0.472,0.471,0.471,0.471,0.47,0.469,0.469,0.468,0.468,0.467,0.467,0.467,0.466,0.466,0.465,0.465,0.464,0.464,0.463,0.463,0.462,0.461,0.461,0.461,0.461,0.461,0.461,0.461,0.461,0.462,0.461,0.462,0.462,0.462,0.462,0.463,0.463,0.463,0.464,0.465,0.465,0.465,0.465,0.465,0.465,0.466,0.466,0.466,0.466,0.467,0.467,0.468,0.468,0.468,0.468,0.468,0.468,0.468,0.467,0.466,0.466,0.466,0.465,0.464,0.463,0.462,0.462,0.461,0.461,0.461,0.46,0.459,0,0,0,0,0,0,0,0,0,0,0.381,0.38,0.379,0.378,0.377,0.375,0.374,0.372,0.371,0.37,0.368,0.367,0.366,0.364,0.362,0,0,0,0.356,0.355,0.354,0.354,0.353,0,0,0.351,0.35,0.349,0.348,0.347,0.346,0.346,0.345,0.344,0.344,0.343,0.343,0.342,0.342,0.341,0.341,0.341,0.34,0.34,0.339,0.338,0.338,0.337,0.336,0.336,0.335,0.334,0.334,0.334,0.333,0.333,0.333,0.332,0.332,0.331,0.331,0.331,0.331,0.33,0.33,0.33,0.329,0.329,0.329,0.328,0.328,0.327,0.327,0.327,0.327,0.327,0.326,0.326,0.326,0.326,0.325,0.325,0.325,0.325,0.324,0.324,0.324,0.324,0.324,0.324,0.324,0.323,0.323,0.323,0.323,0.322,0.322,0.322,0.322,0.322,0.322,0.322,0.322,0.321,0.321,0.321,0.321,0.321,0.321,0.321,0.321,0.321,0.321,0.321,0.321,0.321,0.321,0.321,0.321,0.321,0.322,0.322,0.322,0.322,0.322,0.322,0.322,0.322,0.321,0.321,0.321,0.321,0.32,0.32,0.32,0.32,0.32,0.321,0.321,0.321,0.321,0.321,0.321,0.322,0.322,0.322,0.323,0.323,0.323,0.323,0.324,0.324,0.324,0.325,0.325,0.325,0.326,0.326,0.326,0.326,0.327,0.327,0.327,0.328,0.329,0.33,0.33,0.331,0.332,0.334,0.335,0.336,0.337,0.338,0.34,0.341,0.342,0.343,0.343,0.344,0.344,0.345,0.345,0.345,0.345,0.345,0,0,0,0,0.44,0.44,0.44,0.44,0.44,0.44,0.44,0.44,0.44,0.44,0.44,0.44,0.44,0.439,0.439,0.438,0.438,0.437,0.437,0.436,0.436,0.435,0.435,0.434,0.434,0.433,0.433,0.433,0.433,0.433,0.433,0.433,0.433,0.433,0.433,0.434,0.434,0.434,0.434,0.434,0.434,0.434,0.434,0.434,0.433,0.433,0.433,0.432,0.432,0.432,0.432,0.432,0.432,0.432,0.432,0.432,0.432,0.433,0.433,0.433,0.433,0.433,0.433,0.433,0.433,0.434,0.434,0.434,0.434,0.434,0.434,0.433,0.433,0.433,0.433,0.432,0.432,0.432,0.432,0.431,0.431,0.431,0.431,0.431,0.431,0.431,0.431,0.431,0.432,0.431,0.432,0.432,0.432,0.432,0.433,0.433,0.434,0.436,0.437,0.438,0.439,0.44,0.441,0.441,0.442,0.443,0.443,0.443,0.443,0.442,0.442,0.441,0.44,0.439,0.437,0.436,0.435,0.434,0.433,0.432,0.431,0.431,0.43,0.43,0.43,0,0,0,0,0,0,0,0,0,0,0,0,0,0,0,0,1.453,1.446,1.439,1.419,1.41,1.397,1.387,1.372,1.33,1.28,1.247,0,0,1.166,1.153,1.149,1.149,1.151,1.151,1.153,1.153,1.153,1.153,0,0,0,0,0,0,0,0,0,0,0,1.6,1.596,1.592,1.588,1.584,1.588,1.588,0,0,0,0,0,0,0,0,0,0,0,0,0,0,0,0,0,0,0,0,0
0,0,0,0,0,0,0,0,0,0,0,0,0,0,0,0,0,0,0,0,0,0,0,0,0,0,0,0,0,0,0,0,0,0,0,0,0,0,0,0,0,0,0,0,0,0,0,0,0,0,0,0.47,0.471,0.471,0.472,0.472,0.472,0.472,0.472,0.472,0.471,0.471,0.469,0.468,0.467,0.467,0.466,0.466,0.465,0.465,0.466,0.466,0.467,0.468,0.468,0.469,0.469,0.47,0.472,0.473,0.475,0.477,0.479,0.482,0.484,0.486,0.487,0.489,0.49,0.491,0,0,0,0,0,0,0,0,0,0,0,0,0,0,0.364,0.364,0.365,0.365,0.365,0.366,0.366,0.367,0.368,0.369,0.37,0.37,0.372,0.373,0.374,0.374,0.375,0.376,0.377,0.378,0.379,0.38,0,0,0.457,0.458,0.459,0.46,0.462,0.462,0.463,0.463,0.465,0.465,0.466,0.467,0.467,0.467,0.468,0.468,0.468,0.468,0.468,0.468,0.468,0.468,0.468,0.468,0.469,0.469,0.47,0.47,0.471,0.471,0.471,0.471,0.471,0.471,0.471,0.47,0.469,0.468,0.468,0.467,0.467,0.466,0.466,0.466,0.465,0.465,0.464,0.463,0.463,0.462,0.462,0.462,0.461,0.461,0.46,0.46,0.459,0.459,0.458,0.458,0.458,0.459,0.459,0.459,0.459,0.459,0.459,0.459,0.459,0.46,0.459,0.459,0.459,0.46,0.46,0.46,0.461,0.461,0.462,0.462,0.462,0.462,0.463,0.463,0.463,0.463,0.464,0.464,0.465,0.465,0.465,0.465,0.465,0.465,0.465,0.464,0.463,0.463,0.462,0.462,0.461,0.461,0.46,0.459,0.459,0.459,0.459,0.459,0.458,0,0,0,0,0,0,0,0,0,0.38,0.38,0.378,0.377,0.376,0.375,0.374,0.373,0.372,0.37,0.369,0.368,0.367,0.365,0.364,0,0,0,0,0.355,0.354,0.354,0.353,0.353,0.352,0.351,0.35,0.349,0.348,0.347,0.347,0.346,0.345,0.345,0.344,0.343,0.343,0.342,0.342,0.341,0.341,0.341,0.34,0.34,0.339,0.339,0.338,0.337,0.337,0.336,0.335,0.335,0.334,0.334,0.333,0.333,0.333,0.332,0.332,0.331,0.331,0.33,0.33,0.33,0.33,0.33,0.329,0.329,0.329,0.328,0.328,0.327,0.327,0.327,0.327,0.326,0.326,0.326,0.326,0.326,0.325,0.325,0.325,0.324,0.324,0.324,0.324,0.324,0.324,0.323,0.323,0.323,0.323,0.323,0.323,0.322,0.322,0.322,0.322,0.322,0.322,0.322,0.321,0.321,0.321,0.321,0.321,0.321,0.321,0.321,0.321,0.321,0.321,0.321,0.321,0.321,0.321,0.321,0.321,0.321,0.321,0.321,0.321,0.322,0.322,0.322,0.322,0.322,0.321,0.321,0.321,0.32,0.32,0.32,0.32,0.32,0.32,0.32,0.32,0.32,0.32,0.32,0.321,0.321,0.321,0.322,0.322,0.322,0.322,0.323,0.323,0.323,0.324,0.324,0.324,0.324,0.325,0.325,0.326,0.326,0.326,0.326,0.327,0.327,0.328,0.328,0.329,0.33,0.331,0.332,0.333,0.334,0.335,0.336,0.337,0.338,0.339,0.34,0.341,0.341,0.342,0.343,0.343,0.344,0.344,0.344,0.344,0.344,0,0,0,0,0.439,0.439,0.439,0.439,0.439,0.439,0.439,0.438,0.438,0.438,0.437,0.437,0.436,0.436,0.435,0.435,0.435,0.434,0.433,0.433,0.433,0.432,0.432,0.432,0.432,0.431,0.431,0.431,0.431,0.431,0.431,0.431,0.431,0.431,0.431,0.431,0.431,0.431,0.431,0.431,0.431,0.431,0.431,0.431,0.431,0.43,0.43,0.43,0.429,0.429,0.429,0.429,0.429,0.429,0.43,0.43,0.43,0.43,0.431,0.431,0.431,0.431,0.431,0.431,0.431,0.431,0.432,0.432,0.432,0.431,0.431,0.431,0.43,0.43,0.43,0.429,0.429,0.429,0.429,0.428,0.428,0.428,0.428,0.428,0.429,0.428,0.429,0.429,0.429,0.429,0.429,0.43,0.43,0.431,0.432,0.433,0.434,0.435,0.436,0.437,0.439,0.439,0.44,0.441,0.441,0.442,0.442,0.442,0.442,0.441,0.441,0.44,0.439,0.437,0.436,0.435,0.434,0.433,0.432,0.431,0.43,0.43,0.429,0.429,0,0,0,0,0,0,0,0,0,0,0,0,0,0,0,0,0,1.429,1.423,1.413,1.403,1.394,1.381,1.357,1.31,1.262,1.232,0,0,1.16,1.147,1.142,1.142,1.142,1.147,1.144,1.147,1.147,1.149,1.144,0,0,0,0,0,0,0,0,0,0,0,1.596,1.588,1.588,1.584,0,0,0,0,0,0,0,0,0,0,0,0,0,0,0,0,0,0,0,0,0,0,0
0,0,0,0,0,0,0,0,0,0,0,0,0,0,0,0,0,0,0,0,0,0,0,0,0,0,0,0,0,0,0,0,0,0,0,0,0,0,0,0,0,0,0,0,0,0,0,0,0,0,0,0.467,0.468,0.468,0.468,0.468,0.468,0.468,0.468,0.468,0.468,0.467,0.466,0.465,0.464,0.464,0.463,0.463,0.462,0.462,0.463,0.463,0.464,0.465,0.465,0.466,0.466,0.467,0.469,0.471,0.472,0.474,0.477,0.479,0.482,0.484,0.485,0,0,0,0,0,0,0,0,0,0,0,0,0,0,0,0.363,0.364,0.364,0.364,0.365,0.364,0.365,0.365,0.366,0.366,0.367,0.368,0.369,0.37,0.371,0.372,0.373,0.374,0.375,0.376,0.377,0.377,0.378,0,0,0,0.456,0.456,0.457,0.458,0.459,0.46,0.46,0.461,0.462,0.462,0.463,0.463,0.464,0.464,0.465,0.465,0.466,0.466,0.466,0.466,0.466,0.467,0.467,0.467,0.467,0.467,0.468,0.468,0.468,0.469,0.468,0.468,0.468,0.468,0.467,0.467,0.466,0.465,0.465,0.464,0.463,0.463,0.462,0.462,0.461,0.461,0.46,0.46,0.46,0.459,0.459,0.458,0.458,0.458,0.457,0.457,0.456,0.456,0.455,0.455,0.455,0.456,0.456,0.456,0.456,0.457,0.457,0.457,0.457,0.457,0.456,0.456,0.456,0.456,0.457,0.457,0.458,0.458,0.459,0.459,0.46,0.46,0.46,0.46,0.461,0.461,0.461,0.461,0.462,0.462,0.462,0.462,0.462,0.462,0.461,0.461,0.46,0.46,0.459,0.459,0.459,0.459,0.458,0.458,0.458,0.458,0.458,0.458,0.458,0,0,0,0,0,0,0,0,0.38,0,0.379,0.378,0.377,0.376,0.375,0.374,0.373,0.372,0.37,0.369,0.368,0.366,0,0.363,0,0,0,0.356,0.354,0.354,0.353,0.353,0.352,0.351,0.351,0.35,0.349,0.348,0.347,0.346,0.346,0.345,0.344,0.344,0.343,0.342,0.342,0.341,0.341,0.34,0.34,0.34,0.339,0.339,0.338,0.338,0.337,0.336,0.336,0.335,0.335,0.334,0.333,0.333,0.333,0.332,0.332,0.331,0.331,0.33,0.33,0.33,0.329,0.329,0.329,0.329,0.328,0.328,0.328,0.327,0.327,0.327,0.326,0.326,0.326,0.326,0.326,0.325,0.325,0.325,0.325,0.324,0.324,0.324,0.324,0.324,0.323,0.323,0.323,0.323,0.323,0.323,0.322,0.322,0.322,0.322,0.322,0.322,0.321,0.321,0.321,0.321,0.321,0.321,0.321,0.321,0.321,0.321,0.321,0.32,0.32,0.32,0.32,0.32,0.32,0.32,0.32,0.321,0.321,0.321,0.321,0.321,0.321,0.321,0.321,0.321,0.321,0.321,0.321,0.32,0.32,0.32,0.32,0.32,0.319,0.32,0.32,0.32,0.32,0.32,0.32,0.32,0.32,0.321,0.321,0.321,0.321,0.322,0.322,0.323,0.323,0.323,0.323,0.324,0.324,0.324,0.325,0.325,0.325,0.326,0.326,0.326,0.327,0.327,0.328,0.329,0.329,0.33,0.331,0.332,0.333,0.334,0.335,0.335,0.336,0.337,0.338,0.339,0.339,0.34,0.341,0.342,0.342,0.342,0.342,0.342,0.342,0.343,0,0,0,0,0.438,0.438,0.438,0.439,0.438,0.437,0.436,0.436,0.435,0.434,0.434,0.433,0.432,0.432,0.432,0.432,0.431,0.431,0.431,0.431,0.431,0.43,0.43,0.43,0.429,0.429,0.429,0.429,0.429,0.429,0.429,0.429,0.429,0.429,0.429,0.429,0.429,0.429,0.429,0.429,0.429,0.429,0.429,0.428,0.428,0.428,0.427,0.427,0.427,0.427,0.427,0.427,0.427,0.427,0.427,0.428,0.428,0.428,0.428,0.428,0.428,0.429,0.429,0.429,0.429,0.429,0.429,0.429,0.429,0.429,0.429,0.428,0.428,0.427,0.427,0.426,0.426,0.426,0.426,0.426,0.425,0.426,0.426,0.426,0.426,0.426,0.426,0.426,0.426,0.427,0.428,0.428,0.429,0.43,0.431,0.432,0.434,0.435,0.436,0.437,0.438,0.439,0.44,0.44,0.441,0.441,0.441,0.441,0.441,0.441,0.441,0.439,0.438,0.436,0.435,0.434,0.433,0.432,0.431,0.43,0.429,0.429,0.429,0.429,0,0,0,0,0,0,0,0,0,0,0,0,0,0,0,0,0,0,1.406,1.397,1.384,1.372,1.342,1.294,1.249,0,0,1.171,1.153,1.142,1.14,1.14,1.14,1.144,1.144,1.144,1.142,1.144,1.144,1.142,0,0,0,0,0,0,0,0,0,0,0,0,0,0,0,0,0,0,0,0,0,0,0,0,0,0,0,0,0,0,0,0,0,0,0,0,0
0,0,0,0,0,0,0,0,0,0,0,0,0,0,0,0,0,0,0,0,0,0,0,0,0,0,0,0,0,0,0,0,0,0,0,0,0,0,0,0,0,0,0,0,0,0,0,0,0,0,0,0.465,0.465,0.465,0.465,0.465,0.465,0.465,0.465,0.465,0.464,0.464,0.463,0.463,0.462,0.461,0.461,0.461,0.461,0.461,0.461,0.461,0.461,0.462,0.462,0.463,0.463,0.465,0.466,0.468,0.469,0.471,0.474,0.476,0.479,0.481,0.484,0.485,0,0,0,0,0,0,0,0,0,0,0,0,0,0.363,0.363,0.364,0.364,0.364,0.364,0.364,0.365,0.365,0.365,0.366,0.367,0.368,0.368,0.369,0.37,0.371,0.372,0.373,0.374,0.375,0.376,0.377,0,0,0,0.454,0.455,0.455,0.456,0.457,0.457,0.458,0.458,0.459,0.459,0.46,0.46,0.461,0.461,0.462,0.462,0.463,0.463,0.463,0.464,0.463,0.464,0.465,0.465,0.465,0.465,0.465,0.465,0.466,0.466,0.466,0.466,0.465,0.465,0.465,0.464,0.463,0.462,0.462,0.461,0.461,0.46,0.459,0.459,0.459,0.458,0.458,0.457,0.457,0.457,0.456,0.456,0.455,0.455,0.455,0.454,0.454,0.454,0.453,0.453,0.453,0.453,0.453,0.453,0.453,0.454,0.454,0.454,0.454,0.454,0.454,0.454,0.454,0.454,0.454,0.454,0.455,0.455,0.456,0.456,0.457,0.457,0.457,0.458,0.458,0.458,0.458,0.458,0.458,0.459,0.459,0.459,0.459,0.458,0.458,0.458,0.457,0.457,0.456,0.456,0.456,0.456,0.456,0.455,0.455,0.455,0.456,0.456,0.456,0,0,0,0,0,0,0,0,0,0,0,0.378,0.377,0.376,0.375,0.375,0.373,0.372,0.371,0.37,0.369,0.368,0.366,0.365,0.363,0.361,0.359,0.357,0.355,0.354,0.353,0.353,0.352,0.352,0.351,0.35,0.35,0.349,0.348,0.347,0.346,0.345,0.345,0.344,0.343,0.343,0.342,0.341,0.341,0.341,0.34,0.34,0.339,0.339,0.339,0.338,0.337,0.337,0.336,0.335,0.335,0.334,0.334,0.333,0.333,0.333,0.332,0.331,0.331,0.33,0.33,0.329,0.329,0.329,0.329,0.328,0.328,0.328,0.328,0.327,0.327,0.327,0.326,0.326,0.326,0.325,0.325,0.325,0.325,0.325,0.324,0.324,0.324,0.324,0.323,0.323,0.323,0.323,0.323,0.323,0.323,0.322,0.322,0.322,0.322,0.322,0.322,0.321,0.321,0.321,0.321,0.321,0.321,0.321,0.321,0.321,0.32,0.32,0.32,0.32,0.32,0.32,0.32,0.32,0.32,0.32,0.32,0.32,0.32,0.32,0.321,0.321,0.321,0.321,0.321,0.321,0.321,0.321,0.32,0.32,0.32,0.32,0.32,0.319,0.319,0.319,0.319,0.319,0.319,0.319,0.319,0.319,0.32,0.32,0.32,0.32,0.321,0.321,0.321,0.322,0.322,0.322,0.323,0.323,0.323,0.323,0.324,0.324,0.324,0.325,0.325,0.325,0.326,0.326,0.327,0.328,0.328,0.329,0.33,0.331,0.332,0.332,0.333,0.333,0.334,0.335,0.336,0.337,0.337,0.338,0.338,0.339,0.34,0.34,0.341,0.341,0.341,0.342,0.342,0,0,0,0,0,0,0,0,0.436,0.435,0,0.433,0.432,0.431,0.43,0.429,0.429,0.429,0.429,0.429,0.429,0.429,0.429,0.429,0.429,0.428,0.428,0.428,0.428,0.427,0.427,0.427,0.427,0.427,0.426,0.426,0.426,0.426,0.426,0.426,0.427,0.427,0.427,0.427,0.427,0.426,0.426,0.426,0.426,0.426,0.425,0.425,0.425,0.425,0.425,0.425,0.425,0.425,0.425,0.426,0.426,0.426,0.426,0.426,0.426,0.426,0.426,0.426,0.426,0.426,0.427,0.427,0.426,0.426,0.426,0.426,0.425,0.425,0.425,0.424,0.424,0.424,0.424,0.424,0.423,0.423,0.423,0.423,0.423,0.423,0.424,0.424,0.424,0.425,0.425,0.426,0.427,0.428,0.429,0.43,0.432,0.433,0.435,0.436,0.436,0.437,0.439,0.44,0.44,0.441,0.441,0.441,0.442,0.441,0.441,0.439,0.438,0.437,0.436,0.434,0.433,0.432,0.431,0.43,0.429,0.429,0.429,0.428,0.428,0,0,0,0,0,0,0,0,0,0,0,0,0,0,0,0,0,0,1.397,1.384,1.366,1.324,1.275,0,0,0,1.162,1.144,1.138,1.134,1.136,1.138,1.138,1.14,1.14,1.14,1.14,1.14,1.14,0,0,0,0,0,0,0,0,0,0,0,0,0,0,0,0,0,0,0,0,0,0,0,0,0,0,0,0,0,0,0,0,0,0,0,0,0
0,0,0,0,0,0,0,0,0,0,0,0,0,0,0,0,0,0,0,0,0,0,0,0,0,0,0,0,0,0,0,0,0,0,0,0,0,0,0,0,0,0,0,0,0,0,0,0,0,0,0,0.463,0.463,0.462,0.463,0.462,0.462,0.462,0.461,0.461,0.461,0.461,0.46,0.46,0.46,0.459,0.459,0.459,0.459,0.459,0.459,0.459,0.459,0.459,0.46,0.461,0.461,0.462,0.463,0.465,0.467,0.469,0.472,0.474,0.476,0.479,0.482,0,0,0,0,0,0,0,0,0,0,0,0,0,0.363,0.363,0.363,0.363,0.363,0.363,0.364,0.364,0.364,0.364,0.365,0.365,0.366,0.367,0.367,0.368,0.37,0.37,0.371,0.372,0.373,0.374,0,0,0,0,0.453,0.453,0.453,0.454,0.454,0.455,0.456,0.456,0.456,0.457,0.457,0.458,0.458,0.459,0.459,0.46,0.46,0.461,0.461,0.461,0.462,0.462,0.462,0.462,0.462,0.462,0.462,0.463,0.463,0.463,0.463,0.463,0.463,0.463,0.462,0.462,0.461,0.46,0.459,0.459,0.458,0.458,0.457,0.456,0.456,0.455,0.455,0.455,0.454,0.454,0.454,0.454,0.453,0.453,0.453,0.453,0.452,0.452,0.452,0.451,0.451,0.451,0.451,0.451,0.451,0.451,0.451,0.451,0.451,0.451,0.451,0.451,0.451,0.451,0.451,0.451,0.452,0.452,0.453,0.454,0.454,0.454,0.455,0.455,0.455,0.456,0.456,0.456,0.456,0.456,0.456,0.456,0.456,0.455,0.455,0.455,0.455,0.454,0.454,0.453,0.453,0.453,0.453,0.453,0.453,0.453,0.453,0.453,0.453,0.453,0,0,0,0,0,0,0,0,0,0,0.378,0.378,0.377,0.375,0.375,0.374,0.373,0.372,0.371,0.37,0.368,0.367,0.365,0.364,0.362,0.36,0.358,0.356,0.355,0.354,0.353,0.352,0.352,0.351,0.351,0.35,0.349,0.348,0.348,0.347,0.346,0.345,0.344,0.344,0.343,0.342,0.342,0.341,0.341,0.34,0.34,0.339,0.339,0.338,0.338,0.337,0.337,0.336,0.335,0.335,0.334,0.334,0.333,0.333,0.333,0.332,0.332,0.331,0.33,0.33,0.329,0.329,0.329,0.328,0.328,0.328,0.328,0.327,0.327,0.327,0.327,0.326,0.326,0.326,0.325,0.325,0.325,0.325,0.324,0.324,0.324,0.324,0.323,0.323,0.323,0.323,0.323,0.323,0.323,0.322,0.322,0.322,0.322,0.322,0.322,0.322,0.321,0.321,0.321,0.321,0.321,0.321,0.321,0.321,0.32,0.32,0.32,0.32,0.32,0.32,0.32,0.32,0.32,0.32,0.32,0.32,0.32,0.32,0.32,0.32,0.32,0.32,0.32,0.32,0.321,0.321,0.32,0.32,0.32,0.32,0.32,0.32,0.319,0.319,0.319,0.319,0.319,0.319,0.319,0.319,0.319,0.319,0.319,0.319,0.32,0.32,0.32,0.32,0.321,0.321,0.321,0.322,0.322,0.322,0.322,0.323,0.323,0.323,0.324,0.324,0.324,0.325,0.326,0.326,0.327,0.327,0.328,0.328,0.329,0.33,0.331,0.332,0.332,0.333,0.333,0.334,0.335,0.335,0.336,0.336,0.337,0.337,0.339,0.339,0.34,0.34,0.34,0.341,0.341,0,0,0,0,0,0,0,0,0,0,0,0,0,0.428,0.427,0.427,0.426,0.426,0.426,0.426,0.426,0.426,0.426,0.427,0.426,0.426,0.426,0.426,0.426,0.425,0.425,0.425,0.425,0.425,0.425,0.424,0.424,0.424,0.425,0.425,0.425,0.425,0.425,0.425,0.424,0.424,0.424,0.424,0.424,0.423,0.423,0.423,0.423,0.423,0.423,0.423,0.423,0.423,0.423,0.423,0.423,0.423,0.423,0.424,0.424,0.424,0.424,0.424,0.424,0.424,0.424,0.424,0.424,0.424,0.424,0.424,0.423,0.423,0.423,0.422,0.422,0.422,0.421,0.421,0.421,0.421,0.421,0.421,0.421,0.421,0.421,0.422,0.422,0.423,0.423,0.424,0.425,0.426,0.427,0.429,0.43,0.432,0.433,0.434,0.435,0.436,0.438,0.439,0.44,0.441,0.441,0.441,0.442,0.441,0.441,0.44,0.438,0.437,0.436,0.434,0.433,0.432,0.431,0.429,0.429,0.429,0.429,0.428,0.428,0,0,0,0,0,0,0,0,0,0,0,0,0,0,0,0,0,0,0,0,0,0,0,0,0,1.166,1.151,1.138,1.134,1.13,1.132,1.134,1.136,1.136,1.136,1.136,1.136,1.136,1.136,0,0,0,0,0,0,0,0,0,0,0,0,0,0,0,0,0,0,0,0,0,0,0,0,0,0,0,0,0,0,0,0,0,0,0,0,0
0,0,0,0,0,0,0,0,0,0,0,0,0,0,0,0,0,0,0,0,0,0,0,0,0,0,0,0,0,0,0,0,0,0,0,0,0,0,0,0,0,0,0,0,0,0,0,0,0,0,0,0,0.46,0.46,0.46,0.459,0.459,0.459,0.459,0.459,0.459,0.459,0.459,0.458,0.458,0.458,0.457,0.457,0.457,0.457,0.457,0.457,0.457,0.457,0.458,0.458,0.459,0.46,0.461,0.463,0.465,0,0.469,0.47,0.473,0.477,0,0,0,0,0,0,0,0,0,0,0,0,0,0.363,0.363,0.363,0.363,0.363,0.363,0.364,0.363,0.364,0.364,0.364,0.364,0.365,0.365,0.366,0.367,0.368,0.369,0.37,0.37,0.372,0.373,0,0,0,0,0.452,0.452,0.452,0.452,0.453,0.453,0.453,0.454,0.454,0.454,0.454,0.455,0.456,0.456,0.457,0.457,0.458,0.458,0.459,0.459,0.459,0.46,0.46,0.46,0.46,0.46,0.46,0.459,0.46,0.46,0.459,0.459,0.459,0.459,0.459,0.458,0.458,0.457,0.457,0.456,0.456,0.455,0.454,0.454,0.453,0.453,0.452,0.452,0.452,0.452,0.451,0.451,0.451,0.451,0.451,0.451,0.45,0.45,0.45,0.45,0.449,0.449,0.449,0.449,0.449,0.449,0.448,0.448,0.448,0.449,0.449,0.449,0.449,0.449,0.449,0.449,0.449,0.449,0.45,0.451,0.451,0.452,0.452,0.452,0.453,0.453,0.453,0.453,0.453,0.453,0.453,0.453,0.453,0.452,0.452,0.452,0.452,0.451,0.451,0.45,0.45,0.45,0.45,0.45,0.45,0.45,0.45,0.45,0.45,0,0.45,0,0,0,0,0,0,0,0,0,0,0.378,0.377,0.376,0.375,0.374,0.373,0.372,0.371,0.37,0.369,0.368,0.366,0.365,0.363,0.361,0.36,0.358,0.356,0.354,0.353,0.353,0.352,0.352,0.351,0.35,0.35,0.349,0.348,0.348,0.347,0.346,0.345,0.344,0.343,0.343,0.342,0.341,0.341,0.34,0.34,0.34,0.339,0.339,0.338,0.337,0.337,0.336,0.336,0.335,0.334,0.334,0.333,0.333,0.333,0.332,0.332,0.331,0.331,0.33,0.329,0.329,0.328,0.328,0.328,0.328,0.328,0.327,0.327,0.327,0.327,0.326,0.326,0.326,0.325,0.325,0.325,0.325,0.324,0.324,0.324,0.324,0.323,0.323,0.323,0.323,0.323,0.323,0.323,0.322,0.322,0.322,0.322,0.322,0.322,0.321,0.321,0.321,0.321,0.321,0.32,0.32,0.32,0.32,0.32,0.32,0.32,0.32,0.32,0.319,0.319,0.319,0.319,0.319,0.319,0.319,0.319,0.319,0.319,0.319,0.32,0.32,0.32,0.32,0.32,0.32,0.32,0.32,0.32,0.32,0.319,0.319,0.319,0.319,0.319,0.319,0.319,0.318,0.318,0.318,0.319,0.319,0.319,0.319,0.319,0.319,0.32,0.32,0.32,0.32,0.32,0.321,0.321,0.321,0.321,0.322,0.322,0.322,0.323,0.323,0.324,0.324,0.325,0,0.326,0.326,0.327,0.327,0.328,0.329,0.329,0.33,0.331,0.331,0.332,0.332,0.333,0.333,0.334,0.334,0.335,0.335,0.336,0.337,0.338,0.339,0.339,0.34,0.34,0.34,0.341,0,0,0,0,0,0,0,0,0,0,0,0,0.425,0.425,0.424,0.424,0.424,0.424,0.424,0.424,0.424,0.424,0.425,0.425,0.424,0.424,0.424,0.424,0.423,0.423,0.423,0.423,0.423,0.422,0.422,0.422,0.422,0.422,0.422,0.422,0.422,0.422,0.422,0.422,0.422,0.422,0.422,0.422,0.422,0.421,0.421,0.421,0.421,0.421,0.421,0.421,0.421,0.421,0.421,0.421,0.421,0.421,0.421,0.422,0.422,0.422,0.422,0.422,0.422,0.422,0.422,0.422,0.422,0.422,0.422,0.421,0.421,0.421,0.42,0.42,0.42,0.419,0.419,0.419,0.419,0.419,0.419,0.419,0.419,0.419,0.42,0.42,0.421,0.421,0.422,0.422,0.424,0.425,0.426,0.427,0.429,0.43,0.432,0.434,0.435,0.437,0.438,0.44,0.441,0.441,0.442,0.442,0.441,0.441,0.44,0.438,0.437,0.436,0.435,0.433,0.432,0.431,0.43,0.429,0.429,0.428,0.428,0.428,0,0,0,0,0,0,0,0,0,0,0,0,0,0,0,0,0,0,0,0,0,0,0,0,0,1.155,1.14,1.132,1.128,1.126,1.128,1.128,1.13,1.132,1.132,1.132,1.132,1.132,1.132,0,0,0,0,0,0,0,0,0,0,0,0,0,0,0,0,0,0,0,0,0,0,0,0,0,0,0,0,0,0,0,0,0,0,0,0,0
0,0,0,0,0,0,0,0,0,0,0,0,0,0,0,0,0,0,0,0,0,0,0,0,0,0,0,0,0,0,0,0,0,0,0,0,0,0,0,0,0,0,0,0,0,0,0,0,0,0,0,0,0.456,0.456,0.457,0.456,0.456,0.456,0.457,0.457,0.457,0.457,0.456,0.456,0.456,0.456,0.456,0.456,0.456,0.456,0.455,0.456,0.456,0.456,0.456,0.457,0.457,0.458,0.459,0.461,0.463,0.465,0.467,0.469,0.471,0,0,0,0,0,0,0,0,0,0,0,0,0,0.362,0.363,0.363,0.363,0.363,0.363,0.363,0.363,0.363,0.363,0.363,0.364,0.364,0.364,0.365,0.365,0.366,0.367,0.368,0.369,0.37,0,0,0,0,0,0.45,0.45,0.451,0.45,0.45,0.45,0.451,0.451,0.451,0.451,0.452,0.452,0.453,0.453,0.454,0.454,0.455,0.456,0.457,0.457,0.457,0.457,0.458,0.457,0.457,0.457,0.456,0.456,0.456,0.455,0.455,0.455,0.455,0.454,0.454,0.454,0.454,0.454,0.453,0.453,0.453,0.452,0.452,0.451,0.451,0.45,0.45,0.45,0.45,0.45,0.449,0.449,0.449,0.449,0.449,0.449,0.449,0.448,0.448,0.448,0.448,0.447,0.447,0.447,0.447,0.446,0.446,0.446,0.446,0.446,0.446,0.447,0.447,0.447,0.447,0.447,0.447,0.447,0.447,0.448,0.449,0.449,0.45,0.45,0.45,0.45,0.45,0.451,0.451,0.451,0.45,0.45,0.45,0.45,0.449,0.449,0.449,0.448,0.448,0.448,0.447,0.447,0.446,0.446,0.447,0.447,0.447,0.447,0.447,0,0,0,0,0,0,0,0,0,0,0,0,0,0.377,0.376,0.375,0,0.373,0.372,0.372,0.37,0.37,0.369,0.367,0.365,0.365,0.363,0.361,0.359,0.357,0.356,0.355,0.354,0.353,0.352,0.352,0.351,0.35,0.35,0.349,0.348,0.347,0.346,0.345,0.344,0.344,0.343,0.342,0.342,0.341,0.34,0.34,0.34,0.339,0.339,0.338,0.338,0.337,0.337,0.336,0.335,0.335,0.334,0.334,0.333,0.333,0.332,0.332,0.331,0.331,0.33,0.33,0.329,0.329,0.328,0.328,0.328,0.327,0.327,0.327,0.327,0.327,0.326,0.326,0.326,0.325,0.325,0.325,0.324,0.324,0.324,0.324,0.324,0.324,0.323,0.323,0.323,0.323,0.323,0.322,0.322,0.322,0.322,0.322,0.322,0.322,0.321,0.321,0.321,0.321,0.321,0.32,0.32,0.32,0.32,0.32,0.32,0.32,0.319,0.319,0.319,0.319,0.319,0.319,0.319,0.319,0.319,0.319,0.319,0.319,0.319,0.319,0.319,0.319,0.319,0.319,0.319,0.319,0.319,0.319,0.319,0.319,0.319,0.319,0.319,0.319,0.318,0.318,0.318,0.318,0.318,0.318,0.318,0.318,0.318,0.318,0.319,0.319,0.319,0.319,0.319,0.32,0.32,0.32,0.32,0.321,0.321,0.321,0.322,0.322,0.322,0.323,0.323,0.324,0,0,0.325,0.326,0.326,0.327,0.327,0.328,0.328,0.329,0.33,0.33,0.331,0.331,0.331,0.332,0.333,0.333,0.334,0.334,0.335,0.336,0.337,0.338,0.339,0.339,0.34,0.34,0.341,0,0,0,0,0,0,0,0,0,0,0,0.423,0.422,0.422,0.422,0.422,0.422,0.422,0.422,0.422,0.422,0.422,0.422,0.422,0.422,0.422,0.422,0.422,0.421,0.421,0.42,0.42,0.42,0.42,0.419,0.419,0.42,0.419,0.419,0.42,0.42,0.42,0.42,0.42,0.42,0.42,0.42,0.42,0.419,0.419,0.419,0.419,0.419,0.419,0.419,0.419,0.419,0.419,0.419,0.419,0.419,0.419,0.419,0.419,0.419,0.42,0.42,0.42,0.42,0.42,0.42,0.42,0.42,0.419,0.419,0.419,0.419,0.419,0.418,0.418,0.418,0.418,0.417,0.417,0.417,0.417,0.417,0.417,0.417,0.418,0.418,0.418,0.419,0.419,0.42,0.42,0.421,0.422,0.423,0.424,0.426,0.429,0.431,0.433,0.435,0.437,0.439,0.44,0.441,0.442,0.442,0.442,0.442,0.441,0.44,0.438,0.437,0.436,0.435,0.433,0.432,0.431,0.43,0.429,0.429,0.428,0.427,0.428,0.427,0,0,0,0,0,0,0,0,0,0,0,0,0,0,0,0,0,0,0,0,0,0,0,1.149,1.138,1.128,1.124,1.121,1.121,1.121,1.121,1.124,1.126,1.126,1.128,1.128,1.128,1.128,0,0,0,0,0,0,0,0,0,0,0,0,0,0,0,0,0,0,0,0,0,0,0,0,0,0,0,0,0,0,0,0,0,0,0,0,0
0,0,0,0,0,0,0,0,0,0,0,0,0,0,0,0,0,0,0,0,0,0,0,0,0,0,0,0,0,0,0,0,0,0,0,0,0,0,0,0,0,0,0,0,0,0,0,0,0,0,0,0,0,0.453,0.454,0.454,0.454,0.454,0.454,0.455,0.455,0.455,0.455,0.455,0.455,0.455,0.455,0.455,0.455,0.455,0.455,0.454,0.454,0.455,0.455,0.456,0.456,0.457,0.458,0.459,0.461,0.463,0,0,0,0,0,0,0,0,0,0,0,0,0,0.36,0.361,0.362,0.362,0.363,0.363,0.363,0.363,0.363,0.363,0.363,0.363,0.363,0.363,0.363,0.363,0.363,0.364,0.365,0.365,0.366,0.367,0.368,0,0,0,0.45,0.45,0.45,0.449,0.45,0.449,0.449,0.449,0.449,0.449,0.449,0.449,0.449,0.449,0.45,0.45,0.451,0.451,0.452,0.453,0.454,0.455,0.455,0.455,0.455,0.455,0.454,0.454,0.453,0.453,0.452,0.452,0.451,0.451,0.45,0.45,0.45,0.45,0.45,0.45,0.45,0.45,0.45,0.45,0.449,0.449,0.449,0.449,0.448,0.448,0.448,0.448,0.448,0.448,0.447,0.448,0.447,0.447,0.447,0.447,0.447,0.446,0.446,0.446,0.446,0.445,0.445,0.445,0.444,0.444,0.444,0.444,0.444,0.444,0.444,0.445,0.445,0.445,0.445,0.445,0.445,0.446,0.446,0.447,0.447,0.448,0.448,0.448,0.448,0.448,0.448,0.448,0.448,0.448,0.448,0.447,0.447,0.447,0.446,0.446,0.446,0.445,0.445,0.444,0.444,0.443,0.444,0.444,0.444,0.444,0.444,0.444,0.443,0.443,0.443,0.442,0.441,0,0,0,0,0,0,0,0,0.375,0.375,0.374,0.373,0.373,0.372,0.371,0.37,0.369,0.368,0.367,0.365,0.364,0.362,0.361,0.359,0.357,0.356,0.354,0.353,0.353,0.352,0.351,0.351,0.35,0.349,0.349,0.348,0.347,0.346,0.345,0.344,0.344,0.343,0.342,0.341,0.341,0.34,0.34,0.339,0.339,0.338,0.337,0.337,0.337,0.336,0.335,0.335,0.334,0.334,0.333,0.333,0.333,0.332,0.332,0.331,0.331,0.33,0,0.329,0.328,0.328,0.328,0.328,0.327,0.327,0.327,0.326,0.326,0.326,0.326,0.325,0.325,0.325,0.325,0.324,0.324,0.324,0.324,0.324,0.323,0.323,0.323,0.323,0.323,0.322,0.322,0.322,0.322,0.322,0.322,0.321,0.321,0.321,0.321,0.321,0.321,0.32,0.32,0.32,0.32,0.32,0.319,0.319,0.319,0.319,0.319,0.319,0.319,0.318,0.318,0.318,0.318,0.318,0.318,0.318,0.318,0.318,0.319,0.319,0.319,0.319,0.319,0.319,0.319,0.319,0.319,0.318,0.318,0.318,0.318,0.318,0.318,0.318,0.318,0.318,0.318,0.318,0.318,0.318,0.318,0.318,0.318,0.318,0.318,0.319,0.319,0.319,0.319,0.319,0.32,0.32,0.32,0.32,0.321,0.321,0.321,0.322,0.322,0.323,0.323,0.324,0.324,0.325,0.325,0.326,0.326,0.327,0.327,0.328,0.328,0.329,0.329,0.33,0.33,0.33,0.331,0.331,0.332,0.333,0.333,0.334,0.335,0.336,0.337,0.338,0.339,0.34,0.34,0.34,0.341,0.341,0,0,0,0,0,0,0,0,0.421,0.42,0.42,0.42,0.42,0.419,0.42,0.42,0.42,0.42,0.42,0.42,0.42,0.42,0.42,0.42,0.419,0.419,0.419,0.418,0.418,0.418,0.418,0.417,0.417,0.417,0.417,0.417,0.417,0.417,0.418,0.418,0.418,0.418,0.418,0.418,0.418,0.418,0.418,0.418,0.418,0.418,0.417,0.417,0.417,0.417,0.417,0.417,0.418,0.417,0.418,0.417,0.417,0.417,0.418,0.418,0.418,0.418,0.418,0.418,0.418,0.418,0.418,0.418,0.417,0.417,0.417,0.416,0.416,0.416,0.416,0.416,0.416,0.415,0.415,0.415,0.415,0.415,0.415,0.416,0.416,0.416,0.417,0.417,0.418,0.418,0.419,0.42,0.42,0.422,0.423,0.426,0.429,0.431,0.433,0.436,0.438,0.44,0.441,0.442,0.443,0.443,0.442,0.441,0.44,0.438,0.437,0.436,0.435,0.433,0.432,0.431,0.43,0.429,0.428,0.428,0.427,0.427,0.427,0,0,0,0,0,0,0,0,0,0,0,0,0,0,0,0,0,0,0,0,0,0,0,1.128,1.121,1.117,1.117,1.117,1.117,1.117,1.117,1.119,1.121,1.121,1.124,1.124,1.124,1.124,0,0,0,0,0,0,0,0,0,0,0,0,0,0,0,0,0,0,0,0,0,0,0,0,0,0,0,0,0,0,0,0,0,0,0,0,0
0,0,0,0,0,0,0,0,0,0,0,0,0,0,0,0,0,0,0,0,0,0,0,0,0,0,0,0,0,0,0,0,0,0,0,0,0,0,0,0,0,0,0,0,0,0,0,0,0,0,0,0,0,0.451,0.451,0.451,0.452,0.452,0.453,0.453,0.454,0.454,0.454,0.454,0.454,0.454,0.454,0.454,0.454,0.454,0.454,0.454,0.454,0.454,0.454,0.455,0.455,0.456,0.457,0.458,0.46,0,0,0,0,0,0,0,0,0,0,0,0,0,0.36,0.36,0.361,0.362,0.362,0.362,0.363,0.363,0.363,0.363,0.363,0.363,0.363,0.363,0.363,0.363,0.363,0.363,0.363,0.364,0.365,0.365,0.366,0,0,0,0,0.448,0.449,0.448,0.448,0.448,0.448,0.447,0.447,0.447,0.447,0.447,0.447,0.447,0.447,0.447,0.448,0.448,0.449,0.45,0.451,0.451,0.452,0.453,0.453,0.452,0.452,0.452,0.451,0.45,0.45,0.449,0.448,0.448,0.447,0.447,0.447,0.447,0.447,0.447,0.447,0.447,0.447,0.447,0.447,0.447,0.447,0.447,0.446,0.446,0.446,0.446,0.446,0.446,0.446,0.446,0.446,0.446,0.445,0.445,0.445,0.445,0.445,0.445,0.444,0.444,0.444,0.443,0.443,0.442,0.442,0.442,0.442,0.442,0.442,0.443,0.443,0.444,0.444,0.444,0.444,0.444,0.444,0.445,0.445,0.446,0.446,0.446,0.446,0.446,0.446,0.446,0.446,0.446,0.446,0.445,0.445,0.445,0.444,0.443,0.442,0.442,0.442,0.441,0.441,0.441,0.441,0.441,0.441,0.441,0.441,0.441,0.441,0.44,0.44,0.44,0.439,0.438,0.437,0,0,0,0,0,0,0,0,0.374,0.374,0.373,0.372,0.371,0.37,0.37,0.369,0.368,0.366,0.365,0.364,0.362,0.36,0.359,0.357,0.355,0.354,0.353,0.352,0.352,0.351,0.35,0.35,0.349,0.348,0.347,0.346,0.345,0.345,0.344,0.343,0.343,0.342,0.341,0.34,0.34,0.339,0.339,0.338,0.338,0.337,0.337,0.336,0.336,0.335,0.335,0.334,0.334,0.333,0.333,0.332,0.332,0.331,0.331,0.33,0.33,0.329,0.329,0.328,0.328,0.328,0.327,0.327,0.327,0.327,0.326,0.326,0.326,0.325,0.325,0.325,0.324,0.324,0.324,0.324,0.324,0.324,0.324,0.323,0.323,0.323,0.323,0.323,0.322,0.322,0.322,0.322,0.322,0.322,0.321,0.321,0.321,0.321,0.321,0.32,0.32,0.32,0.32,0.32,0.319,0.319,0.319,0.319,0.319,0.318,0.318,0.318,0.318,0.318,0.318,0.318,0.318,0.318,0.318,0.318,0.318,0.318,0.318,0.318,0.318,0.318,0.318,0.318,0.318,0.318,0.318,0.318,0.318,0.318,0.318,0.318,0.318,0.318,0.318,0.318,0.318,0.318,0.318,0.318,0.318,0.318,0.318,0.318,0.318,0.319,0.319,0.319,0.319,0.319,0.319,0.32,0.32,0.32,0.32,0.321,0.321,0.322,0.322,0.323,0.323,0.324,0.324,0.325,0.325,0.326,0.326,0.327,0.327,0.327,0.328,0.328,0.328,0.329,0.329,0.33,0.33,0.331,0.331,0.332,0.333,0.334,0.335,0.337,0.338,0.339,0.339,0.34,0.34,0.341,0,0,0,0,0,0,0,0,0,0,0.418,0.418,0.418,0.418,0.418,0.418,0.418,0.418,0.418,0.418,0.418,0.418,0.418,0.418,0.418,0.418,0.417,0.417,0.416,0.416,0.416,0.415,0.415,0.415,0.414,0.415,0.414,0.415,0.415,0.415,0.416,0.416,0.416,0.416,0.416,0.416,0.416,0.416,0.416,0.416,0.416,0.416,0.416,0.416,0.416,0.416,0.416,0.416,0.416,0.416,0.416,0.415,0.415,0.415,0.416,0.416,0.416,0.416,0.416,0.416,0.416,0.416,0.415,0.415,0.415,0.415,0.415,0.414,0.414,0.414,0.414,0.414,0.414,0.414,0.413,0.413,0.414,0.414,0.414,0.414,0.415,0.415,0.416,0.416,0.416,0.417,0.418,0.418,0.419,0.421,0.424,0.426,0.429,0.431,0.435,0.438,0.441,0.442,0.443,0.443,0.443,0.442,0.441,0.44,0.439,0.438,0.436,0.435,0.433,0.432,0.431,0.43,0.429,0.428,0.427,0.427,0.427,0.426,0,0,0,0,0,0,0,0,0,0,0,0,0,0,0,0,0,0,0,0,0,0,0,0,1.111,1.111,1.111,1.111,1.113,1.111,1.111,1.115,1.117,1.117,1.117,1.119,1.119,1.119,0,0,0,0,0,0,0,0,0,0,0,0,0,0,0,0,0,0,0,0,0,0,0,0,0,0,0,0,0,0,0,0,0,0,0,0,0
0,0,0,0,0,0,0,0,0,0,0,0,0,0,0,0,0,0,0,0,0,0,0,0,0,0,0,0,0,0,0,0,0,0,0,0,0,0,0,0,0,0,0,0,0,0,0,0,0,0,0,0,0.449,0.449,0.449,0.45,0.45,0.451,0.452,0.452,0.453,0.453,0.454,0.454,0.454,0.454,0.454,0.454,0.454,0.454,0.454,0.453,0.453,0.453,0.454,0.454,0.455,0.455,0.455,0.457,0.458,0,0,0,0,0,0,0,0,0,0,0,0,0.359,0.359,0.36,0.361,0.362,0.362,0.362,0.363,0.363,0.364,0.363,0.363,0.363,0.363,0.363,0.363,0.363,0.363,0.363,0.363,0.363,0.364,0.365,0,0,0,0,0.446,0,0.447,0.447,0.447,0.447,0.447,0.446,0.446,0.446,0.446,0.445,0.445,0.445,0.445,0.445,0.445,0.446,0.446,0.447,0.448,0.449,0.45,0.45,0.45,0.45,0.449,0.448,0.448,0.447,0.446,0.445,0.445,0.444,0.444,0.444,0.444,0.443,0.444,0.444,0.444,0.444,0.444,0.444,0.444,0.445,0.444,0.445,0.444,0.445,0.445,0.445,0.445,0.444,0.444,0.444,0.444,0.444,0.444,0.443,0.443,0.443,0.443,0.443,0.443,0.442,0.441,0.441,0.441,0.441,0.441,0.441,0.441,0.441,0.441,0.442,0.442,0.443,0.443,0.443,0.443,0.443,0.444,0.444,0.444,0.444,0.444,0.445,0.445,0.445,0.445,0.445,0.444,0.444,0.443,0.443,0.442,0.442,0.441,0.441,0.44,0.44,0.439,0.438,0.438,0.438,0.438,0.438,0.438,0.438,0.438,0.438,0.437,0.436,0.436,0.436,0.435,0.434,0.432,0,0,0,0,0,0,0,0,0.374,0.373,0.372,0.372,0.371,0.37,0.369,0.368,0.367,0.366,0.365,0.363,0.362,0.36,0.359,0.357,0.355,0.354,0.353,0.352,0.352,0.351,0.35,0.35,0.349,0.348,0.347,0.346,0.345,0.345,0.344,0.343,0.342,0.341,0.341,0.34,0.339,0.339,0.338,0.338,0.337,0.337,0.336,0.336,0.335,0.335,0.334,0.334,0.333,0.333,0.333,0.332,0.332,0.331,0.331,0.33,0.33,0.329,0.329,0.328,0.328,0.328,0.327,0.327,0.327,0.326,0.326,0.326,0.325,0.325,0.325,0.324,0.324,0.324,0.324,0.324,0.324,0.324,0.323,0.323,0.323,0.323,0.323,0.322,0.322,0.322,0.322,0.322,0.322,0.321,0.321,0.321,0.321,0.321,0.32,0.32,0.32,0.32,0.319,0.319,0.319,0.319,0.319,0.318,0.318,0.318,0.318,0.318,0.318,0.318,0.318,0.318,0.318,0.318,0.318,0.318,0.318,0.318,0.318,0.318,0.318,0.318,0.318,0.318,0.318,0.318,0.318,0.318,0.318,0.318,0.317,0.318,0.317,0,0,0.317,0.317,0.317,0.317,0.317,0.317,0.317,0.318,0.318,0.318,0.318,0.318,0.318,0.318,0.319,0.319,0.319,0.319,0.32,0.32,0.32,0.321,0.321,0.322,0.322,0.323,0.323,0.324,0.324,0.325,0.325,0.326,0.326,0.326,0.327,0.327,0.327,0.327,0.328,0.328,0.329,0.329,0.33,0.33,0.331,0.332,0.333,0.335,0.336,0.337,0.338,0.339,0.34,0.34,0.341,0,0,0,0,0,0,0,0,0,0,0.417,0.416,0.416,0.416,0.416,0.416,0.416,0.416,0.416,0.416,0.416,0.416,0.416,0.416,0.416,0.415,0.415,0.414,0.414,0.414,0.414,0.413,0.413,0.412,0.412,0.412,0.412,0.412,0.413,0.413,0.413,0.414,0.414,0.414,0.414,0.414,0.414,0.414,0.414,0.414,0.414,0.414,0.414,0.414,0.414,0.414,0.414,0.414,0.414,0.414,0.414,0.413,0.413,0.413,0.413,0.413,0.413,0.413,0.413,0.413,0.413,0.413,0.413,0.413,0.413,0.412,0.412,0.412,0.412,0.412,0.412,0.412,0.412,0.412,0.412,0.412,0.412,0.412,0.413,0.413,0.413,0.414,0.414,0.414,0.415,0.415,0.416,0.416,0.417,0.418,0.421,0.424,0.427,0.43,0.434,0.437,0.441,0.443,0.444,0.444,0.444,0.443,0.441,0.44,0.439,0.437,0.436,0.435,0.433,0.432,0.431,0.43,0.429,0.428,0.427,0.427,0.426,0.426,0,0,0,0,0,0,0,0,0,0,0,0,0,0,0,0,0,0,0,0,0,0,0,0,1.109,1.109,1.109,1.109,1.109,1.107,1.109,1.111,1.113,1.113,1.115,1.117,1.117,0,0,0,0,0,0,0,0,0,0,0,0,0,0,0,0,0,0,0,0,0,0,0,0,0,0,0,0,0,0,0,0,0,0,0,0,0,0
0,0,0,0,0,0,0,0,0,0,0,0,0,0,0,0,0,0,0,0,0,0,0,0,0,0,0,0,0,0,0,0,0,0,0,0,0,0,0,0,0,0,0,0,0,0,0,0,0,0,0,0.447,0.447,0.447,0.448,0.448,0.449,0.45,0.451,0.451,0.452,0.453,0.453,0.454,0.454,0.454,0.454,0.454,0.453,0.453,0.453,0.453,0.453,0.453,0.453,0.453,0.454,0.454,0.455,0,0,0,0,0,0,0,0,0,0,0,0.356,0.357,0.357,0.358,0.359,0.36,0.36,0.361,0.362,0.362,0.363,0.363,0.363,0.364,0.364,0.363,0.363,0.363,0.363,0.363,0.363,0.362,0.363,0.363,0,0,0,0,0.442,0.444,0.444,0.445,0.445,0.446,0.445,0.445,0.445,0.445,0.444,0.444,0.444,0.443,0.443,0.443,0.443,0.443,0.442,0.443,0.443,0.443,0.444,0.444,0.445,0.446,0.445,0.445,0.445,0.444,0.444,0.443,0.442,0.442,0.441,0.441,0.441,0.441,0.441,0.441,0.441,0.441,0.441,0.441,0.441,0.442,0.442,0.442,0.442,0.442,0.442,0.443,0.442,0.442,0.443,0.442,0.442,0.442,0.442,0.442,0.441,0.441,0.441,0.441,0.441,0.441,0.441,0.44,0.44,0.439,0.439,0.439,0.439,0.44,0.44,0.44,0.44,0.441,0.441,0.441,0.442,0.442,0.442,0.443,0.443,0.443,0.443,0.443,0.443,0.442,0.442,0.442,0.442,0.441,0.441,0.441,0.44,0.44,0.439,0.439,0.438,0.438,0.437,0.437,0.436,0.436,0.436,0.436,0.436,0.436,0.436,0.436,0.435,0.435,0.435,0.434,0.434,0.434,0.433,0.432,0.432,0,0,0,0,0,0,0,0,0.374,0.373,0.372,0.371,0.37,0.37,0.369,0.368,0.367,0.366,0.364,0.363,0.362,0.36,0.358,0.357,0.355,0.354,0.353,0.352,0.352,0.351,0.35,0.35,0.349,0.348,0.347,0.346,0.345,0.344,0.344,0.343,0.342,0.341,0.34,0.34,0.339,0.339,0.338,0.337,0.337,0.337,0.336,0.335,0.335,0.335,0.334,0.334,0.333,0.333,0.332,0.332,0.331,0.331,0.331,0.33,0.33,0.329,0.329,0.328,0.328,0.328,0.327,0.327,0.326,0.326,0.325,0.325,0.325,0.325,0.324,0.324,0.324,0.324,0.324,0.324,0.324,0.323,0.323,0.323,0.323,0.323,0.323,0.322,0.322,0.322,0.322,0.321,0.321,0.321,0.321,0.321,0.321,0.32,0.32,0.32,0.32,0.319,0.319,0.319,0.319,0.319,0.318,0.318,0.318,0.318,0.318,0.318,0.317,0.317,0.317,0.317,0.317,0.317,0.317,0.317,0.318,0.318,0.318,0.318,0.318,0.318,0.318,0.317,0.317,0.317,0.317,0.317,0.317,0.317,0.317,0.317,0.317,0.317,0.317,0.317,0.317,0.317,0.317,0.317,0.317,0.317,0.317,0.317,0.318,0.318,0.318,0.318,0.318,0.318,0.319,0.319,0.319,0.319,0.32,0.32,0.32,0.32,0.321,0.321,0.322,0.323,0.323,0.323,0.324,0.324,0.325,0.325,0.326,0.326,0.326,0.326,0.327,0.327,0.327,0.328,0.328,0.329,0.329,0.33,0.331,0.332,0.334,0.335,0.337,0.338,0.339,0.34,0.34,0.341,0,0,0,0,0,0,0,0,0,0,0,0.415,0.414,0.414,0.414,0.414,0.414,0.414,0.414,0.414,0.414,0.414,0.414,0.414,0.414,0.413,0.413,0.412,0.412,0.412,0.411,0.411,0.411,0.411,0.41,0.41,0.41,0.411,0.411,0.411,0.411,0.411,0.412,0.412,0.412,0.412,0.412,0.412,0.412,0.413,0.413,0.413,0.413,0.413,0.412,0.412,0.412,0.412,0.412,0.412,0.412,0.411,0.411,0.411,0.411,0.411,0.411,0.411,0.411,0.411,0.411,0.411,0.411,0.411,0.411,0.411,0.411,0.411,0.411,0.411,0.411,0.411,0.411,0.411,0.411,0.41,0.411,0.411,0.411,0.412,0.412,0.412,0.413,0.413,0.413,0.414,0.414,0.415,0.416,0.417,0.419,0.422,0.425,0,0.433,0.437,0.442,0.445,0.445,0.445,0.444,0.443,0.441,0.439,0.438,0.437,0.436,0.435,0.434,0.432,0.431,0.43,0.429,0.428,0.427,0.426,0.426,0.426,0,0,0,0,0,0,0,0,0,0,0,0,0,0,0,0,0,0,0,0,0,0,0,0,0,0,1.107,1.107,1.107,1.107,1.105,1.109,1.111,1.111,1.113,0,0,0,0,0,0,0,0,0,0,0,0,0,0,0,0,0,0,0,0,0,0,0,0,0,0,0,0,0,0,0,0,0,0,0,0,0,0,0,0
0,0,0,0,0,0,0,0,0,0,0,0,0,0,0,0,0,0,0,0,0,0,0,0,0,0,0,0,0,0,0,0,0,0,0,0,0,0,0,0,0,0,0,0,0,0,0,0,0,0,0.445,0.445,0.445,0.446,0.446,0.447,0.448,0.449,0.45,0.451,0.452,0.452,0.453,0.453,0.453,0.453,0.454,0.453,0.453,0.453,0.453,0.453,0.452,0.452,0.452,0.453,0.453,0.453,0,0,0,0,0,0,0,0,0,0,0,0.355,0.355,0.356,0.357,0.358,0.359,0.359,0.36,0.361,0.362,0.362,0.363,0.363,0.363,0.363,0.364,0.363,0.363,0.363,0.363,0.362,0.362,0,0,0,0,0.438,0.438,0.439,0.44,0.441,0.442,0.442,0.443,0.443,0.443,0.443,0.443,0.443,0.442,0.442,0.441,0.441,0.441,0.441,0.441,0.44,0.44,0.44,0.44,0.44,0.44,0.441,0.441,0.441,0.441,0.441,0.441,0.44,0.44,0.439,0.439,0.439,0.438,0.438,0.438,0.438,0.438,0.439,0.439,0.439,0.439,0.439,0.44,0.44,0.44,0.44,0.44,0.44,0.44,0.441,0.441,0.441,0.441,0.441,0.44,0.44,0.44,0.44,0.44,0.439,0.439,0.439,0.438,0.438,0.438,0.438,0.438,0.438,0.438,0.438,0.438,0.438,0.438,0.438,0.439,0.439,0.44,0.441,0.441,0.441,0.441,0.441,0.441,0.441,0.441,0.441,0.441,0.44,0.44,0.44,0.439,0.439,0.438,0.438,0.438,0.437,0.436,0.436,0.436,0.435,0.435,0.434,0.434,0.434,0.433,0.434,0.433,0.433,0.433,0.433,0.433,0.433,0.432,0.432,0.432,0.432,0.432,0.431,0.43,0,0,0,0,0,0,0,0.375,0.375,0.374,0.372,0.371,0.37,0.37,0.369,0.368,0.367,0.365,0.364,0.363,0.361,0.36,0.358,0.356,0.355,0.354,0.353,0.352,0.352,0.351,0.35,0.35,0.349,0.348,0.347,0.346,0.345,0.344,0.343,0.343,0.342,0.341,0.34,0.34,0.339,0.338,0.338,0.337,0.337,0.336,0.336,0.335,0.335,0.334,0.334,0.333,0.333,0.333,0.332,0.331,0.331,0.331,0.33,0.33,0.33,0.329,0.329,0.328,0.328,0.328,0.327,0.327,0.326,0.326,0.325,0.325,0.325,0.324,0.324,0.324,0.324,0.324,0.324,0.324,0.323,0.323,0.323,0.323,0.323,0.323,0.322,0.322,0.322,0.322,0.321,0.321,0.321,0.321,0.321,0.32,0.32,0.32,0.32,0.32,0.319,0.319,0.319,0.319,0.319,0.318,0.318,0.318,0.318,0.318,0.317,0.317,0.317,0.317,0.317,0.317,0.317,0.317,0.317,0.317,0.317,0.317,0.317,0.317,0.317,0.317,0.317,0.317,0.317,0.317,0.317,0.317,0.317,0.317,0.317,0.317,0.317,0.317,0.317,0.317,0.317,0.316,0.317,0.317,0.317,0.317,0.317,0.317,0.317,0.317,0.318,0.318,0.318,0.318,0.318,0.318,0.319,0.319,0.319,0.319,0.32,0.32,0.321,0.321,0.322,0.322,0.323,0.323,0.323,0.324,0.324,0.324,0.325,0.325,0.325,0.325,0.326,0.326,0.326,0.327,0.327,0.328,0.328,0.329,0.33,0.331,0.333,0.334,0.336,0.337,0.339,0.339,0.34,0.341,0.342,0,0,0,0,0,0,0,0,0,0,0,0.412,0.412,0.412,0.412,0.412,0.412,0.412,0.412,0.412,0.412,0.412,0.412,0.412,0.411,0.411,0.41,0.41,0.41,0.409,0.409,0.409,0.409,0.408,0.408,0.408,0.408,0.408,0.409,0.409,0.409,0.41,0.41,0.41,0.41,0.41,0.411,0.411,0.411,0.411,0.411,0.411,0.411,0.411,0.411,0.411,0.41,0.41,0.41,0.41,0.409,0.409,0.409,0.409,0.409,0.409,0.409,0.409,0.409,0.409,0.409,0.409,0.409,0.409,0.409,0.409,0.409,0.409,0.409,0.409,0.409,0.409,0.409,0.409,0.409,0.41,0.41,0.41,0.411,0.411,0.411,0.412,0.412,0.412,0.413,0.413,0.414,0.414,0.415,0.418,0.421,0.424,0,0.433,0,0,0,0.447,0,0.445,0,0,0.439,0.438,0.437,0.436,0.435,0.434,0.432,0.431,0.43,0.429,0.428,0.426,0.426,0.425,0.425,0,0,0,0,0,0,0,0,0,0,0,0,0,0,0,0,0,0,0,0,0,0,0,0,0,1.101,1.101,1.103,1.103,0,1.103,1.107,0,0,0,0,0,0,0,0,0,0,0,0,0,0,0,0,0,0,0,0,0,0,0,0,0,0,0,0,0,0,0,0,0,0,0,0,0,0,0,0,0,0,0
0,0,0,0,0,0,0,0,0,0,0,0,0,0,0,0,0,0,0,0,0,0,0,0,0,0,0,0,0,0,0,0,0,0,0,0,0,0,0,0,0,0,0,0,0,0,0,0,0,0,0,0.444,0.444,0.445,0.445,0.446,0.446,0.448,0.449,0.45,0.451,0.452,0.453,0.453,0.453,0.453,0.453,0.453,0.453,0.453,0.453,0.452,0.452,0.452,0.452,0.452,0,0,0,0,0,0,0,0,0,0,0,0.353,0.354,0.354,0.355,0.356,0.357,0.357,0.358,0.359,0.36,0.361,0.361,0.362,0.362,0.363,0.363,0.363,0.363,0.363,0.363,0.363,0.363,0.363,0,0,0,0,0.435,0.436,0.436,0.437,0.438,0.438,0.439,0.44,0.44,0.44,0.44,0.44,0.44,0.44,0.44,0.44,0.44,0.439,0.439,0.438,0.438,0.438,0.437,0.437,0.437,0.437,0.436,0.436,0.437,0.437,0.437,0.437,0.437,0.436,0.436,0.436,0.436,0.436,0.436,0.436,0.436,0.436,0.436,0.437,0.437,0.437,0.437,0.437,0.438,0.438,0.438,0.438,0.438,0.438,0.438,0.438,0.438,0.438,0.438,0.438,0.438,0.438,0.438,0.437,0.437,0.437,0.436,0.436,0.436,0.436,0.436,0.436,0.436,0.436,0.436,0.436,0.436,0.436,0.436,0.437,0.437,0.438,0.439,0.439,0.439,0.439,0.439,0.439,0.439,0.439,0.439,0.438,0.438,0.437,0.437,0.437,0.436,0.436,0.436,0.435,0.435,0.434,0.434,0.433,0.433,0.432,0.432,0.432,0.432,0.431,0.431,0.431,0.431,0.431,0.431,0.431,0.431,0.431,0.431,0.43,0.43,0.43,0.429,0.429,0.428,0,0,0,0,0,0,0,0,0.375,0.374,0.372,0.371,0.37,0.37,0.369,0.368,0.367,0.365,0.364,0.362,0.361,0.359,0.358,0.356,0.355,0.354,0.353,0.352,0.352,0.351,0.35,0.349,0.349,0.348,0.347,0.346,0.344,0.344,0.343,0.342,0.341,0.34,0.34,0,0.339,0.338,0.338,0.337,0.337,0.336,0.335,0.335,0.334,0.334,0.333,0.333,0.333,0.332,0.332,0.331,0.331,0.33,0.33,0.33,0.33,0.329,0.329,0.328,0.328,0.327,0.327,0.326,0.326,0.326,0.325,0.325,0.324,0.324,0.324,0.324,0.324,0.324,0.323,0.323,0.323,0.323,0.323,0,0,0,0.322,0.322,0.321,0,0.321,0.321,0.321,0.32,0.32,0.32,0.32,0.32,0.32,0.319,0.319,0.319,0.319,0.319,0.318,0.318,0.318,0.318,0.318,0.318,0.317,0.317,0.317,0.317,0.317,0.317,0.317,0.317,0.317,0.317,0.317,0.317,0.317,0.317,0.317,0.317,0.317,0.317,0.316,0.316,0.316,0.316,0.316,0.317,0.316,0.316,0.316,0.317,0.317,0.316,0.316,0.316,0.316,0.316,0.316,0.316,0.316,0.317,0.317,0.317,0.317,0.317,0.317,0.318,0.318,0.318,0.318,0.318,0.319,0.319,0.319,0.32,0.32,0.32,0.321,0.321,0.322,0.322,0.323,0.323,0.323,0.324,0.324,0.324,0.324,0.325,0.325,0.325,0.326,0.326,0.327,0.327,0.328,0.328,0.329,0.331,0.332,0.334,0.335,0.337,0.338,0.339,0.34,0.341,0.342,0.342,0.343,0.343,0,0,0,0,0,0,0,0,0,0.41,0.41,0.41,0.41,0.411,0.411,0.411,0.411,0.411,0.41,0.41,0.41,0.409,0.409,0.409,0.408,0.408,0.408,0.407,0.407,0.407,0.406,0.406,0.406,0.406,0.406,0.407,0.407,0.407,0.407,0.408,0.408,0.408,0.408,0.409,0.409,0.409,0.409,0.409,0.409,0.409,0.409,0.409,0.409,0.408,0.408,0.408,0.408,0.408,0.407,0.407,0.407,0.407,0.407,0.407,0.407,0.407,0.407,0.407,0.407,0.407,0.407,0.407,0.407,0.408,0.407,0.408,0.408,0.408,0.408,0.408,0.408,0.409,0.409,0.409,0.409,0.41,0.41,0.41,0.411,0.411,0.411,0.412,0.412,0.413,0.413,0.414,0.416,0.419,0,0,0,0,0,0,0,0,0,0,0,0.438,0.437,0.436,0.436,0.435,0.434,0.432,0.432,0.431,0.429,0.428,0.426,0.425,0.425,0.424,0,0,0,0,0,0,0,0,0,0,0,0,0,0,0,0,0,0,0,0,0,0,0,0,0,0,1.103,1.103,0,1.099,0,0,0,0,0,0,0,0,0,0,0,0,0,0,0,0,0,0,0,0,0,0,0,0,0,0,0,0,0,0,0,0,0,0,0,0,0,0,0,0,0,0,0,0,0
0,0,0,0,0,0,0,0,0,0,0,0,0,0,0,0,0,0,0,0,0,0,0,0,0,0,0,0,0,0,0,0,0,0,0,0,0,0,0,0,0,0,0,0,0,0,0,0,0,0,0,0.443,0.444,0.444,0.444,0.445,0.445,0.446,0.448,0.449,0.451,0.452,0.453,0.453,0.453,0.454,0.454,0.453,0.453,0.453,0.453,0.453,0.452,0.452,0,0,0,0,0,0,0,0,0,0,0,0,0,0.353,0.353,0.354,0.355,0.355,0.356,0.357,0.358,0.359,0.36,0.361,0.361,0.362,0.362,0.363,0.363,0.363,0.363,0.363,0.363,0,0,0,0,0,0,0.432,0.433,0.433,0.434,0.435,0.435,0.436,0.436,0.437,0.437,0.437,0.437,0.437,0.437,0.437,0.437,0.437,0.437,0.436,0.436,0.436,0.435,0.435,0.434,0.434,0.433,0.433,0.433,0.433,0.433,0.433,0.433,0.433,0.433,0.433,0.433,0.433,0.433,0.434,0.434,0.434,0.434,0.435,0.435,0.435,0.435,0.436,0.436,0.436,0.436,0.436,0.436,0.436,0.436,0.436,0.436,0.436,0.436,0.436,0.436,0.436,0.436,0.436,0.435,0.435,0.435,0.434,0.434,0.434,0.434,0.434,0.434,0.434,0.434,0.434,0.434,0.435,0.435,0.435,0.435,0.436,0.436,0.436,0.437,0.437,0.437,0.437,0.437,0.437,0.437,0.436,0.436,0.436,0.435,0.434,0.434,0.434,0.433,0.433,0.432,0.432,0.432,0.431,0.431,0.43,0.43,0.43,0.43,0.429,0.429,0.43,0.43,0.43,0.43,0.429,0.429,0.429,0.429,0.429,0.429,0.429,0.429,0.428,0.428,0.427,0.427,0.426,0.422,0.418,0,0,0,0,0,0,0,0.372,0.371,0.37,0.369,0.369,0.368,0.367,0.365,0.364,0.362,0.361,0.359,0.358,0.356,0.355,0.354,0.353,0.353,0.352,0.351,0.35,0.349,0.349,0.348,0.347,0.345,0.344,0,0.343,0.342,0.341,0.34,0.34,0.34,0.339,0.338,0.338,0.337,0.337,0.336,0.335,0.335,0.334,0.334,0.333,0.333,0.332,0.332,0.331,0.331,0.331,0.33,0.33,0.33,0.329,0.329,0.328,0.328,0.328,0.327,0.327,0.326,0.326,0.325,0.325,0.324,0.324,0.324,0.324,0.324,0.323,0.323,0.323,0.323,0.323,0.323,0.323,0,0,0,0.322,0.322,0.321,0.321,0.321,0.321,0.32,0.32,0.32,0.32,0.32,0.32,0.32,0.319,0.319,0.319,0.319,0.319,0.318,0.318,0.318,0.318,0.318,0.317,0.317,0.317,0.317,0.317,0.317,0.317,0.317,0.317,0.317,0.317,0.317,0.317,0.317,0.317,0.317,0.317,0.316,0.316,0.316,0.316,0.316,0.316,0.316,0.316,0.316,0.316,0.316,0.316,0.316,0.316,0.316,0.316,0.316,0.316,0.316,0.316,0.316,0.316,0.316,0.317,0.317,0.317,0.317,0.317,0.318,0.318,0.318,0.318,0.318,0.319,0.319,0.319,0.32,0.32,0.32,0.321,0.321,0.321,0.322,0.322,0.323,0.323,0.323,0.324,0.324,0.324,0.324,0.325,0.325,0.325,0.326,0.326,0.327,0.327,0.329,0.33,0.331,0.333,0.335,0.336,0.337,0.339,0.34,0.341,0.342,0.343,0.343,0.344,0,0,0,0,0,0,0,0,0,0.408,0.408,0.408,0.408,0.409,0.409,0.409,0.409,0.409,0.409,0.408,0.408,0.408,0.408,0.407,0.406,0.406,0.406,0.405,0.405,0.405,0.405,0.404,0.404,0.404,0.405,0.405,0.405,0.405,0.405,0.406,0.406,0.406,0.406,0.406,0.406,0.407,0.407,0.407,0.407,0.407,0.407,0.407,0.407,0.406,0.406,0.406,0.406,0.406,0.406,0.405,0.405,0.405,0.405,0.405,0.405,0.405,0.405,0.405,0.405,0.406,0.406,0.406,0.406,0.406,0.406,0.406,0.406,0.407,0.407,0.408,0.408,0.408,0.408,0.409,0.409,0.409,0.409,0.41,0.41,0.41,0.411,0.411,0.411,0.412,0.412,0.413,0.415,0.418,0,0,0,0,0,0,0,0,0,0,0,0,0.437,0.436,0.436,0.435,0.434,0.433,0.432,0.431,0.43,0.428,0.426,0,0.424,0,0,0,0,0,0,0,0,0,0,0,0,0,0,0,0,0,0,0,0,0,0,0,0,0,0,0,1.103,0,0,0,0,0,0,0,0,0,0,0,0,0,0,0,0,0,0,0,0,0,0,0,0,0,0,0,0,0,0,0,0,0,0,0,0,0,0,0,0,0,0,0,0,0,0,0,0
0,0,0,0,0,0,0,0,0,0,0,0,0,0,0,0,0,0,0,0,0,0,0,0,0,0,0,0,0,0,0,0,0,0,0,0,0,0,0,0,0,0,0,0,0,0,0,0,0,0,0,0,0.442,0.443,0.444,0.444,0.445,0.445,0.446,0.448,0.449,0.451,0.452,0.452,0.453,0.454,0.454,0.454,0.454,0.454,0.454,0,0,0,0,0,0,0,0,0,0,0,0,0,0.351,0.352,0.352,0.353,0.353,0.354,0.355,0.355,0.356,0.357,0.358,0.359,0.36,0.36,0.361,0.362,0.362,0.363,0.363,0.363,0.363,0.363,0.363,0.363,0,0,0,0,0,0.43,0.431,0.432,0.432,0.433,0.433,0.434,0.433,0.434,0.434,0.434,0.434,0.434,0.434,0.434,0.434,0.434,0.434,0.434,0.433,0.433,0.432,0.432,0.431,0.431,0.43,0.43,0.429,0.429,0.429,0.429,0.43,0.43,0.43,0.43,0.431,0.431,0.432,0.432,0.432,0.432,0.432,0.433,0.433,0.433,0.433,0.434,0.434,0.434,0.434,0.434,0.434,0.434,0.434,0.434,0.434,0.434,0.434,0.434,0.434,0.434,0.433,0.433,0.433,0.433,0.432,0.432,0.432,0.432,0.432,0.432,0.432,0.432,0.433,0.433,0.433,0.433,0.433,0.433,0.434,0.434,0.434,0.435,0.435,0.436,0.436,0.435,0.435,0.435,0.435,0.434,0.433,0.433,0.432,0.432,0.431,0.431,0.43,0.43,0.429,0.429,0.429,0.428,0.428,0.428,0.428,0.427,0.427,0.427,0.428,0.428,0.428,0.428,0.428,0.428,0.428,0.428,0.428,0.428,0.427,0.427,0.427,0.427,0.426,0.426,0.425,0.424,0.421,0,0,0,0.391,0.382,0.377,0.376,0.374,0.372,0.371,0.37,0.369,0.369,0.368,0.367,0.365,0.364,0.362,0.361,0.359,0.357,0.356,0.355,0.354,0.353,0.352,0.352,0.351,0.35,0.349,0.348,0.348,0.346,0.345,0.344,0.344,0.343,0.342,0.341,0.341,0.34,0.34,0.339,0.338,0.338,0.337,0.336,0.336,0.335,0.335,0.334,0.333,0.332,0.332,0.332,0.331,0.331,0.331,0.33,0.33,0.33,0.329,0.329,0.329,0.329,0.328,0.328,0.327,0.327,0.326,0.326,0.325,0.325,0.324,0.324,0.324,0.324,0.324,0.323,0.323,0.323,0.323,0.323,0.323,0,0,0,0,0.322,0.321,0.321,0.321,0.321,0.321,0.32,0.32,0.32,0.32,0.32,0.32,0.32,0.319,0.319,0.319,0.319,0.318,0.318,0.318,0.318,0.317,0.317,0.317,0.317,0.317,0.317,0.317,0.317,0.317,0.317,0.316,0.316,0.316,0.316,0.316,0.316,0.316,0.316,0.316,0.316,0.316,0.316,0.316,0.316,0.316,0.316,0.316,0.316,0.316,0.316,0.316,0.316,0.316,0.316,0.316,0.316,0.316,0.316,0.316,0.316,0.316,0.316,0.316,0.316,0.317,0.317,0.317,0.318,0.318,0.318,0.318,0.318,0.318,0.319,0.319,0.319,0.32,0.32,0.32,0.321,0.321,0.321,0.321,0.322,0.322,0.323,0.323,0.323,0.323,0.324,0.324,0.324,0.325,0.325,0.326,0.326,0.327,0.328,0.329,0.33,0.332,0.334,0.336,0.337,0.339,0.34,0.341,0.342,0.343,0.343,0.344,0,0,0,0,0,0,0,0,0.406,0.406,0.406,0.406,0.407,0.407,0.407,0.407,0.407,0.407,0.406,0.406,0.406,0.406,0.405,0.405,0.405,0.404,0.404,0.404,0.403,0.403,0.403,0.403,0.403,0.403,0.403,0.403,0.403,0.403,0.403,0.403,0.404,0.404,0.404,0.404,0.404,0.405,0.405,0.405,0.405,0.405,0.405,0.405,0.405,0.404,0.404,0.404,0.404,0.404,0.403,0.403,0.403,0.403,0.404,0.404,0.404,0.404,0.404,0.404,0.404,0.404,0.404,0.404,0.404,0.405,0.405,0.405,0.406,0.406,0.406,0.407,0.407,0.408,0.408,0.408,0.409,0.409,0.409,0.409,0.409,0.409,0.41,0.41,0.411,0.411,0.411,0.412,0.414,0,0,0,0,0,0,0,0,0,0,0,0,0,0.437,0.436,0.436,0.435,0.434,0.433,0.432,0.431,0.43,0.428,0.426,0,0.424,0,0,0,0,0,0,0,0,0,0,0,0,0,0,0,0,0,0,0,0,0,0,0,0,0,0,0,0,0,0,0,0,0,0,0,0,0,0,0,0,0,0,0,0,0,0,0,0,0,0,0,0,0,0,0,0,0,0,0,0,0,0,0,0,0,0,0,0,0,0,0,0,0,0,0,0
0,0,0,0,0,0,0,0,0,0,0,0,0,0,0,0,0,0,0,0,0,0,0,0,0,0,0,0,0,0,0,0,0,0,0,0,0,0,0,0,0,0,0,0,0,0,0,0,0,0,0,0,0.442,0.442,0.442,0.443,0.443,0.444,0.445,0.447,0.448,0.45,0.451,0.452,0.453,0.453,0.454,0.454,0,0,0,0,0,0,0,0,0,0,0,0,0,0,0.35,0.35,0.351,0.352,0.352,0.353,0.353,0.354,0.354,0.355,0.356,0.356,0.358,0.359,0.359,0.36,0.361,0.362,0.362,0.363,0.363,0.363,0.363,0.363,0.363,0,0,0,0,0.427,0.428,0.429,0.429,0.43,0.43,0.43,0.43,0.43,0.43,0.43,0.43,0.43,0.43,0.43,0.431,0.431,0.431,0.431,0.431,0.431,0.43,0.43,0.43,0.429,0.428,0.428,0.427,0.427,0.426,0.426,0.426,0.426,0.427,0.427,0.428,0.428,0.429,0.429,0.429,0.43,0.43,0.43,0.431,0.431,0.432,0.432,0.432,0.432,0.432,0.432,0.432,0.432,0.432,0.432,0.432,0.432,0.432,0.432,0.432,0.432,0.432,0.432,0.431,0.431,0.431,0.431,0.431,0.43,0.43,0.43,0.43,0.43,0.43,0.43,0.431,0.431,0.431,0.431,0.431,0.431,0.432,0.432,0.432,0.432,0.432,0.433,0.433,0,0.432,0.432,0.432,0.431,0.431,0.43,0.429,0.429,0.428,0.428,0.427,0.426,0.426,0.426,0.426,0.425,0.425,0.425,0.425,0.425,0.425,0.425,0.426,0.426,0.426,0.426,0.426,0.426,0.426,0.426,0.426,0.426,0.426,0.426,0.426,0.425,0.425,0.424,0.424,0.423,0,0,0,0,0.393,0.384,0,0,0.375,0.373,0.371,0.37,0.369,0.369,0.368,0.367,0.365,0.363,0.362,0.36,0.359,0.357,0.355,0.355,0.354,0.353,0.352,0.352,0.351,0.35,0.349,0.348,0.347,0.346,0.345,0.344,0.344,0.343,0.342,0.341,0.341,0.34,0.34,0.339,0.338,0.337,0.337,0.336,0.336,0.335,0.334,0.334,0.333,0.332,0.332,0.331,0.331,0.331,0.33,0.33,0.33,0.329,0.329,0.329,0.329,0.328,0.328,0.327,0.327,0.326,0.326,0.326,0.325,0.324,0.324,0.324,0.324,0.324,0.323,0.323,0.323,0.323,0.322,0.322,0.322,0.322,0.322,0,0.322,0.321,0.321,0.321,0.32,0.32,0.32,0.32,0.32,0.32,0.32,0.32,0.32,0.319,0.319,0.319,0.319,0.319,0.318,0.318,0.318,0.318,0.317,0.317,0.317,0.317,0.317,0.317,0.317,0.317,0.317,0.316,0.316,0.316,0.316,0.316,0.316,0.316,0.316,0.316,0.316,0.316,0.316,0.316,0.316,0.316,0.316,0.316,0.316,0.316,0.316,0.316,0.316,0.316,0.316,0.316,0.316,0.316,0.316,0.315,0.315,0.316,0.316,0.316,0.316,0.316,0.317,0.317,0.317,0.317,0.318,0.318,0.318,0.318,0.318,0.318,0.319,0.319,0.319,0.319,0.32,0.32,0.32,0.321,0.321,0.321,0.322,0.322,0.322,0.323,0.323,0.323,0.324,0.324,0.324,0.325,0.325,0.326,0.326,0.327,0.328,0.33,0.332,0.333,0.335,0.337,0.338,0.34,0.341,0.342,0.343,0.344,0.344,0.345,0,0,0,0,0,0.404,0.405,0.405,0.405,0.405,0.405,0.405,0.405,0.405,0.405,0.405,0.405,0.404,0.404,0.404,0.404,0.403,0.403,0.403,0.402,0.402,0.402,0.401,0.401,0.401,0.401,0.401,0.401,0.401,0.401,0.401,0.401,0.401,0.401,0.401,0.401,0.402,0.402,0.402,0.402,0.402,0.402,0.402,0.402,0.402,0.402,0.402,0.402,0.402,0.402,0.402,0.402,0.401,0.401,0.401,0.401,0.401,0.401,0.401,0.401,0.402,0.402,0.402,0.402,0.402,0.402,0.403,0.403,0.404,0.404,0.404,0.405,0.406,0.406,0.407,0.407,0.408,0.408,0.409,0.409,0.409,0.409,0.409,0.409,0.409,0.41,0.411,0.411,0.411,0.411,0,0,0,0,0,0,0,0,0,0,0,0,0,0,0.437,0.436,0.436,0.435,0.435,0.434,0.432,0.432,0.431,0.429,0.426,0,0,0,0,0,0,0,0,0,0,0,0,0,0,0,0,0,0,0,0,0,0,0,0,0,0,0,0,0,0,0,0,0,0,0,0,0,0,0,0,0,0,0,0,0,0,0,0,0,0,0,0,0,0,0,0,0,0,0,0,0,0,0,0,0,0,0,0,0,0,0,0,0,0,0,0,0,0
0,0,0,0,0,0,0,0,0,0,0,0,0,0,0,0,0,0,0,0,0,0,0,0,0,0,0,0,0,0,0,0,0,0,0,0,0,0,0,0,0,0,0,0,0,0,0,0,0,0,0,0,0,0.441,0.442,0.442,0.443,0.443,0.444,0.446,0.447,0.449,0.45,0.451,0.452,0.453,0,0,0,0,0,0,0,0,0,0,0,0,0,0,0.35,0.35,0.35,0.35,0.351,0.351,0.352,0.352,0.353,0.353,0.354,0.354,0.355,0.356,0.357,0.358,0.359,0.36,0.361,0.362,0.362,0.363,0.363,0.363,0.363,0,0,0,0,0,0.424,0.425,0.426,0.426,0.427,0.427,0.428,0.428,0.427,0.427,0.427,0.427,0.427,0.427,0.427,0.427,0.427,0.428,0.428,0.428,0.428,0.428,0.428,0.427,0.427,0.426,0.426,0.425,0.425,0.424,0.424,0.424,0.424,0.424,0.425,0.425,0.426,0.426,0.426,0.427,0.428,0.428,0.429,0.429,0.429,0.429,0.43,0.43,0.43,0.43,0.43,0.43,0.43,0.43,0.429,0.429,0.429,0.429,0.429,0.429,0.43,0.43,0.429,0.429,0.429,0.429,0.429,0.429,0.429,0.429,0.429,0.429,0.429,0.429,0.429,0.429,0.429,0.429,0.429,0.429,0.429,0.429,0.429,0.429,0.429,0.43,0.43,0.43,0.43,0.43,0.43,0.429,0.429,0.429,0.428,0.427,0.426,0.426,0.425,0.425,0.424,0.424,0.423,0.424,0.423,0.423,0.423,0.423,0.423,0.424,0.424,0.424,0.424,0.424,0.424,0.424,0.424,0.425,0.425,0.425,0.425,0.425,0.425,0.425,0.424,0.424,0.424,0.423,0.422,0.421,0.418,0.412,0,0.402,0.393,0,0,0,0.376,0.374,0.372,0.37,0.37,0.369,0.368,0.367,0.365,0.363,0.361,0.36,0.358,0.357,0.355,0.354,0.354,0.353,0.353,0.352,0.351,0.35,0.349,0.348,0.347,0.346,0.345,0.344,0.344,0.343,0.342,0.342,0.341,0.34,0.34,0.339,0.338,0.337,0.337,0.336,0.335,0.335,0.334,0.333,0.333,0.332,0.331,0.331,0.331,0.33,0.33,0.33,0.329,0.329,0.329,0.329,0.328,0.328,0.328,0.327,0.327,0.326,0.326,0.325,0.325,0.324,0.324,0.324,0.324,0.323,0.323,0.323,0.323,0.322,0.322,0.322,0.322,0.321,0.321,0.321,0.321,0.321,0.321,0.32,0.32,0.32,0.32,0.32,0.32,0.319,0.319,0.319,0.319,0.319,0.319,0.319,0.319,0.318,0.318,0.318,0.318,0.317,0.317,0.317,0.317,0.317,0.317,0.317,0.317,0.317,0.316,0.316,0.316,0.316,0.316,0.316,0.316,0.316,0.316,0.316,0.316,0.316,0.316,0.315,0.315,0.315,0.316,0.315,0.315,0.316,0.316,0.316,0.316,0.316,0.316,0.316,0.316,0.316,0.316,0.315,0.315,0.315,0.315,0.316,0.316,0.316,0.316,0.317,0.317,0.317,0.318,0.318,0.318,0.318,0.318,0.318,0.318,0.318,0.319,0.319,0.319,0.32,0.32,0.32,0.321,0.321,0.321,0.322,0.322,0.322,0.323,0.323,0.323,0.324,0.324,0.324,0.325,0.325,0.326,0.327,0.328,0.329,0.331,0.333,0.334,0.336,0.338,0.34,0.341,0.342,0.343,0.344,0.344,0.345,0.345,0,0,0,0,0,0.404,0.404,0.404,0.404,0.404,0.403,0.404,0.404,0.403,0.403,0.403,0.402,0.402,0.402,0.401,0.401,0.401,0.401,0.401,0.4,0.4,0.4,0.4,0.4,0.4,0.399,0.399,0.399,0.399,0.399,0.399,0.399,0.399,0.399,0.4,0.4,0.399,0.4,0.4,0.4,0.4,0.4,0.4,0.4,0.4,0.4,0.4,0.4,0.4,0.4,0.4,0.399,0.399,0.399,0.4,0.4,0.4,0.4,0.4,0.4,0.4,0.4,0.401,0.401,0.401,0.401,0.402,0.402,0.403,0.403,0.404,0.405,0.406,0.406,0.407,0.408,0.408,0.408,0.409,0.409,0.409,0.409,0.409,0.41,0.41,0.41,0.411,0.411,0.411,0,0,0,0,0,0,0,0,0,0,0,0,0,0,0,0.436,0.436,0.436,0.435,0.434,0.433,0,0.432,0,0,0,0,0,0,0,0,0,0,0,0,0,0,0,0,0,0,0,0,0,0.768,0,0,0,0,0,0,0,0,0,0,0,0,0,0,0,0,0,0,0,0,0,0,0,0,0,0,0,0,0,0,0,0,0,0,0,0,0,0,0,0,0,0,0,0,0,0,0,0,0,0,0,0,0.696,0.696,0.696,0.696,0.696,0.695
0,0,0,0,0,0,0,0,0,0,0,0,0,0,0,0,0,0,0,0,0,0,0,0,0,0,0,0,0,0,0,0,0,0,0,0,0,0,0,0,0,0,0,0,0,0,0,0,0,0,0,0,0,0.441,0.441,0.441,0.442,0.442,0.443,0.445,0.446,0.448,0.449,0.45,0,0,0,0,0,0,0,0,0,0,0,0,0,0,0.349,0.349,0.35,0.35,0.35,0.35,0.351,0.351,0.351,0.352,0.352,0.353,0.353,0.354,0.355,0,0,0,0.359,0.36,0.361,0,0.362,0.362,0.363,0,0,0,0,0,0.422,0.422,0.422,0.424,0.424,0.424,0.424,0.425,0.425,0.425,0.425,0.425,0.425,0.424,0.424,0.424,0.424,0.424,0.424,0.425,0.425,0.425,0.425,0.425,0.425,0.425,0.424,0.424,0.424,0.423,0.422,0.422,0.422,0.422,0.422,0.422,0.423,0.423,0.424,0.424,0.425,0.425,0.426,0.426,0.426,0.427,0.427,0.428,0.428,0.428,0.428,0.428,0.428,0.428,0.428,0.428,0.428,0.428,0.428,0.428,0.428,0.428,0.428,0.428,0.428,0.428,0.427,0.427,0.427,0.427,0.427,0.427,0.427,0.427,0.427,0.427,0.427,0.427,0.427,0.426,0.426,0.427,0.427,0.427,0.427,0.427,0.427,0.427,0.427,0.427,0.427,0.427,0.427,0.426,0.426,0.425,0.425,0.424,0.424,0.423,0.422,0.422,0.422,0.421,0.421,0.421,0.421,0.421,0.421,0.421,0.422,0.422,0.422,0.422,0.423,0.423,0.423,0.424,0.424,0.424,0.424,0.424,0.424,0.424,0.424,0.423,0.423,0.422,0.422,0.421,0.42,0.419,0,0,0,0,0,0.384,0.38,0,0,0,0,0.371,0.37,0.369,0.368,0.366,0.365,0.363,0.361,0,0.358,0.356,0.355,0.354,0.354,0.353,0.352,0.352,0.351,0.35,0.349,0.348,0.347,0.346,0.345,0.344,0.344,0.343,0.343,0.342,0.341,0.341,0.34,0.34,0.339,0.337,0.337,0.336,0.335,0.334,0.334,0.333,0.332,0.332,0.331,0.331,0.33,0.33,0.33,0.329,0.329,0.329,0.329,0.328,0.328,0.328,0.327,0.327,0.326,0.326,0.325,0.325,0.325,0.324,0.324,0.324,0.323,0.323,0.323,0.323,0.322,0.322,0.322,0.322,0.321,0.321,0.321,0.321,0.321,0.321,0.321,0.32,0,0,0.32,0.319,0.319,0.319,0.319,0.319,0.319,0.319,0.319,0.319,0.318,0.318,0.318,0.318,0.317,0.317,0.317,0.317,0.317,0.317,0.317,0.317,0.317,0.316,0.316,0.316,0.316,0.316,0.316,0.316,0.316,0.315,0.315,0.315,0.315,0.315,0.315,0.315,0.315,0.315,0.315,0.315,0.315,0.315,0.315,0.315,0.316,0.316,0.316,0.315,0.315,0.315,0.315,0.315,0.315,0.315,0.315,0.315,0.316,0.316,0.316,0.317,0.317,0.317,0.317,0.318,0.318,0.318,0.318,0.318,0.318,0.318,0.318,0.319,0.319,0.319,0.32,0.32,0.32,0.321,0.321,0.321,0.322,0.322,0.322,0.323,0.323,0.323,0.324,0.324,0.324,0.325,0.326,0.326,0.327,0.328,0.33,0.332,0.334,0.336,0.337,0.339,0.341,0.342,0.344,0.344,0.344,0.344,0.345,0.345,0,0,0,0,0,0.402,0.402,0.402,0.402,0.402,0.402,0.402,0.401,0.401,0.401,0.4,0.4,0.4,0.4,0.399,0.399,0.399,0.399,0.399,0.398,0.399,0.398,0.398,0.398,0.398,0.397,0.398,0.397,0.397,0.397,0.397,0.397,0.397,0.397,0.398,0.397,0.398,0.398,0.398,0.398,0.398,0.398,0.398,0.398,0.398,0.398,0.398,0.398,0.398,0.398,0.398,0.397,0.397,0.397,0.397,0.397,0.397,0.398,0.398,0.398,0.398,0.399,0.399,0.399,0.399,0.4,0.401,0.402,0.402,0.403,0.404,0.405,0.406,0.407,0.407,0.408,0.408,0.409,0.409,0.409,0.41,0.41,0.41,0.41,0.411,0.411,0.411,0,0,0,0,0,0,0,0,0,0,0,0,0,0,0,0,0.437,0.436,0.436,0.436,0.435,0.434,0,0,0,0,0,0,0,0,0,0,0,0,0,0,0,0,0,0,0,0,0,0,0,0.768,0.768,0,0,0,0,0,0,0,0,0,0,0,0,0,0,0,0,0,0,0,0,0,0,0,0,0,0,0,0,0,0,0,0,0,0,0,0,0,0,0,0,0,0,0,0,0,0,0,0,0,0,0,0.696,0.696,0.696,0.696,0.696,0.696
0,0,0,0,0,0,0,0,0,0,0,0,0,0,0,0,0,0,0,0,0,0,0,0,0,0,0,0,0,0,0,0,0,0,0,0,0,0,0,0,0,0,0,0,0,0,0,0,0,0,0,0,0,0,0.44,0.44,0.441,0.442,0.443,0.443,0.445,0.447,0,0,0,0,0,0,0,0,0,0,0,0,0,0,0.348,0.349,0.349,0.349,0.349,0.35,0.35,0,0,0,0,0.351,0.352,0.352,0.353,0.353,0,0,0,0,0,0,0,0,0,0,0,0,0,0,0,0.42,0.421,0.421,0.421,0.422,0.422,0.422,0.422,0.422,0.423,0.423,0.423,0.422,0.422,0.422,0.422,0.422,0.422,0.422,0.422,0.422,0.423,0.423,0.423,0.423,0.423,0.422,0.422,0.422,0.421,0.421,0.421,0.42,0.421,0.421,0.421,0.421,0.421,0.422,0.422,0.423,0.423,0.424,0.424,0.425,0.425,0.426,0.426,0.426,0.426,0.426,0.426,0.426,0.426,0.426,0.426,0.426,0.426,0.426,0.426,0.426,0.426,0.426,0.426,0.426,0.426,0.426,0.426,0.426,0.426,0.426,0.426,0.426,0.425,0.425,0.425,0.425,0.425,0.425,0.425,0.425,0.424,0.424,0.424,0.424,0.424,0.424,0.424,0.424,0.424,0.424,0.424,0.424,0.423,0.423,0.423,0.422,0.422,0.421,0.421,0.42,0.42,0.419,0.419,0.419,0.419,0.419,0.419,0.419,0.419,0.42,0.42,0.421,0.421,0.421,0.421,0.422,0.422,0.422,0.422,0.422,0.422,0.422,0.422,0.422,0.422,0.421,0.421,0.42,0.419,0.419,0.418,0.416,0.414,0,0,0,0,0.385,0,0,0,0,0,0.372,0.37,0.369,0.368,0.366,0.365,0.362,0,0,0,0.356,0.355,0.354,0.354,0.353,0.352,0.351,0.35,0.349,0.348,0.347,0.346,0.345,0.344,0.344,0.344,0.343,0.343,0.342,0.341,0.341,0.34,0.339,0.339,0.337,0.336,0.336,0.335,0.334,0.333,0.333,0.332,0.331,0.331,0.33,0.33,0.33,0.329,0.329,0.329,0.329,0.328,0.328,0.328,0.327,0.327,0.327,0.326,0.326,0.325,0.325,0.324,0.324,0.324,0.324,0.323,0.323,0.323,0.323,0.322,0.322,0.321,0.321,0.321,0.321,0.321,0.321,0.32,0.32,0.32,0.32,0,0,0.319,0.319,0.319,0.319,0.319,0.319,0.319,0.319,0.319,0.318,0.318,0.318,0.318,0.317,0.317,0.317,0.317,0.317,0.317,0.317,0.317,0.317,0.316,0.316,0.316,0.316,0.316,0.316,0.315,0.315,0.315,0.315,0.315,0.315,0.315,0.315,0.315,0.315,0.315,0.315,0.315,0.315,0.315,0.315,0.315,0.315,0.315,0.315,0.315,0.315,0.315,0.315,0.315,0.315,0.315,0.315,0.315,0.315,0.315,0.316,0.316,0.316,0.317,0.317,0.317,0.318,0.318,0.318,0.318,0.318,0.318,0.318,0.318,0.318,0.319,0.319,0.319,0.319,0.32,0.32,0.321,0.321,0.321,0.322,0.322,0.322,0.323,0.323,0.323,0.324,0.324,0.324,0.325,0.326,0.327,0.328,0.33,0.331,0.333,0.335,0.337,0.339,0.341,0.342,0.344,0.344,0.344,0.344,0.345,0.345,0,0,0,0,0.402,0.402,0.402,0.401,0.401,0.4,0.4,0.4,0.4,0.399,0.399,0.399,0.398,0.398,0.398,0.398,0.397,0.397,0.397,0.397,0.396,0.396,0.396,0.396,0.396,0.396,0.395,0.396,0.395,0.395,0.395,0.395,0.395,0.395,0.395,0.395,0.395,0.395,0.395,0.396,0.396,0.396,0.396,0.396,0.396,0.396,0.396,0.396,0.396,0.396,0.396,0.396,0.395,0.395,0.395,0.395,0.395,0.395,0.395,0.395,0.396,0.396,0.396,0.397,0.397,0.398,0.398,0.4,0.4,0.401,0.402,0.404,0.405,0.406,0.407,0.408,0.409,0.409,0.409,0.41,0.41,0.41,0.41,0.41,0.411,0.411,0,0,0,0,0,0,0,0,0,0,0,0,0,0,0,0,0,0,0.437,0.437,0.436,0.436,0.436,0.435,0,0,0,0,0,0,0,0,0,0,0,0,0,0,0,0,0,0,0,0,0,0,0,0.768,0.768,0,0,0,0,0,0,0,0,0,0,0,0,0,0,0,0,0,0,0,0,0,0,0,0,0,0,0,0,0,0,0,0,0,0,0,0,0,0,0,0,0,0,0,0,0,0,0,0,0,0,0,0,0,0,0,0,0
0,0,0,0,0,0,0,0,0,0,0,0,0,0,0,0,0,0,0,0,0,0,0,0,0,0,0,0,0,0,0,0,0,0,0,0,0,0,0,0,0,0,0,0,0,0,0,0,0,0,0,0,0,0,0.439,0.44,0.44,0.441,0.441,0.442,0.444,0.445,0,0,0,0,0,0,0,0,0,0,0,0,0,0.348,0.348,0.348,0.349,0.349,0.35,0.35,0.35,0,0,0,0,0,0.352,0.352,0,0,0,0,0,0,0,0,0,0,0,0,0,0,0.419,0.419,0.419,0.42,0.42,0.42,0.42,0.42,0.421,0.421,0.421,0.421,0.421,0.421,0.421,0.42,0.42,0.42,0.42,0.42,0.42,0.42,0.42,0.42,0.42,0.42,0.421,0.42,0.42,0.42,0.42,0.419,0.419,0.419,0.419,0.419,0.419,0.419,0.419,0.419,0.419,0.42,0.42,0.421,0.421,0.422,0.422,0.422,0.423,0.423,0.424,0.424,0.424,0.424,0.424,0.424,0.424,0.424,0.424,0.424,0.424,0.424,0.424,0.424,0.424,0.424,0.424,0.424,0.424,0.424,0.424,0.424,0.424,0.424,0.424,0.424,0.424,0.424,0.424,0.424,0.423,0.423,0.423,0.423,0.422,0.422,0.422,0.422,0.422,0.422,0.422,0.421,0.421,0.421,0.42,0.42,0.42,0.419,0.419,0.419,0.419,0.418,0.418,0.418,0.418,0.417,0.417,0.417,0.417,0.417,0.417,0.418,0.418,0.418,0.418,0.419,0.419,0.419,0.42,0.42,0.42,0.421,0.421,0.421,0.421,0.421,0.421,0.42,0.42,0.419,0.418,0.418,0.417,0.416,0.415,0.414,0.412,0,0.404,0,0.392,0.387,0,0,0,0.375,0.373,0.372,0.371,0.369,0.368,0.366,0.364,0.362,0,0,0.358,0.356,0.355,0.355,0.354,0.353,0.352,0.351,0.35,0.349,0.348,0.347,0.346,0.345,0.344,0.344,0.344,0.343,0.343,0.342,0.341,0.34,0.34,0.339,0.338,0.337,0.336,0.335,0.335,0.334,0.333,0.333,0.332,0.331,0.331,0.33,0.33,0.329,0.329,0.329,0.329,0.328,0.328,0.328,0.328,0.327,0.327,0.326,0.326,0.325,0.325,0.325,0.324,0.324,0.324,0.323,0.323,0.323,0.323,0.322,0.322,0.322,0.321,0.321,0.321,0.321,0.321,0.32,0.32,0.32,0.32,0.32,0.32,0.319,0.319,0.319,0.319,0.319,0.319,0.319,0.319,0.318,0.318,0.318,0.318,0,0.317,0.317,0.317,0.317,0.317,0.317,0.317,0.316,0.316,0.316,0.316,0.316,0.316,0.316,0.316,0.315,0.315,0.315,0.315,0.315,0.315,0.315,0.315,0.315,0.315,0.315,0.315,0.315,0.315,0.315,0.315,0.315,0.315,0.315,0.315,0.315,0.315,0.315,0.315,0.315,0.315,0.315,0.315,0.315,0.315,0.315,0.315,0.315,0.316,0.316,0.317,0.317,0.317,0.317,0.318,0.318,0.318,0.318,0.318,0.318,0.318,0.318,0.318,0.319,0.319,0.319,0.319,0.32,0.32,0.321,0.321,0.321,0.322,0.322,0.322,0.323,0.323,0.323,0.324,0.324,0.325,0.325,0.326,0.327,0.328,0.331,0.333,0.335,0.337,0.338,0.34,0.342,0.344,0.344,0.344,0.344,0.344,0.345,0,0,0,0,0,0,0.4,0.4,0.399,0.399,0,0.398,0.398,0.397,0.397,0.396,0.396,0.396,0.396,0.396,0.396,0.395,0.395,0.395,0.395,0.394,0.395,0.394,0.394,0.394,0.394,0.394,0.394,0.394,0.394,0.393,0.394,0.393,0.394,0.394,0.394,0.394,0.394,0.394,0.394,0.394,0.394,0.394,0.394,0.394,0.394,0.394,0.394,0.394,0.394,0.394,0.394,0.393,0.394,0.393,0.393,0.393,0.393,0.393,0.393,0.394,0.394,0.395,0.395,0.396,0.397,0.398,0.4,0.401,0.402,0.404,0.406,0.408,0.409,0.409,0.41,0.411,0.411,0.411,0.411,0.411,0.411,0.411,0.411,0.411,0.412,0,0,0,0,0,1.556,1.556,1.56,1.564,1.568,1.572,1.576,1.58,0,0,0,0,0.437,0.437,0.437,0.436,0.436,0.436,0,0,0,0,0,0,0,0,0,0,0,0,0,0,0,0,0,0,0,0,0,0,0.767,0.767,0.768,0,0,0,0,0,0,0,0,0,0,0,0,0,0,0,0,0,0,0,0,0,0,0,0,0,0,0,0,0,0,0,0,0,0,0,0,0,0,0,0,0,0,0,0,0,0,0,0,0,0,0,0,0,0,0,0,0
0,0,0,0,0,0,0,0,0,0,0,0,0,0,0,0,0,0,0,0,0,0,0,0,0,0,0,0,0,0,0,0,0,0,0,0,0,0,0,0,0,0,0,0,0,0,0,0,0,0,0,0,0,0,0,0,0.439,0.44,0.441,0.441,0,0,0,0,0,0,0,0,0,0,0,0,0,0.347,0.348,0.348,0.348,0.349,0.349,0.349,0.349,0.349,0.35,0.35,0.35,0,0,0,0,0,0,0,0,0,0.419,0.419,0.42,0.42,0.42,0,0.42,0,0.419,0.419,0.419,0.418,0.419,0.418,0.418,0.419,0.419,0.419,0.419,0.419,0.419,0.419,0.419,0.419,0.419,0.419,0.419,0.419,0.418,0.418,0.419,0.418,0.418,0.418,0.418,0.418,0.418,0.418,0.418,0.418,0.418,0.418,0.418,0.418,0.418,0.418,0.417,0.417,0.418,0.418,0.418,0.418,0.418,0.419,0.419,0.419,0.42,0.42,0.421,0.421,0.421,0.422,0.422,0.422,0.422,0.422,0.422,0.422,0.422,0.422,0.422,0.422,0.422,0.422,0.422,0.422,0.422,0.423,0.422,0.422,0.423,0.423,0.423,0.422,0.422,0.422,0.422,0.422,0.422,0.422,0.421,0.421,0.421,0.421,0.42,0.42,0.42,0.419,0.419,0.419,0.419,0.418,0.418,0.418,0.418,0.418,0.418,0.417,0.417,0.416,0.416,0.416,0.416,0.416,0.415,0.415,0.415,0.414,0.415,0.415,0.415,0.416,0.416,0.416,0.417,0.417,0.418,0.418,0.419,0.419,0.419,0.419,0.42,0.42,0.419,0.419,0.419,0.418,0.418,0.417,0.416,0.416,0.415,0.414,0.413,0.412,0,0,0,0,0,0.388,0.384,0.38,0.377,0.376,0.374,0.372,0.371,0.369,0.367,0.366,0.364,0.362,0.36,0.359,0.358,0.357,0.356,0.355,0.354,0.353,0.352,0.351,0.35,0,0.348,0.347,0.346,0.345,0.344,0.344,0.344,0.343,0.342,0.342,0.341,0.34,0.34,0.339,0.338,0.337,0.336,0.335,0.335,0.334,0.333,0.333,0.332,0.331,0.33,0.33,0.33,0.329,0.329,0.329,0.328,0.328,0.328,0.328,0.327,0.327,0.326,0.326,0.326,0.325,0.325,0.324,0.324,0.324,0.324,0.323,0.323,0.323,0.323,0.322,0.322,0.321,0.321,0.321,0.321,0.32,0.32,0.32,0.32,0.32,0.32,0.32,0.319,0.319,0.319,0.319,0.319,0.319,0.319,0.318,0.318,0.318,0.318,0.318,0.317,0.317,0.317,0.317,0.317,0.316,0.316,0.316,0.316,0.316,0.316,0.316,0.316,0.316,0.316,0.315,0.315,0.315,0.315,0.315,0.315,0.315,0.315,0.315,0.315,0.315,0.315,0.315,0.315,0.315,0.315,0.315,0.315,0.315,0.315,0.315,0.315,0.315,0.315,0.315,0.315,0.315,0.315,0.315,0.315,0.315,0.315,0.315,0.315,0.315,0.316,0.316,0.316,0.317,0.317,0.317,0.317,0.317,0.317,0.318,0.318,0.318,0.318,0.318,0.318,0.319,0.319,0.319,0.319,0.32,0.32,0.32,0.321,0.321,0.322,0.322,0.322,0.323,0.323,0.323,0.324,0.324,0.324,0.325,0.326,0.327,0.328,0.33,0.332,0.334,0.336,0.338,0.34,0.342,0.344,0.344,0.344,0.344,0.344,0.345,0.345,0,0,0,0,0,0,0.398,0.398,0.397,0.397,0.396,0.396,0.395,0.395,0.394,0.394,0.394,0.394,0.393,0.393,0.393,0.393,0.393,0.393,0.393,0.393,0.393,0.392,0.392,0.392,0.392,0.392,0.392,0.392,0.392,0.392,0.392,0.392,0.392,0.392,0.392,0.392,0.392,0.392,0.392,0.392,0.392,0.392,0.392,0.392,0.392,0.392,0.392,0.392,0.392,0.392,0.392,0.392,0.392,0.391,0.391,0.391,0.391,0.391,0.391,0.392,0.393,0.393,0.394,0.395,0.397,0.399,0.4,0.402,0.404,0.407,0,0,0,0.412,0,0.414,0.414,0.413,0.412,0.412,0.412,0.412,0,0,0,0,0,0,1.56,1.56,1.56,1.56,1.564,1.568,1.572,1.576,1.58,1.584,1.588,0,0,0.438,0.437,0.437,0.437,0.437,0.436,0,0,0,0,0,0,0,0,0,0,0,0,0,0,0,0,0,0,0.765,0.766,0,0.766,0.767,0.767,0.767,0.767,0,0,0,0,0,0,0,0,0,0,0,0,0,0,0,0,0,0,0,0,0,0,0,0,0,0,0,0,0,0,0,0,0,0,0,0,0,0,0,0,0,0,0,0,0,0,0,0,0,0,0,0,0,0,0,0
0,0,0,0,0,0,0,0,0,0,0,0,0,0,0,0,0,0,0,0,0,0,0,0,0,0,0,0,0,0,0,0,0,0,0,0,0,0,0,0,0,0,0,0,0,0,0,0,0,0,0,0,0,0,0,0,0,0,0,0,0,0,0,0,0,0,0,0,0,0,0,0.346,0.347,0.347,0.348,0.348,0.348,0.348,0.349,0.349,0.349,0.349,0.35,0.35,0.35,0.35,0.351,0.351,0,0,0,0,0,0.417,0.417,0.418,0.418,0.419,0.419,0.419,0.419,0.418,0.418,0.418,0.418,0.418,0.418,0.418,0.418,0.418,0.418,0.418,0.418,0.418,0.418,0.418,0.418,0.418,0.418,0.417,0.417,0.417,0.417,0.417,0.417,0.417,0.417,0.417,0.417,0.417,0.417,0.417,0.417,0.417,0.417,0.417,0.416,0.416,0.416,0.416,0.416,0.416,0.416,0.416,0.416,0.417,0.417,0.417,0.417,0.418,0.418,0.418,0.418,0.419,0.419,0.419,0.419,0.419,0.419,0.419,0.42,0.42,0.42,0.42,0.42,0.42,0.42,0.42,0.42,0.42,0.421,0.421,0.421,0.421,0.421,0.421,0.421,0.421,0.42,0.42,0.42,0.42,0.419,0.419,0.419,0.419,0.418,0.418,0.418,0.418,0.417,0.417,0.417,0.417,0.417,0.416,0.416,0.416,0.416,0.416,0.415,0.415,0.415,0.414,0.414,0.414,0.414,0.414,0.413,0.413,0.413,0.412,0.412,0.412,0.413,0.413,0.413,0.414,0.414,0.415,0.415,0.416,0.417,0.417,0.418,0.418,0.418,0.418,0.418,0.418,0.417,0.416,0.416,0.415,0.414,0.414,0.412,0.412,0.411,0.41,0.409,0.405,0,0,0,0.387,0.384,0.38,0.377,0.376,0.374,0.373,0.371,0.369,0.367,0,0,0.362,0.361,0.359,0.358,0.357,0.356,0.355,0.354,0.353,0.352,0.351,0.35,0.348,0.347,0.346,0.345,0.345,0.344,0.344,0.344,0.343,0.343,0.342,0.341,0.34,0.34,0.338,0.338,0.337,0.336,0.335,0.334,0.334,0.333,0.332,0.332,0.331,0.33,0.33,0.329,0.329,0.329,0.328,0.328,0.328,0.328,0.328,0.327,0.327,0.326,0.326,0.325,0.325,0.324,0.324,0.324,0.324,0.324,0.323,0.323,0.323,0.322,0.322,0.322,0.321,0.321,0.321,0.32,0.32,0.32,0.32,0.32,0.32,0.32,0.319,0.319,0.319,0.319,0.319,0.319,0.319,0.319,0.318,0.318,0.318,0.317,0.317,0.317,0.317,0.317,0.316,0.316,0.316,0.316,0.316,0.316,0.316,0.316,0.316,0.316,0.316,0.315,0.315,0.315,0.315,0.315,0.315,0.315,0.315,0.315,0.315,0.315,0.314,0.314,0.314,0.314,0.314,0.315,0.315,0.315,0.315,0.315,0.315,0.315,0.315,0.315,0.315,0.315,0.315,0.315,0.315,0.315,0.315,0.315,0.315,0.315,0.315,0.316,0.316,0.316,0.317,0.317,0.317,0.317,0.317,0.317,0.317,0.318,0.318,0.318,0.318,0.318,0.318,0.319,0.319,0.319,0.319,0.32,0.32,0.321,0.321,0.321,0.322,0.322,0.322,0.323,0.323,0.323,0.324,0.324,0.325,0.326,0.326,0.327,0.329,0.331,0.333,0.335,0.337,0.339,0.341,0.343,0.344,0.344,0.344,0.344,0.344,0,0,0,0,0,0,0.396,0.395,0.395,0.394,0.394,0.394,0.394,0.393,0.393,0.392,0.392,0.392,0.392,0.392,0.391,0.391,0.391,0.391,0.391,0.391,0.391,0.391,0.391,0.39,0.39,0.39,0.39,0.39,0.39,0.39,0.39,0.39,0.39,0.39,0.39,0.39,0.39,0.39,0.391,0.391,0.391,0.391,0.391,0.391,0.391,0.391,0.391,0.391,0.39,0.39,0.39,0.39,0.39,0.389,0.389,0.389,0.389,0.389,0.389,0.389,0.39,0.391,0.392,0.393,0.394,0.396,0.397,0.399,0.402,0.405,0.408,0.411,0,0.414,0.417,0.418,0.418,0.416,0.416,0.414,0.414,0.414,0.414,0,0,0,0,0,0,1.564,1.568,1.568,1.568,1.572,1.576,1.58,1.584,1.588,1.588,1.592,0,0,0.438,0.437,0.437,0.437,0.437,0.437,0,0,0,0,0,0,0,0,0,0,0,0,0,0,0,0,0,0.764,0.765,0.766,0,0.766,0.766,0.766,0.767,0,0,0,0,0,0,0,0,0,0,0,0,0,0,0,0,0,0,0,0,0,0,0,0,0,0,0,0,0,0,0,0,0,0,0,0,0,0,0,0,0,0,0,0,0,0,0,0,0,0,0,0,0,0,0,0,0
0,0,0,0,0,0,0,0,0,0,0,0,0,0,0,0,0,0,0,0,0,0,0,0,0,0,0,0,0,0,0,0,0,0,0,0,0,0,0,0,0,0,0,0,0,0,0,0,0,0,0,0,0,0,0,0,0,0,0,0,0,0,0,0,0,0,0,0,0,0,0.345,0.346,0.346,0.347,0.347,0.348,0.348,0.348,0.349,0.349,0.349,0.349,0.349,0.35,0.35,0,0,0,0,0,0,0.414,0.415,0.416,0.416,0.416,0.417,0.418,0.418,0.418,0.418,0.417,0.417,0.416,0.416,0.416,0.416,0.416,0.416,0.416,0.416,0.416,0.416,0.416,0.416,0.416,0.416,0.417,0.416,0.416,0.416,0.416,0.416,0.416,0.416,0.416,0.416,0.416,0.416,0.416,0.416,0.415,0.415,0.415,0.415,0.415,0.415,0.415,0.415,0.415,0.415,0.415,0.415,0.415,0.415,0.416,0.415,0.416,0.416,0.416,0.416,0.416,0.416,0.417,0.417,0.417,0.417,0.417,0.417,0.417,0.417,0.417,0.417,0.417,0.418,0.418,0.418,0.418,0.418,0.418,0.419,0.419,0.419,0.419,0.419,0.419,0.418,0.418,0.418,0.418,0.417,0.417,0.417,0.417,0.417,0.416,0.416,0.416,0.416,0.415,0.415,0.414,0.414,0.414,0.414,0.414,0.414,0.414,0.414,0.414,0.413,0.413,0.413,0.413,0.412,0.412,0.412,0.412,0.411,0.411,0.411,0.41,0.41,0.411,0.411,0.411,0.411,0.411,0.412,0.412,0.413,0.413,0.414,0.415,0.415,0.415,0.416,0.416,0.416,0.416,0.415,0.414,0.413,0.413,0.412,0.411,0.411,0.41,0.409,0.408,0.407,0.405,0.402,0.399,0,0,0.383,0.38,0.377,0.375,0.374,0.372,0.371,0.369,0,0,0,0.362,0.361,0.36,0.359,0.358,0.356,0.355,0.354,0.353,0.352,0.351,0.349,0.348,0,0.346,0.345,0.344,0.344,0.344,0.344,0.343,0.342,0.341,0.341,0.34,0.339,0.339,0.338,0.337,0.336,0.335,0.334,0.334,0.333,0.333,0.332,0.331,0.33,0.33,0.329,0.329,0.329,0.328,0.328,0.328,0.328,0.327,0.327,0.327,0.326,0.326,0.325,0.325,0.324,0.324,0.324,0.324,0.323,0.323,0.323,0.322,0.322,0.322,0.321,0.321,0.321,0.32,0.32,0.32,0.32,0.32,0.319,0.319,0.319,0.319,0.319,0.319,0.319,0.319,0.319,0.318,0.318,0.318,0.318,0.317,0.317,0.317,0.317,0.316,0.316,0.316,0.316,0.316,0.316,0.316,0.316,0.315,0.315,0.315,0.315,0.315,0.315,0.315,0.315,0.315,0.315,0.315,0.315,0.315,0.315,0.314,0.314,0.314,0.314,0.314,0.314,0.314,0.314,0.314,0.314,0.315,0.315,0.315,0.315,0.315,0.315,0.315,0.315,0.315,0.315,0.315,0.315,0.315,0.315,0.315,0.315,0.315,0.315,0.316,0.316,0.316,0.317,0.317,0.317,0.317,0.317,0.317,0.317,0.317,0.318,0.318,0.318,0.318,0.318,0.319,0.319,0.319,0.32,0.32,0.32,0.321,0.321,0.322,0.322,0.322,0.323,0.323,0.323,0.323,0.324,0.324,0.325,0.326,0.327,0.328,0.33,0.332,0,0.337,0.339,0.341,0.343,0.343,0.344,0.344,0.344,0.344,0,0,0,0,0,0,0,0,0.392,0.391,0.391,0.391,0.391,0.391,0.39,0.39,0.39,0.39,0.39,0.39,0.389,0.389,0.389,0.389,0.389,0.389,0.389,0.389,0.389,0.389,0.389,0.389,0.389,0.389,0.389,0.389,0.388,0.388,0.388,0.389,0.389,0.389,0.389,0.389,0.389,0.389,0.389,0.389,0.389,0.389,0.388,0.389,0.389,0.388,0.388,0.388,0.388,0.388,0.388,0.387,0.387,0.387,0.387,0.387,0.387,0.387,0.388,0.389,0.39,0.391,0.393,0.394,0.396,0.397,0.402,0,0,0,0,0,0.419,0,0.421,0,0.418,0,0.416,0.416,0,0,0,0,0,0,0,1.572,1.572,1.572,1.576,1.576,1.58,1.584,1.592,1.592,1.596,1.596,0,0,0.438,0.437,0.437,0.437,0.437,0.437,0,0,0,0,0,0,0,0,0,0,0,0,0,0,0,0,0,0.764,0.765,0.766,0.766,0.766,0.766,0.766,0.766,0,0,0,0,0,0,0,0,0,0,0,0,0,0,0,0.948,0.945,0,0,0,0,0,0,0,0,0,0,0,0,0,0,0,0,0,0,0,0,0,0,0,0,0,0,0,0,0,0,0,0,0,0,0,0,0,0,0,0
0,0,0,0,0,0,0,0,0,0,0,0,0,0,0,0,0,0,0,0,0,0,0,0,0,0,0,0,0,0,0,0,0,0,0,0,0,0,0,0,0,0,0,0,0,0,0,0,0,0,0,0,0,0,0,0,0,0,0,0,0,0,0,0,0,0,0,0,0.344,0.344,0.345,0.345,0.346,0.347,0.347,0.348,0.348,0.348,0.348,0.349,0.349,0.349,0.35,0.35,0,0,0,0,0,0.412,0.412,0.413,0.414,0.415,0.415,0.416,0.416,0.416,0.416,0.416,0.416,0.416,0.416,0.415,0.415,0.414,0.414,0.414,0.414,0.414,0.414,0.414,0.414,0.414,0.414,0.414,0.415,0.415,0.415,0.415,0.415,0.415,0.415,0.414,0.414,0.414,0.414,0.414,0.414,0.414,0.414,0.414,0.414,0.414,0.414,0.414,0.414,0.414,0.414,0.414,0.414,0.414,0.414,0.414,0.414,0.414,0.414,0.414,0.414,0.414,0.414,0.414,0.414,0.414,0.414,0.414,0.414,0.415,0.415,0.415,0.415,0.415,0.415,0.415,0.415,0.416,0.416,0.416,0.416,0.416,0.416,0.416,0.416,0.416,0.416,0.416,0.416,0.416,0.415,0.415,0.415,0.415,0.415,0.414,0.414,0.414,0.414,0.414,0.413,0.413,0.412,0.412,0.412,0.412,0.412,0.412,0.411,0.411,0.411,0.411,0.411,0.411,0.411,0.411,0.411,0.41,0.41,0.41,0.409,0.409,0.409,0.409,0.409,0.408,0.409,0.409,0.409,0.409,0.409,0.41,0.41,0.411,0.411,0.412,0.412,0.412,0.412,0.413,0.413,0.413,0.412,0.412,0.411,0.41,0.409,0.409,0.408,0.408,0.407,0.406,0.405,0.404,0.401,0.398,0.393,0.388,0,0.38,0.377,0.375,0.374,0.372,0,0,0,0,0,0.362,0.362,0.36,0.359,0.358,0.357,0.356,0.354,0.353,0.352,0.35,0.349,0.348,0.347,0.346,0.345,0.344,0.344,0.344,0.343,0.343,0.342,0.341,0.34,0.34,0.339,0.338,0.337,0.337,0.336,0.335,0.334,0.334,0.333,0.333,0.332,0.331,0.33,0.33,0.329,0.329,0.329,0.328,0.328,0.328,0.328,0.327,0.327,0.326,0.326,0.325,0.325,0.324,0.324,0.324,0.324,0.324,0.323,0.323,0.323,0.322,0.322,0.322,0.321,0.321,0.32,0.32,0.32,0.32,0.32,0.319,0.319,0.319,0.319,0.319,0.319,0.319,0.319,0.319,0.318,0.318,0.318,0.318,0.317,0.317,0.317,0.317,0.316,0.316,0.316,0.316,0.315,0.315,0.315,0.315,0.315,0.315,0.315,0.315,0.315,0.315,0.315,0.315,0.315,0.315,0.315,0.315,0.315,0.314,0.314,0.314,0.314,0.314,0.314,0.314,0.314,0.314,0.314,0.314,0.314,0.314,0.314,0.315,0.315,0.315,0.315,0.315,0.315,0.315,0.315,0.315,0.315,0.315,0.315,0.315,0.315,0.315,0.315,0.316,0.316,0.316,0.316,0.316,0.317,0.317,0.317,0.317,0.317,0.317,0.317,0.318,0.318,0.318,0.318,0.319,0.319,0.319,0.319,0.32,0.32,0.321,0.321,0.321,0.322,0.322,0.322,0.323,0.323,0.323,0.324,0.324,0.325,0.325,0.326,0.327,0.329,0.331,0,0,0.338,0.341,0.343,0.343,0.343,0.343,0.344,0.344,0.344,0.344,0,0,0,0,0.39,0.39,0.389,0.389,0.389,0.389,0.389,0.389,0.389,0.389,0.388,0.388,0.388,0.388,0.388,0.388,0.388,0.387,0.387,0.387,0.387,0.387,0.387,0.387,0.387,0.387,0.387,0.387,0.387,0.387,0.387,0.387,0.387,0.387,0.387,0.387,0.387,0.387,0.387,0.387,0.387,0.387,0.387,0.387,0.387,0.387,0.387,0.387,0.387,0.386,0.386,0.386,0.386,0.386,0.386,0.386,0.386,0.385,0.386,0.386,0.387,0.388,0.389,0.39,0.391,0.393,0.395,0.397,0,0,0,0,0.418,0.422,0.423,0,0,0.422,0,0.42,0.419,0,0,0,0,0,0,0,0,1.572,1.572,1.572,1.576,1.576,1.58,1.584,1.592,1.596,1.596,1.596,0,0,0.438,0.438,0.438,0.438,0.438,0.438,0,0,0,0,0,0,0,0,0,0,0,0,0,0,0,0,0.765,0.765,0.766,0.766,0.766,0.766,0.766,0.766,0.766,0,0,0,0,0,0,0,0,0,0,0,0,0,0,0.948,0,0,0,0,0,0,0,0,0,0,0,0,0,0,0,0,0,0,0,0,0,0,0,0,0,0,0,0,0,0,0,0,0,0,0,0,0,0,0,0,0,0
0,0,0,0,0,0,0,0,0,0,0,0,0,0,0,0,0,0,0,0,0,0,0,0,0,0,0,0,0,0,0,0,0,0,0,0,0,0,0,0,0,0,0,0,0,0,0,0,0,0,0,0,0,0,0,0,0,0,0,0,0,0,0,0,0,0,0,0.343,0.344,0.344,0.344,0.345,0.346,0.346,0.347,0.347,0.348,0.348,0.349,0.349,0,0,0,0,0,0,0,0.411,0.411,0.411,0.412,0.412,0.413,0.414,0.414,0.415,0.415,0.415,0.415,0.415,0.415,0.414,0.414,0.413,0.413,0.413,0.412,0.412,0.411,0.411,0.411,0.411,0.411,0.412,0.412,0.412,0.412,0.412,0.413,0.413,0.413,0.413,0.412,0.412,0.412,0.412,0.412,0.412,0.412,0.412,0.412,0.412,0.412,0.412,0.412,0.412,0.412,0.412,0.412,0.412,0.412,0.412,0.412,0.412,0.412,0.412,0.412,0.412,0.412,0.412,0.412,0.412,0.412,0.412,0.412,0.412,0.412,0.412,0.413,0.413,0.413,0.413,0.413,0.413,0.413,0.414,0.414,0.414,0.414,0.414,0.414,0.414,0.414,0.414,0.414,0.414,0.414,0.413,0.413,0.412,0.412,0.412,0.412,0.412,0.412,0.412,0.411,0.411,0.411,0.411,0.41,0.41,0.41,0.41,0.41,0.41,0.41,0.409,0.409,0.409,0.409,0.409,0.409,0.409,0.408,0.408,0.408,0.408,0.407,0.407,0.407,0.406,0.406,0.406,0.406,0.407,0.407,0.407,0.407,0.407,0.408,0.408,0.408,0.409,0.409,0.409,0.409,0.41,0.41,0.409,0.409,0.408,0.408,0.407,0.406,0.406,0.406,0.405,0.404,0.404,0.404,0.402,0.401,0.398,0.393,0,0,0.38,0.377,0.375,0.373,0,0,0,0,0.365,0.364,0.363,0.362,0.361,0.36,0.359,0.358,0.356,0.354,0.353,0.351,0.35,0.349,0.348,0.346,0.346,0.345,0.344,0.344,0.343,0.343,0.342,0.342,0.341,0.34,0.339,0.339,0.338,0.337,0.337,0.336,0.335,0.335,0.334,0.333,0.333,0.332,0.331,0.33,0.33,0.329,0.329,0.329,0.328,0.328,0.328,0.327,0.327,0.326,0.326,0.326,0.325,0.325,0.324,0.324,0.324,0.324,0.323,0.323,0.323,0.322,0.322,0.322,0.321,0.321,0.32,0.32,0.32,0.32,0.319,0.319,0.319,0.319,0.319,0.319,0.319,0.319,0.319,0.319,0.318,0.318,0.318,0.318,0,0,0.317,0.317,0.316,0.316,0.316,0.316,0.316,0.315,0.315,0.315,0.315,0.315,0.315,0.315,0.315,0.315,0.315,0.315,0.315,0.315,0.315,0.315,0.315,0.314,0.314,0.314,0.314,0.314,0.313,0.313,0.313,0.313,0.314,0.314,0.314,0.314,0.314,0.314,0.314,0.314,0.314,0.315,0.315,0.314,0.315,0.315,0.315,0.315,0.315,0.315,0.315,0.315,0.315,0.315,0.315,0.315,0.316,0.316,0.316,0.316,0.316,0.316,0.317,0.317,0.317,0.317,0.317,0.318,0.318,0.318,0.318,0.319,0.319,0.319,0.32,0.32,0.32,0.321,0.321,0.322,0.322,0.322,0.322,0.323,0.323,0.323,0.324,0.324,0.325,0.325,0.326,0.328,0.33,0,0,0.337,0.339,0.342,0.342,0.343,0.343,0.343,0.343,0.343,0.343,0,0,0,0,0,0.388,0,0,0,0,0.387,0.387,0.387,0.387,0.387,0.387,0.387,0.387,0.387,0.386,0.386,0.386,0.386,0.386,0.386,0.386,0.386,0.386,0.386,0.386,0.386,0.386,0.386,0.386,0.386,0.386,0.386,0.386,0.386,0.386,0.386,0.385,0.385,0.385,0.385,0.385,0.385,0.385,0.385,0.385,0.385,0.385,0.385,0.385,0.384,0.384,0.384,0.384,0.384,0.384,0.384,0.384,0.384,0.385,0.385,0.387,0.387,0.389,0.39,0.392,0.394,0,0,0,0,0.423,0.424,0.427,0.428,0.428,0,0,0.425,0.424,0,0,0,0,0,0,0,0,0,1.572,1.572,1.576,1.576,1.58,1.584,1.588,1.592,1.596,1.6,1.6,1.605,0,0.438,0.438,0.438,0.438,0.438,0.438,0,0,0,0,0,0,0,0,0,0,0,0,0,0,0,0,0,0,0,0.766,0.766,0.766,0.766,0.766,0.766,0.767,0,0,0,0,0,0,0,0,0,0,0,0,0,0,0,0,0,0,0.937,0,0,0,0,0,0,0,0,0,0,0,0,0,0,0,0,0,0,0,0,0,0,0,0,0,0,0,0,0,0,0,0,0,0,0,0,0
0,0,0,0,0,0,0,0,0,0,0,0,0,0,0,0,0,0,0,0,0,0,0,0,0,0,0,0,0,0,0,0,0,0,0,0,0,0,0,0,0,0,0,0,0,0,0,0,0,0,0,0,0,0,0,0,0,0,0,0,0,0,0,0,0,0,0,0.342,0.343,0.343,0.344,0.344,0.345,0.346,0.347,0.348,0.348,0.348,0.349,0,0,0,0.41,0.41,0.41,0.41,0.41,0.41,0.41,0.411,0.411,0.411,0.412,0.412,0.413,0.413,0.414,0.414,0.414,0.414,0.413,0.413,0.412,0.412,0.411,0.411,0.41,0.41,0.409,0.409,0.409,0.409,0.409,0.409,0.409,0.409,0.41,0.41,0.41,0.41,0.41,0.41,0.41,0.41,0.41,0.41,0.41,0.41,0.41,0.411,0.411,0.411,0.411,0.411,0.411,0.411,0.411,0.411,0.411,0.411,0.411,0.411,0.411,0.411,0.411,0.411,0.411,0.411,0.411,0.411,0.41,0.41,0.41,0.41,0.41,0.41,0.41,0.41,0.411,0.411,0.411,0.411,0.411,0.411,0.411,0.412,0.412,0.412,0.412,0.412,0.412,0.412,0.412,0.412,0.411,0.412,0.411,0.411,0.411,0.41,0.41,0.41,0.41,0.41,0.41,0.409,0.409,0.409,0.409,0.408,0.408,0.408,0.408,0.408,0.408,0.408,0.408,0.407,0.407,0.407,0.407,0.407,0.407,0.407,0.406,0.406,0.406,0.406,0.405,0.405,0.405,0.404,0.404,0.404,0.404,0.404,0.404,0.405,0.405,0.405,0.405,0.405,0.405,0.406,0.406,0.406,0.406,0.406,0.406,0,0.406,0.405,0.405,0.405,0.404,0.404,0.404,0.403,0.403,0.402,0.402,0.401,0.4,0.398,0,0,0,0,0.377,0.375,0.373,0,0,0,0.367,0.365,0.364,0.363,0.363,0.362,0.36,0.359,0.358,0.357,0.355,0.353,0.351,0.35,0.348,0.347,0.346,0.345,0.345,0.344,0.344,0.343,0.343,0.342,0,0,0,0.339,0.338,0.338,0.337,0.337,0.336,0.335,0.335,0.334,0.333,0.332,0.332,0.331,0.33,0.33,0.329,0.329,0.329,0.328,0.328,0.328,0.327,0.327,0.326,0.326,0.326,0.325,0.325,0.324,0.324,0.324,0.324,0.323,0.323,0.323,0.322,0.322,0.321,0.321,0.321,0.32,0.32,0.32,0.319,0.319,0.319,0.319,0.319,0.319,0.319,0.319,0.318,0.318,0.318,0.318,0.318,0.318,0,0,0,0.317,0.316,0.316,0.316,0.316,0.316,0.315,0.315,0.315,0.315,0.315,0.314,0.314,0.314,0.314,0.315,0.315,0.315,0.315,0.315,0.315,0.314,0.314,0.314,0.314,0.314,0.314,0.313,0.313,0.313,0.313,0.313,0.313,0.313,0.313,0.314,0.314,0.314,0.314,0.314,0.314,0.314,0.314,0.314,0.314,0.314,0.314,0.314,0.314,0.315,0.315,0.315,0.315,0.315,0.315,0.315,0.315,0.316,0.316,0.316,0.316,0.316,0.316,0.317,0.317,0.317,0.317,0.318,0.318,0.318,0.318,0.319,0.319,0.319,0.319,0.32,0.32,0.32,0.321,0.321,0.322,0.322,0.322,0.322,0.323,0.323,0.323,0.324,0.324,0.325,0.325,0.327,0.328,0,0,0.335,0.337,0.34,0.34,0.341,0.341,0.342,0.342,0.342,0.343,0,0,0,0.387,0.387,0.387,0.386,0.386,0.386,0.386,0.386,0.386,0.385,0.386,0.385,0.385,0.385,0.385,0.385,0.384,0.384,0.384,0.384,0.384,0.384,0.384,0.384,0.384,0.384,0.384,0.384,0.384,0.384,0.384,0.384,0.384,0.384,0.384,0.384,0.384,0.384,0.384,0.383,0.383,0.383,0.383,0.383,0.383,0.383,0.383,0.383,0.383,0.383,0.383,0.383,0.382,0.382,0.382,0.382,0.382,0.382,0.383,0.383,0.384,0.384,0.386,0.387,0.388,0.389,0.391,0.392,0,0,0,0,0.428,0.429,0.431,0.431,0.431,0.43,0.429,0.428,0,0,0,0,0,0,0,0,0,0,1.576,1.576,1.58,1.58,1.584,1.584,1.592,1.596,1.6,1.605,1.605,1.609,0,0.438,0.438,0.438,0.438,0.438,0.438,0,0,0,0,0,0,0,0,0,0,0,0,0,0,0,0,0,0,0,0.765,0.765,0.765,0.765,0.766,0.766,0,0,0,0,0,0,0,0,0,0,0,0,0,0,0,0,0,0,0,0.934,0.935,0,0,0,0,0,0,0,0,0,0,0,0,0,0,0,0,0,0,0,0,0,0,0,0,0,0,0,0,0,0,0,0,0,0,0,0
0,0,0,0,0,0,0,0,0,0,0,0,0,0,0,0,0,0,0,0,0,0,0,0,0,0,0,0,0,0,0,0,0,0,0,0,0,0,0,0,0,0,0,0,0,0,0,0,0,0,0,0,0,0,0,0,0,0,0,0,0,0,0,0,0,0,0.341,0.342,0.342,0.343,0.343,0.344,0.345,0.345,0.346,0.347,0,0,0,0,0.409,0.41,0.409,0.409,0.409,0.409,0.41,0.41,0.41,0.41,0.41,0.41,0.411,0.411,0.411,0.412,0.412,0.412,0.412,0.412,0.411,0.411,0.41,0.41,0.409,0.409,0.408,0.408,0.408,0.407,0.407,0.407,0.407,0.407,0.407,0.407,0.407,0.407,0.408,0.408,0.408,0.408,0.408,0.408,0.408,0.409,0.408,0.409,0.408,0.409,0.409,0.409,0.409,0.409,0.409,0.409,0.409,0.409,0.409,0.409,0.41,0.41,0.41,0.41,0.41,0.409,0.409,0.409,0.409,0.409,0.409,0.409,0.408,0.408,0.409,0.408,0.408,0.408,0.409,0.409,0.409,0.409,0.409,0.409,0.409,0.41,0.41,0.41,0.41,0.41,0.41,0.41,0.409,0.409,0.409,0.409,0.409,0.408,0.408,0.408,0.408,0.408,0.408,0.408,0.408,0.407,0.407,0.407,0.407,0.407,0.406,0.406,0.406,0.406,0.406,0.406,0.406,0.406,0.405,0.405,0.405,0.405,0.405,0.405,0.405,0.404,0.404,0.404,0.404,0.403,0.403,0.403,0.402,0.402,0.402,0.402,0.402,0.402,0.402,0.402,0.402,0.402,0.403,0.403,0.403,0.403,0.403,0.403,0.403,0.403,0.403,0.402,0.402,0.402,0.402,0.402,0.401,0.401,0.401,0.401,0.401,0.4,0.399,0.397,0,0,0,0,0.377,0.375,0.373,0.371,0.37,0.369,0.367,0.366,0.365,0.364,0.363,0.362,0.361,0.359,0.358,0.356,0.354,0.353,0,0.349,0.348,0.347,0.346,0.345,0.345,0.344,0.344,0.343,0.343,0.342,0,0,0.339,0.338,0.338,0.337,0.337,0.336,0.336,0.335,0.335,0.334,0.333,0.332,0.332,0.331,0.33,0.33,0.329,0.329,0.329,0.328,0.328,0.328,0.327,0.327,0.326,0.326,0.325,0.325,0.325,0.324,0.324,0.324,0.323,0.323,0.323,0.322,0.322,0.322,0.321,0.321,0.32,0.32,0.32,0.319,0.319,0.319,0.319,0.318,0.318,0.318,0.318,0.318,0.318,0.318,0.318,0.318,0.318,0.318,0.317,0.317,0.317,0.316,0.316,0.316,0.316,0.316,0.315,0.315,0.315,0.315,0.314,0.314,0.314,0.314,0.314,0.314,0.314,0.314,0.315,0.315,0.314,0.314,0.314,0.314,0.314,0.314,0.314,0.313,0.313,0.313,0.313,0.313,0.313,0.313,0.313,0.313,0.313,0.313,0.314,0.313,0.314,0.314,0.314,0.314,0.314,0.314,0.314,0.314,0.314,0.314,0.314,0.314,0.315,0.315,0.315,0.315,0.315,0.315,0.315,0.315,0.316,0.316,0.316,0.316,0.316,0.317,0.317,0.317,0.317,0.318,0.318,0.318,0.318,0.319,0.319,0.319,0.32,0.32,0.32,0.321,0.321,0.321,0.322,0.322,0.322,0.322,0.323,0.323,0.323,0.324,0.324,0.324,0.326,0.327,0,0,0.333,0.335,0.337,0.338,0.339,0.34,0.34,0.341,0.341,0.341,0.341,0,0,0.385,0.385,0.385,0.384,0.385,0.385,0.385,0.385,0.384,0.384,0.384,0.384,0.384,0.383,0.383,0.383,0.383,0.383,0.383,0.383,0.382,0.382,0.382,0.382,0.382,0.382,0.382,0.382,0.382,0.382,0.382,0.382,0.382,0.382,0.382,0.382,0.382,0.382,0.382,0.382,0.382,0.381,0.381,0.381,0.381,0.381,0.381,0.381,0.381,0.381,0.381,0.381,0.381,0.381,0.381,0.381,0.381,0.381,0.381,0.382,0.383,0.384,0.385,0.386,0.387,0.388,0.39,0,0,0,0,0,0,0.435,0.436,0.435,0.435,0,0.433,0,0,0,0,0,0,0,0,0,0,0,0,0,1.584,1.588,1.588,1.592,1.596,1.605,1.605,1.609,1.609,1.609,0,0.438,0.438,0.438,0.438,0.438,0.438,0,0,0,0,0,0,0,0,0,0,0,0,0,0,0,0,0,0,0.765,0.765,0.765,0.765,0.765,0.766,0.766,0,0,0,0,0,0,0,0,0,0,0,0,0,0,0.928,0,0,0,0,0.931,0,0,0,0,0,0,0,0,0,0,0,0,0,0,0,0,0,0,0,0,0,0,0,0,0,0,0,0,0,0,0,0,0,0,0,0,0
0,0,0,0,0,0,0,0,0,0,0,0,0,0,0,0,0,0,0,0,0,0,0,0,0,0,0,0,0,0,0,0,0,0,0,0,0,0,0,0,0,0,0,0,0,0,0,0,0,0,0,0,0,0,0,0,0,0,0,0,0,0,0,0,0,0,0,0.341,0.342,0.342,0.343,0.343,0.344,0,0,0,0,0,0.408,0.409,0.409,0.409,0.409,0.409,0.409,0.409,0.409,0.409,0.409,0.409,0.409,0.409,0.409,0.41,0.41,0.41,0.41,0.41,0.41,0.41,0.409,0.409,0.408,0.408,0.407,0.407,0.406,0.406,0.405,0.405,0.405,0.405,0.405,0.405,0.405,0.405,0,0,0,0.406,0.406,0.406,0.406,0.406,0.407,0.407,0.406,0.407,0.407,0.407,0.407,0.407,0.407,0.407,0.407,0.407,0.408,0.408,0.408,0.408,0.408,0.408,0.409,0.409,0.409,0.408,0.408,0.408,0.408,0.408,0.407,0.407,0.407,0.407,0.407,0.407,0.407,0.407,0.407,0.407,0.407,0.407,0.407,0.408,0.408,0.408,0.408,0.408,0.408,0.408,0.408,0.408,0.407,0.407,0.406,0.406,0.406,0.406,0.406,0.406,0.405,0.405,0.405,0.405,0.405,0.405,0.405,0.405,0.405,0.405,0.404,0.404,0.404,0.404,0.404,0.404,0.404,0.404,0.404,0.404,0.403,0.403,0.403,0.403,0.403,0.402,0.402,0.402,0.402,0.401,0.401,0.401,0.401,0.401,0.401,0.401,0.401,0.401,0.401,0.4,0.4,0.401,0.4,0.4,0.4,0.4,0.4,0.4,0.4,0.4,0.4,0.4,0.4,0.4,0.4,0.4,0.4,0.4,0.399,0.399,0.399,0.399,0.398,0.396,0.393,0.389,0.386,0,0.378,0.375,0.373,0.371,0.37,0.368,0.367,0.366,0.365,0.364,0.363,0.362,0.361,0.359,0.358,0.356,0.354,0.352,0.35,0.349,0.348,0.347,0.346,0.346,0.345,0.344,0.344,0.343,0.343,0.342,0.341,0.34,0.339,0.338,0.338,0.337,0.337,0.337,0.336,0.335,0.335,0.334,0.333,0.332,0.332,0.331,0.33,0.33,0.329,0.329,0.329,0.328,0.328,0.328,0.327,0.327,0.326,0.326,0.325,0.325,0.324,0.324,0.324,0.323,0.323,0.323,0.323,0.322,0.322,0.321,0.321,0.32,0.32,0.32,0.319,0.319,0.319,0.319,0.318,0.318,0.318,0.318,0.318,0.318,0.318,0.318,0.318,0.318,0.318,0.317,0.317,0.317,0.317,0.316,0.316,0.316,0.316,0.315,0.315,0.315,0.315,0.314,0.314,0.314,0.314,0.314,0.314,0.314,0.314,0.314,0.314,0.314,0.314,0.314,0.314,0.314,0.314,0.314,0.313,0.313,0.313,0.313,0.313,0.313,0.313,0.313,0.313,0.313,0.313,0.313,0.313,0.313,0.313,0.313,0.313,0.313,0.314,0.314,0.314,0.314,0.314,0.314,0.314,0.314,0.314,0.314,0.314,0.314,0.315,0.315,0.315,0.315,0.315,0.316,0.316,0.316,0.316,0.316,0.317,0.317,0.317,0.317,0.318,0.318,0.318,0.318,0.319,0.319,0.319,0.32,0.32,0.32,0.321,0.321,0.321,0.322,0.322,0.322,0.322,0.323,0.323,0.323,0.324,0.324,0.325,0.326,0,0,0,0,0,0.336,0.337,0.338,0.338,0.339,0.339,0.34,0.34,0,0,0,0,0.384,0.384,0.384,0.383,0.384,0.384,0.383,0.383,0.383,0.383,0.382,0.382,0.382,0.382,0.381,0.381,0.381,0.381,0.381,0.381,0.381,0.381,0.38,0.381,0.38,0.38,0.38,0.381,0.381,0.381,0.38,0.38,0.38,0.38,0.38,0.38,0.38,0.38,0.38,0.38,0.38,0.38,0.38,0.38,0.38,0.38,0.38,0.38,0.38,0.379,0.379,0.38,0.38,0.38,0.38,0.38,0.381,0.381,0.382,0.383,0.384,0.386,0.387,0.388,0,0,0,0,0,0,0,0,0.436,0.436,0,0.434,0.434,0,0,0,0,0,0,0,0,0,0,0,0,0,0,0,0,0,0,0,0,1.605,1.609,1.609,0,0.438,0.438,0.438,0.438,0.438,0.438,0,0,0,0,0,0,0,0,0,0,0,0,0,0,0,0,0,0,0.765,0.765,0.765,0.766,0.766,0.766,0.767,0,0,0,0,0,0,0,0,0,0,0,0,0,0,0.926,0.927,0,0,0.928,0.93,0.93,0,0,0,0,0,0,0,0,0,0,0,0,0,0,0,0,0,0,0,0,0,0,0,0,0,0,0,0,0,0,0,0,0,0,0,0
0,0,0,0,0,0,0,0,0,0,0,0,0,0,0,0,0,0,0,0,0,0,0,0,0,0,0,0,0,0,0,0,0,0,0,0,0,0,0,0,0,0,0,0,0,0,0,0,0,0,0,0,0,0,0,0,0,0,0,0,0,0,0,0,0,0,0,0.341,0.341,0.342,0.342,0.343,0,0,0,0.406,0.407,0.408,0.408,0.408,0.409,0.409,0.409,0.409,0.409,0.409,0.409,0.409,0.409,0.408,0.408,0.408,0.408,0.408,0.408,0.408,0.408,0.408,0.408,0.407,0.407,0.407,0.406,0.406,0.405,0.405,0.404,0.404,0.403,0.403,0.403,0.402,0.402,0.402,0.402,0.402,0.402,0,0,0.403,0.404,0.404,0.404,0.404,0.405,0.405,0.405,0.405,0.405,0.405,0.405,0.405,0.405,0.405,0.405,0.405,0.406,0.406,0.406,0.406,0.406,0.407,0.407,0.407,0.408,0.407,0.407,0.407,0.407,0.406,0.406,0.406,0.406,0.406,0.406,0.405,0.405,0.405,0.405,0.405,0.406,0.406,0.406,0.406,0.406,0.406,0.406,0.406,0.406,0.405,0.405,0.405,0.405,0.405,0.404,0.404,0.403,0.403,0.403,0.403,0.403,0.403,0.403,0.403,0.403,0.403,0.403,0.403,0.403,0.403,0.402,0.402,0.402,0.402,0.402,0.402,0.402,0.402,0.402,0.402,0.402,0.402,0.401,0.401,0.401,0.401,0.401,0.4,0.4,0.4,0.4,0.399,0.399,0.399,0.399,0.399,0.399,0.399,0.399,0.399,0.399,0.398,0.398,0.398,0.398,0.398,0.398,0.398,0.398,0.398,0.398,0.398,0.398,0.398,0.398,0.398,0.398,0.398,0.398,0.398,0.398,0.397,0.396,0.395,0,0,0,0,0.378,0.376,0.373,0.371,0.37,0.368,0.367,0.366,0.365,0.365,0.363,0.362,0.36,0.359,0,0,0,0.352,0,0,0.348,0.347,0.346,0.346,0.345,0.344,0.344,0.344,0.343,0.342,0.341,0.34,0.339,0.338,0.338,0.337,0.337,0.336,0.336,0.335,0.335,0.334,0.333,0.332,0.332,0.331,0.33,0.33,0.329,0.329,0.328,0.328,0.328,0.328,0.327,0.327,0.326,0.326,0.325,0.325,0.325,0.324,0.324,0.323,0.323,0.323,0.322,0.322,0.322,0.321,0.321,0.32,0.32,0.319,0.319,0.319,0.319,0.318,0.318,0.318,0.318,0.318,0.318,0.318,0.318,0.318,0.318,0.318,0.317,0.317,0.317,0.317,0.317,0.316,0.316,0.316,0.315,0.315,0.315,0.315,0.314,0.314,0.314,0.314,0.314,0.314,0.314,0.314,0.314,0.314,0.314,0.314,0.314,0.314,0.314,0.314,0.314,0.313,0.313,0.313,0.313,0.313,0.313,0.313,0.313,0.313,0.313,0.313,0.313,0.313,0.313,0.313,0.313,0.313,0.313,0.313,0.313,0.313,0.313,0.313,0.314,0.314,0.314,0.314,0.314,0.314,0.314,0.314,0.314,0.315,0.315,0.315,0.315,0.315,0.316,0.316,0.316,0.316,0.316,0.317,0.317,0.317,0.317,0.318,0.318,0.318,0.318,0.319,0.319,0.319,0.32,0.32,0.32,0.321,0.321,0.321,0.322,0.322,0.322,0.322,0.323,0.323,0.323,0.323,0.324,0.325,0.326,0.328,0,0,0.333,0.334,0.335,0.336,0.337,0.337,0.337,0.338,0.338,0,0,0,0,0.382,0.382,0.383,0.383,0.383,0.382,0.382,0.382,0.381,0.381,0.381,0.381,0.38,0.38,0.38,0.38,0.38,0.379,0.379,0.379,0.379,0.379,0.379,0.379,0.378,0.378,0.378,0.379,0.379,0.379,0.378,0.378,0.378,0.378,0.378,0.378,0.378,0.378,0.378,0.378,0.378,0.378,0.378,0.378,0.378,0.378,0.378,0.378,0.378,0.378,0.378,0.378,0.378,0.379,0.379,0.38,0.38,0.381,0.382,0.383,0.384,0.385,0.386,0,0,0,0,0,0,0,0,0.44,0.438,0.437,0.436,0,0,0,0,0,0,0,0,0,0,0,0,0,0,0,0,0,0,0,0,0,0,0,1.6,1.6,0,0.438,0.438,0.438,0.438,0.438,0.438,0,0,0,0,0,0,0,0,0,0,0,0,0,0,0,0,0,0.765,0.766,0.766,0.766,0.766,0.767,0.767,0.768,0.768,0,0,0,0,0,0,0,0,0,0,0,0,0,0.924,0.926,0.927,0.927,0.927,0.928,0.928,0.93,0.93,0,0,0,0,0,0,0,0,0,0,0,0,0,0,0,0,0,0,0,0,0,0,0,0,0,0,0,0,0,0,0,0,0,0
0,0,0,0,0,0,0,0,0,0,0,0,0,0,0,0,0,0,0,0,0,0,0,0,0,0,0,0,0,0,0,0,0,0,0,0,0,0,0,0,0,0,0,0,0,0,0,0,0,0,0,0,0,0,0,0,0,0,0,0,0,0,0,0,0,0,0,0.341,0.341,0.341,0.341,0,0,0,0.405,0.406,0.406,0.406,0.407,0.408,0.408,0.408,0.408,0.408,0.408,0.408,0.408,0.408,0.408,0.407,0.407,0.407,0.406,0.406,0.406,0.406,0.406,0.406,0.405,0.405,0.405,0.405,0.404,0.404,0.403,0.402,0.402,0.402,0.401,0.401,0.401,0.401,0.4,0.4,0.4,0.4,0.4,0.4,0.4,0.401,0.401,0.401,0.401,0.402,0.402,0.402,0.402,0.403,0.403,0.403,0.403,0.403,0.403,0.404,0.404,0.404,0.404,0.404,0.404,0.404,0.405,0.405,0.406,0.406,0.406,0.406,0.406,0.406,0.406,0.406,0.405,0.405,0.405,0.405,0.405,0.404,0.404,0.404,0.404,0.405,0.405,0.405,0.405,0.404,0.404,0.404,0.404,0.404,0.403,0.403,0.403,0.402,0.402,0.402,0.402,0.401,0.401,0.401,0.401,0.401,0.401,0.401,0.401,0.401,0.401,0.401,0.401,0.401,0.401,0.401,0.401,0.401,0.401,0.401,0.401,0.401,0.401,0.401,0.4,0.401,0.4,0.401,0.4,0.4,0.4,0.4,0.4,0.399,0.399,0.399,0.399,0.398,0.398,0.398,0.398,0.398,0.398,0.398,0.397,0.397,0.397,0.397,0.396,0.396,0.396,0.396,0.395,0.396,0.395,0.395,0.395,0.395,0.395,0.395,0.395,0.396,0.396,0.396,0.396,0.396,0.396,0.395,0.394,0.393,0.391,0.388,0.386,0.382,0.379,0.377,0.374,0.372,0.37,0.368,0.367,0.366,0.365,0.365,0.363,0.362,0.36,0.358,0,0.355,0.353,0,0,0.349,0.348,0.347,0.346,0.346,0.345,0.344,0.344,0.344,0.343,0.342,0.341,0.34,0.339,0.338,0.338,0.337,0.337,0.336,0.336,0.335,0.334,0.334,0.333,0.332,0.331,0.331,0.33,0.33,0.329,0.329,0.328,0.328,0.328,0.327,0.327,0.327,0.326,0.326,0.325,0.325,0.324,0.324,0.324,0.323,0.323,0.323,0.322,0.322,0.322,0.321,0.321,0.32,0.32,0.319,0.319,0.319,0.318,0.318,0.318,0.318,0.318,0.318,0.318,0.318,0.318,0.318,0.318,0.317,0.317,0.317,0.317,0.317,0.317,0.316,0.316,0.316,0.316,0.315,0.315,0.315,0.314,0.314,0.314,0.314,0.314,0.314,0.314,0.314,0.314,0.314,0.314,0.314,0.314,0.314,0.314,0.314,0.313,0.313,0.313,0.313,0.313,0.313,0.313,0.313,0.313,0.312,0.312,0.312,0.312,0.312,0.312,0.312,0.313,0.313,0.313,0.313,0.313,0.313,0.313,0.313,0.313,0.313,0.313,0.314,0.314,0.314,0.314,0.314,0.314,0.315,0.315,0.315,0.315,0.315,0.316,0.316,0.316,0.316,0.316,0.316,0.317,0.317,0.317,0.317,0.318,0.318,0.318,0.318,0.319,0.319,0.319,0.319,0.32,0.32,0.32,0.321,0.321,0.321,0.322,0.322,0.322,0.323,0.323,0.323,0.324,0.324,0.325,0.327,0.328,0.329,0.331,0.332,0.333,0.334,0.335,0.335,0,0,0,0,0,0,0,0.382,0.382,0.382,0.382,0.382,0.382,0.381,0.381,0.38,0.38,0.38,0.379,0.379,0.378,0.378,0.378,0.378,0.378,0.377,0.377,0.377,0.377,0.377,0.377,0.377,0.377,0.377,0.377,0.377,0.377,0.377,0.377,0.377,0.376,0.376,0.376,0.376,0.376,0.376,0.376,0.377,0.376,0.376,0.376,0.376,0.376,0.376,0.376,0.376,0.376,0.377,0.377,0.377,0.378,0.378,0.379,0.379,0.38,0.381,0.382,0.383,0.384,0.385,0,0,0,0,0,0,0,0.444,0.442,0.44,0,0,0,0,0,0,0,0,0,0,0,0,0,0,0,0,0,0,0,0,0,0,0,0,0,1.592,1.592,0,0.438,0.438,0.438,0.438,0.438,0.438,0,0,0,0,0,0,0,0,0,0,0,0,0,0,0,0,0,0.766,0.766,0.766,0.767,0.767,0.768,0.768,0.768,0.768,0,0,0,0,0,0,0,0,0,0,0,0,0.927,0.924,0.924,0.926,0.926,0.926,0.926,0.926,0.926,0.927,0,0,0,0,0,0,0,0,0,0,0,0,0,0,0,0,0,0,0,0,0,0,0,0,0,0,0,0,0,0,0,0,0,0
0,0,0,0,0,0,0,0,0,0,0,0,0,0,0,0,0,0,0,0,0,0,0,0,0,0,0,0,0,0,0,0,0,0,0,0,0,0,0,0,0,0,0,0,0,0,0,0,0,0,0,0,0,0,0,0,0,0,0,0,0,0,0,0,0,0,0,0,0,0,0.34,0,0,0,0.404,0.405,0.405,0.405,0.406,0.406,0.406,0.406,0.406,0.406,0.406,0.407,0.406,0.406,0.406,0.406,0.405,0.405,0.405,0.405,0.405,0.404,0.404,0.404,0.403,0.403,0.403,0.402,0.402,0.401,0.401,0.401,0.401,0.4,0.4,0.4,0.399,0.399,0.399,0.399,0.398,0.398,0.398,0.398,0.398,0.399,0.398,0.399,0.399,0.4,0.4,0.4,0.401,0.401,0.401,0.401,0.401,0.402,0.402,0.402,0.402,0.402,0.402,0.402,0.402,0.403,0.403,0.403,0.404,0.404,0.405,0.405,0.405,0.405,0.405,0.405,0.404,0.404,0.404,0.404,0.404,0.403,0.403,0.403,0.403,0.403,0.403,0.404,0.403,0.403,0.403,0.402,0.402,0.402,0.401,0.401,0.401,0.4,0.4,0.4,0.4,0.4,0.4,0.4,0.4,0.4,0.4,0.4,0.4,0.4,0.4,0.4,0.4,0.4,0.399,0.399,0.399,0.399,0.399,0.399,0.399,0.399,0.399,0.399,0.399,0.399,0.399,0.399,0.399,0.399,0.399,0.399,0.398,0.398,0.397,0.397,0.397,0.397,0.397,0.397,0.396,0.396,0.396,0.396,0.396,0.395,0.395,0.395,0.395,0.395,0.394,0.394,0.394,0.394,0.394,0.394,0.394,0.394,0.393,0.393,0.394,0.393,0.394,0.394,0.393,0.393,0.393,0.393,0.392,0.391,0.389,0.387,0.385,0,0,0.377,0.375,0.372,0.37,0.369,0.368,0.366,0.366,0.365,0.363,0.361,0.359,0.358,0.356,0.354,0.352,0.351,0.35,0.349,0.348,0.347,0.347,0.346,0.346,0.345,0.344,0.343,0.343,0.342,0.341,0.34,0.339,0.338,0.337,0.337,0.337,0.336,0.336,0.335,0.334,0.334,0.333,0.332,0.331,0.331,0.33,0.33,0.329,0.329,0.328,0.328,0.328,0.327,0.327,0.327,0.326,0.326,0.325,0.325,0.324,0.324,0.324,0.323,0.323,0.323,0.322,0.322,0.321,0.321,0.321,0.32,0.32,0.319,0.319,0.318,0.318,0.318,0.318,0.318,0.318,0.318,0.318,0.318,0.317,0.317,0.317,0.317,0.317,0.317,0.317,0.317,0.317,0.316,0.316,0.316,0.316,0.315,0.315,0.315,0.314,0.314,0.314,0.314,0.314,0.313,0.314,0.314,0.314,0.314,0.314,0.314,0.314,0.314,0.314,0.314,0.313,0.313,0.313,0.313,0.313,0.313,0.313,0.313,0.312,0.312,0.312,0.312,0.312,0.312,0.312,0.312,0.312,0.312,0.312,0.312,0.313,0.313,0.313,0.313,0.313,0.313,0.313,0.313,0.313,0.314,0.314,0.314,0.314,0.314,0.315,0.315,0.315,0.315,0.315,0.316,0.316,0.316,0.316,0.316,0.317,0.317,0.317,0.317,0.317,0.318,0.318,0.318,0.318,0.318,0.319,0.319,0.319,0.32,0.32,0.32,0.321,0.321,0.321,0.322,0.322,0.322,0.322,0.323,0.323,0.324,0.325,0.326,0.327,0.328,0.329,0.33,0.331,0.332,0.333,0.334,0.334,0,0,0,0,0,0.381,0.381,0.382,0.381,0.381,0.381,0.381,0.38,0.379,0.379,0.378,0.378,0.377,0.377,0.377,0.377,0.377,0.376,0.376,0.376,0.376,0.376,0.375,0.375,0.375,0.375,0.375,0.375,0.375,0.375,0.375,0.375,0.375,0.375,0.374,0.374,0.374,0.375,0.375,0.375,0.375,0.375,0.375,0.375,0.375,0.375,0.375,0.375,0.375,0.375,0.375,0.375,0.375,0.375,0.376,0.377,0.377,0.378,0.379,0.381,0.381,0.383,0,0,0,0,0,0,0,0,0.449,0.446,0.444,0,0,0,0,0,0,0,0,0,0,0,0,0,0,0,0,0,0,0,0,0,0,0,0,0,1.576,1.576,1.58,0,0.438,0.438,0.438,0.438,0.438,0,0,0,0,0,0,0,0,0,0,0,0,0,0,0,0,0,0.766,0.766,0.766,0.767,0.767,0.767,0.768,0.768,0.769,0.768,0,0,0,0,0,0,0,0,0.96,0,0,0,0.93,0.926,0.924,0.924,0.924,0.924,0.924,0.923,0.923,0.924,0,0,0,0,0,0,0,0,0,0,0,0,0,0,0,0,0,0,0,0,0,0,0,0,0,0,0,0,0,0,0,0,0,0
0,0,0,0,0,0,0,0,0,0,0,0,0,0,0,0,0,0,0,0,0,0,0,0,0,0,0,0,0,0,0,0,0,0,0,0,0,0,0,0,0,0,0,0,0,0,0,0,0,0,0,0,0,0,0,0,0,0,0,0,0,0,0,0,0,0,0,0,0,0,0,0,0,0.402,0.403,0.403,0.403,0.404,0.404,0.405,0.405,0.405,0.404,0.405,0.404,0.405,0.404,0.404,0.404,0.404,0.404,0.404,0.403,0.403,0.403,0.403,0.402,0.402,0.402,0.401,0.401,0.401,0.401,0.4,0.399,0.399,0.399,0.399,0.399,0.398,0.398,0.398,0.397,0.397,0.397,0.396,0.396,0.396,0.396,0.397,0.397,0.397,0.397,0.398,0.398,0.398,0.399,0.399,0.399,0.399,0.4,0.4,0.4,0.4,0.4,0.4,0.401,0.401,0.401,0.401,0.401,0.402,0.402,0.403,0.403,0.403,0.404,0.404,0.404,0.404,0.403,0.403,0.403,0.402,0.402,0.402,0.402,0.402,0.402,0.402,0.402,0.402,0.402,0.402,0.401,0.401,0.4,0.4,0.399,0.399,0.399,0.399,0.399,0.398,0.398,0.398,0.398,0.398,0.398,0.398,0.398,0.398,0.398,0.398,0.398,0.398,0.398,0.398,0.398,0.398,0.398,0.397,0.398,0.398,0.398,0.398,0.398,0.398,0.398,0.398,0.398,0.398,0.398,0.397,0.397,0.397,0.396,0.396,0.396,0.395,0.395,0.395,0.395,0.395,0.394,0.394,0.394,0.394,0.394,0.394,0.393,0.393,0.393,0.393,0.393,0.393,0.392,0.392,0.392,0.392,0.392,0.392,0.392,0.392,0.392,0.392,0.391,0.391,0.391,0.391,0.391,0.391,0.39,0.389,0.388,0.387,0.385,0.383,0,0,0.376,0.373,0.371,0.369,0.367,0.366,0.365,0.364,0,0,0,0,0.355,0.353,0.352,0.351,0.349,0.349,0.348,0.347,0.347,0.346,0.346,0.345,0.344,0.343,0.343,0.342,0.341,0.34,0.339,0.338,0.337,0.337,0.336,0.336,0.335,0.335,0.334,0.333,0.333,0.332,0.331,0.331,0.33,0.33,0.329,0.329,0.328,0.328,0.328,0.327,0.327,0.327,0.326,0.326,0.325,0.325,0.324,0.324,0.324,0.323,0.323,0.323,0.322,0.322,0.322,0.321,0.321,0.32,0.319,0.319,0.319,0.318,0.318,0.318,0.318,0.318,0.318,0.318,0.317,0.317,0.317,0.317,0.317,0.317,0.317,0.317,0.317,0.317,0.317,0.316,0.316,0.316,0.315,0.315,0.315,0.314,0.314,0.314,0.314,0.314,0.314,0.314,0.314,0.314,0.314,0.314,0.314,0.314,0.314,0.314,0.314,0.314,0.313,0.313,0.313,0.313,0.313,0.313,0.313,0.312,0.312,0.312,0.312,0.312,0.311,0.311,0.311,0.312,0.312,0.312,0.312,0.312,0.312,0.312,0.312,0.313,0.313,0.313,0.313,0.313,0.313,0.313,0.314,0.314,0.314,0.314,0.315,0.315,0.315,0.315,0.315,0.315,0.316,0.316,0.316,0.316,0.316,0.317,0.317,0.317,0.317,0.317,0.318,0.318,0.318,0.318,0.319,0.319,0.319,0.319,0.32,0.32,0.32,0.321,0.321,0.321,0.322,0.322,0.322,0.323,0.323,0.323,0.324,0.325,0.326,0.327,0.328,0.329,0.33,0.331,0.331,0.332,0.333,0.333,0.333,0,0,0,0.381,0.381,0.381,0.381,0,0,0,0,0.377,0,0,0.376,0.376,0.375,0.375,0.375,0.375,0.375,0.375,0.375,0.375,0.374,0.374,0.374,0.374,0.374,0.374,0.373,0.373,0.373,0.373,0.373,0.373,0.373,0.372,0.372,0.372,0.372,0.373,0.372,0.373,0.373,0.373,0.373,0.373,0.373,0.373,0.373,0.373,0.373,0.373,0.373,0.373,0.374,0.374,0.375,0.376,0.377,0.378,0.379,0.381,0.382,0,0,0,0,0,0,0,0.454,0.452,0.448,0,0,0,0,0,0,0,0,0,0,0,0,0,0,0,0,0,0,1.613,1.6,1.588,1.58,1.576,1.568,1.564,1.56,1.56,1.564,1.568,1.572,0,0.438,0.438,0.438,0.438,0.438,0,0,0,0,0,0,0,0,0,0,0,0,0,0,0.763,0.764,0.765,0.766,0.766,0.767,0.767,0.768,0.769,0.77,0.77,0,0,0,0,0,0,0,0,0,0,0,0,0,0.931,0.927,0.924,0.924,0.923,0.923,0.921,0.921,0.921,0.921,0.923,0,0,0,0,0,0,0,0,0,0,0,0,0,0,0,0,0,0,0,0,0,0,0,0,0,0,0,0,0,0,0,0,0
0,0,0,0,0,0,0,0,0,0,0,0,0,0,0,0,0,0,0,0,0,0,0,0,0,0,0,0,0,0,0,0,0,0,0,0,0,0,0,0,0,0,0,0,0,0,0,0,0,0,0,0,0,0,0,0,0,0,0,0,0,0,0,0,0,0,0,0,0,0,0,0,0,0.4,0.4,0.401,0.401,0.401,0.402,0.402,0.402,0.402,0.402,0.402,0.402,0.402,0.402,0.402,0.402,0.401,0.401,0.401,0.401,0.401,0.401,0.401,0.4,0.4,0.4,0.4,0.399,0.399,0.399,0.399,0.398,0.398,0.398,0.398,0.397,0.397,0.397,0.396,0.396,0.396,0.395,0.395,0.395,0.395,0.395,0.395,0.395,0.395,0.395,0.396,0.396,0.396,0.396,0.396,0.396,0.397,0.397,0.397,0.397,0.397,0.397,0.398,0.398,0.398,0.399,0.399,0.399,0.4,0.401,0.401,0.402,0.402,0.402,0.402,0.402,0.402,0.402,0.402,0.401,0.401,0.401,0.401,0.401,0.401,0.4,0.4,0.4,0.4,0.4,0.399,0.399,0.398,0.398,0.398,0.397,0.397,0.397,0.397,0.397,0.397,0.397,0.397,0.397,0.397,0.397,0.397,0.397,0.397,0.397,0.397,0.397,0.397,0.397,0.396,0.396,0.396,0.396,0.396,0.396,0.396,0.396,0.396,0.396,0.396,0.396,0.396,0.396,0.396,0.396,0.395,0.395,0.395,0.394,0.394,0.394,0.393,0.393,0.393,0.393,0.392,0.392,0.392,0.392,0.392,0.392,0.392,0.392,0.392,0.392,0.391,0.391,0.391,0.391,0.391,0.391,0.391,0.39,0.39,0.39,0.39,0.39,0.39,0.389,0.389,0.389,0.389,0.389,0.388,0.388,0.387,0.386,0.385,0.384,0.382,0.38,0.379,0.377,0.374,0.371,0.369,0.367,0.365,0.364,0.363,0,0,0,0,0.354,0.353,0.351,0.35,0.349,0.349,0.348,0.348,0.347,0.347,0.346,0.345,0.344,0.343,0.342,0.342,0.34,0.34,0.339,0.338,0.337,0.337,0.336,0.336,0.335,0.334,0.334,0.333,0.333,0.332,0.331,0.331,0.33,0.33,0.329,0.329,0.328,0.328,0.328,0.327,0.327,0.327,0.326,0.326,0.325,0.325,0.324,0.324,0.323,0.323,0.323,0.322,0.322,0.322,0.322,0.321,0.32,0.32,0.319,0.319,0.319,0.318,0.318,0.318,0.318,0.318,0.317,0.317,0.317,0.317,0.317,0.317,0.317,0.317,0.317,0.317,0.317,0.317,0.316,0.316,0.316,0.316,0.315,0.315,0.315,0.314,0.314,0.314,0.314,0.314,0.314,0.314,0.314,0.314,0.314,0.314,0.314,0.314,0.314,0.314,0.314,0.313,0.313,0.313,0.313,0.313,0.313,0.313,0.312,0.312,0.312,0.312,0.312,0.311,0.311,0.311,0.311,0.311,0.311,0.312,0.312,0.312,0.312,0.312,0.312,0.312,0.312,0.312,0.313,0.313,0.313,0.313,0.313,0.314,0.314,0.314,0.314,0.315,0.315,0.315,0.315,0.315,0.315,0.316,0.316,0.316,0.316,0.316,0.317,0.317,0.317,0.317,0.317,0.318,0.318,0.318,0.318,0.319,0.319,0.319,0.319,0.32,0.32,0.32,0.321,0.321,0.321,0.322,0.322,0.323,0.323,0.323,0.324,0.324,0.325,0.326,0.327,0.328,0.329,0.329,0.33,0.331,0.331,0.331,0.331,0,0,0,0,0.381,0.38,0.38,0,0.379,0.379,0.377,0,0.375,0.375,0.375,0.375,0.374,0.374,0.374,0.374,0.374,0.374,0.373,0.373,0.373,0.373,0.372,0.372,0.372,0.372,0.372,0.372,0.372,0.371,0.371,0.371,0.371,0.371,0.371,0.371,0.371,0.371,0.371,0.371,0.371,0.371,0.371,0.371,0.371,0.371,0.372,0.371,0.371,0.371,0.371,0.372,0.372,0.373,0.374,0.375,0.376,0.377,0.378,0,0,0,0,0,0,0,0,0,0.455,0,0,0,0,0,0,0,0,0,0,0,0,0,0,0,0,0,0,0,0,0,1.596,1.584,1.576,1.572,1.56,1.56,1.56,1.552,1.556,1.56,1.564,0,0.438,0.438,0.438,0.438,0.438,0,0,0,0,0,0,0,0,0,0,0,0,0,0,0.763,0.764,0.765,0.766,0.766,0.767,0.768,0.768,0.769,0.77,0.77,0,0,0,0,0,0,0,0.983,0.98,0.968,0,0,0,0.934,0.928,0.926,0.923,0.923,0.921,0.921,0.92,0.92,0.92,0.92,0,0,0,0,0,0,0,0,0,0,0,0,0,0,0,0,0,0,0,0,0,0,0,0,0,0,0,0,0,0,0,0,0
0,0,0,0,0,0,0,0,0,0,0,0,0,0,0,0,0,0,0,0,0,0,0,0,0,0,0,0,0,0,0,0,0,0,0,0,0,0,0,0,0,0,0,0,0,0,0,0,0,0,0,0,0,0,0,0,0,0,0,0,0,0,0,0,0,0,0,0,0,0,0,0,0,0.397,0.398,0.398,0.399,0.399,0.4,0.4,0.4,0.4,0.4,0.4,0.4,0.4,0.4,0.4,0.4,0.4,0.399,0.399,0.399,0.399,0.399,0.399,0.399,0.398,0.398,0.398,0.398,0.397,0.397,0.397,0.396,0.396,0.396,0.396,0.396,0.396,0.395,0.395,0.395,0.394,0.394,0.394,0.394,0.394,0.394,0.393,0.393,0.393,0.393,0.394,0.394,0.394,0.394,0.394,0.394,0.394,0.394,0.394,0.394,0.394,0.395,0.395,0.395,0.395,0.396,0.396,0.397,0.398,0.398,0.399,0.399,0.4,0.4,0.401,0.401,0.401,0.401,0.401,0.4,0.4,0.4,0.4,0.399,0.399,0.398,0.398,0.398,0.398,0.398,0.397,0.396,0.396,0.396,0.396,0.395,0.395,0.395,0.395,0.395,0.395,0.395,0.395,0.395,0.395,0.395,0.395,0.395,0.395,0.395,0.395,0.395,0.395,0.395,0.395,0.395,0.395,0.395,0.395,0.395,0.395,0.395,0.395,0.395,0.395,0.395,0.395,0.394,0.394,0.393,0.393,0.392,0.392,0.392,0.391,0.391,0.391,0.391,0.39,0.39,0.39,0.39,0.39,0.39,0.391,0.391,0.391,0.39,0.39,0.39,0.39,0.39,0.39,0.39,0.39,0.389,0.389,0.389,0.389,0.389,0.388,0.388,0.388,0.388,0.387,0.387,0.387,0.387,0.387,0.386,0.386,0.385,0.384,0.383,0.382,0.38,0.379,0.377,0,0.372,0,0.367,0.365,0.363,0.361,0,0,0,0,0.353,0.352,0.351,0.35,0.35,0.349,0.348,0.348,0.347,0.346,0.346,0.345,0.344,0.343,0.342,0.341,0.34,0.34,0.339,0.338,0.337,0.337,0.336,0.335,0.335,0.334,0.334,0.333,0.333,0.332,0.331,0.331,0.33,0.33,0.33,0.329,0.328,0.328,0.328,0.327,0.327,0.327,0.326,0.325,0.325,0.324,0.324,0.324,0.323,0.323,0.323,0.322,0.322,0.322,0.322,0.321,0.32,0.32,0.32,0.319,0.319,0.318,0.318,0.318,0.318,0.318,0.317,0.317,0.317,0.317,0.317,0.317,0.317,0.317,0.317,0.317,0.317,0.317,0.316,0.316,0.316,0.315,0.315,0.315,0.315,0.314,0.314,0.314,0.314,0.314,0.314,0.314,0.314,0.314,0.314,0.314,0.314,0.314,0.314,0.314,0.314,0.314,0.313,0.313,0.313,0.313,0.313,0.313,0.312,0.312,0.312,0.312,0.311,0.311,0.311,0.311,0.311,0.311,0.311,0.312,0.312,0.312,0.312,0.312,0.312,0.312,0.312,0.312,0.312,0.312,0.313,0.313,0.313,0.314,0.314,0.314,0.314,0.314,0.315,0.315,0.315,0.315,0.315,0.316,0.316,0.316,0.316,0.316,0.317,0.317,0.317,0.317,0.317,0.318,0.318,0.318,0.318,0.318,0.319,0.319,0.319,0.319,0.32,0.32,0.32,0.321,0.321,0.321,0.322,0.322,0.323,0.323,0.323,0.324,0.325,0.326,0.326,0.327,0.328,0.328,0.329,0,0.33,0.33,0.33,0,0,0,0,0.38,0.38,0.379,0.379,0,0.376,0.375,0.374,0.373,0.373,0.373,0.372,0.372,0.372,0.372,0.372,0.372,0.372,0.372,0.371,0.371,0.371,0.371,0.371,0.37,0.37,0.37,0.37,0.37,0.37,0.37,0.37,0.37,0.369,0.369,0.369,0.369,0.369,0.369,0.37,0.37,0.37,0.37,0.37,0.37,0.37,0.37,0.37,0.37,0.37,0.37,0.37,0.371,0,0.372,0.373,0.375,0.376,0,0,0,0,0,0,0,0,0,0,0,0,0,0,0,0,0,0,0,0,0,0,0,0,0,0,0,0,0,0,0,0,0,1.58,1.576,1.572,1.556,1.556,1.552,1.552,1.548,1.556,1.56,0,0.438,0.438,0.438,0.438,0.438,0,0,0,0,0,0,0,0,0,0,0,0,0,0,0.764,0.764,0.765,0.766,0.766,0.767,0.768,0.769,0,0,0,0,0,0,0,0,0,0,0,0.982,0.969,0.957,0,0,0.937,0.931,0.927,0.923,0.921,0.92,0.92,0.92,0.919,0.919,0.917,0,0,0,0,0,0,0,0,0,0,0.934,0.933,0,0,0,0,0,0,0,0,0,0,0,0,0,0,0,0,0,0,0,0,0
0,0,0,0,0,0,0,0,0,0,0,0,0,0,0,0,0,0,0,0,0,0,0,0,0,0,0,0,0,0,0,0,0,0,0,0,0,0,0,0,0,0,0,0,0,0,0,0,0,0,0,0,0,0,0,0,0,0,0,0,0,0,0,0,0,0,0,0,0,0,0,0,0,0.394,0.395,0.395,0.396,0.396,0.397,0.397,0.397,0.397,0.397,0.397,0.397,0.397,0.398,0,0.397,0.397,0.397,0.397,0.397,0.397,0.397,0.397,0.396,0.396,0.396,0.396,0.395,0.395,0.395,0.395,0.394,0.395,0.395,0.394,0.394,0.394,0.394,0.393,0.393,0.393,0.393,0.392,0.393,0.392,0.392,0.392,0.392,0.392,0.392,0.392,0.392,0.392,0.392,0.392,0.392,0.392,0.392,0.392,0.392,0.392,0.392,0.393,0.393,0.393,0.393,0.394,0.394,0.395,0.395,0.396,0.397,0.398,0.398,0.399,0.399,0.399,0.399,0.399,0.398,0.398,0.398,0.398,0.397,0.396,0.396,0.396,0.396,0.395,0.395,0.394,0.394,0.394,0.393,0.393,0.393,0.393,0.393,0.393,0.393,0.393,0.394,0.394,0.394,0.394,0.394,0.394,0.394,0.394,0.394,0.394,0.394,0.394,0.394,0.394,0.394,0.393,0.394,0.394,0.394,0.394,0.393,0.393,0.393,0.393,0.392,0.392,0.392,0.391,0.391,0.39,0.39,0.39,0.389,0.389,0.389,0.389,0.388,0.388,0.388,0.388,0.388,0.388,0.388,0.389,0.389,0.389,0.389,0.389,0.389,0.389,0.389,0.389,0.388,0.388,0.388,0.388,0.388,0.387,0.387,0.387,0.387,0.386,0.386,0.386,0.385,0.385,0.385,0.385,0.384,0.384,0.383,0.383,0.382,0.381,0.38,0.379,0.377,0,0.372,0,0,0.365,0.363,0.36,0,0,0,0.354,0.353,0.352,0.351,0.35,0.35,0.349,0.349,0.348,0.347,0.346,0.346,0.345,0.344,0.343,0.342,0.341,0.341,0.34,0.339,0.338,0.337,0.337,0.336,0.335,0.335,0.334,0.334,0.333,0.333,0.332,0.331,0.331,0.33,0.33,0.33,0.329,0.328,0.328,0.328,0.327,0.327,0.327,0.326,0.325,0.325,0.324,0.324,0.323,0.323,0.323,0.323,0.322,0.322,0.322,0.321,0.321,0.321,0.32,0.32,0.319,0.319,0.319,0.318,0.318,0.318,0.317,0.317,0.317,0.317,0.317,0.317,0.317,0.317,0.317,0.317,0.317,0.317,0.316,0.316,0.316,0.316,0.315,0.315,0.315,0.315,0.314,0.314,0.314,0.314,0.314,0.314,0.314,0.314,0.314,0.314,0.314,0.314,0.314,0.314,0.314,0.314,0.314,0.313,0.313,0.313,0.313,0.313,0.312,0.312,0.312,0.312,0.312,0.311,0.311,0.311,0.311,0.311,0.311,0.311,0.311,0.311,0.312,0.312,0.312,0.312,0.312,0.312,0.312,0.312,0.312,0.312,0.313,0.313,0.313,0.314,0.314,0.314,0.314,0.315,0.315,0.315,0.315,0.315,0.315,0.316,0.316,0.316,0.316,0.317,0.317,0.317,0.317,0.317,0.317,0.318,0.318,0.318,0.318,0.318,0.319,0.319,0.319,0.319,0.32,0.32,0.32,0.321,0.321,0.322,0.322,0.322,0.323,0.323,0.324,0.324,0.325,0.326,0.326,0.327,0.328,0.328,0.329,0.329,0.329,0.329,0,0,0,0,0,0.377,0.377,0.376,0.374,0,0.372,0.37,0.37,0.37,0.37,0.37,0.37,0.37,0.37,0.37,0.371,0.37,0.37,0.37,0.37,0.37,0.37,0.369,0.369,0.369,0.369,0.368,0.368,0.368,0.368,0.368,0.368,0.368,0.368,0.368,0.367,0.367,0.367,0.367,0.368,0.368,0.368,0,0.368,0.368,0.368,0.368,0.368,0.368,0.368,0.369,0.37,0.37,0.371,0.372,0.373,0.375,0,0,0,0,0,0,0,0,0,0,0,0,0,0,0,0,0,0,0,0,0,0,0,0,0,0,0,0,0,0,0,0,0,1.58,1.572,1.568,1.556,1.552,1.548,1.548,1.548,1.548,1.552,0,0.438,0.438,0.438,0.438,0.438,0,0,0,0,0,0,0,0,0,0,0,0,0,0,0.764,0.764,0.765,0.766,0.766,0.767,0.768,0,0,0,0,0,0,0,0,0,0,0,0.988,0.982,0.972,0,0.954,0.948,0.938,0.933,0.928,0.923,0.921,0.92,0.919,0.919,0.916,0.915,0.912,0,0,0,0,0,0,0,0,0,0.915,0.916,0.917,0.92,0.915,0.915,0,0,0,0,0,0,0,0,0,0,0,0,0,0,0,0,0,0
0,0,0,0,0,0,0,0,0,0,0,0,0,0,0,0,0,0,0,0,0,0,0,0,0,0,0,0,0,0,0,0,0,0,0,0,0,0,0,0,0,0,0,0,0,0,0,0,0,0,0,0,0,0,0,0,0,0,0,0,0,0,0,0,0,0,0,0,0,0,0,0,0.392,0.392,0.393,0.393,0.394,0.394,0.394,0.394,0.394,0.394,0.394,0.394,0.394,0.395,0.395,0.395,0.395,0.394,0.394,0.395,0.395,0.395,0.394,0.394,0.394,0.394,0.394,0.393,0.393,0.393,0.393,0.393,0.393,0.393,0.393,0.392,0.392,0.392,0.392,0.392,0.392,0.391,0.391,0.391,0.391,0.391,0.391,0.391,0.39,0.39,0.39,0.39,0.39,0.39,0.39,0.39,0.39,0.39,0.39,0.39,0.39,0.39,0.39,0.39,0.391,0.391,0.391,0.391,0.392,0.393,0.393,0.394,0.395,0.395,0.395,0.396,0.396,0.397,0.397,0.396,0.396,0.396,0.395,0.395,0.395,0.394,0.394,0.393,0.393,0.393,0.393,0.392,0.392,0.391,0.391,0.391,0.391,0.391,0.391,0.391,0.392,0.392,0.392,0.392,0.392,0.393,0.393,0.393,0.393,0.393,0.393,0.393,0.393,0.393,0.393,0.393,0.393,0.392,0.392,0.392,0.392,0.392,0.392,0.391,0.391,0.391,0.39,0.39,0.389,0.389,0.388,0.388,0.388,0.387,0.387,0.387,0.387,0.387,0.386,0.386,0.387,0.387,0.387,0.387,0.387,0.387,0.387,0.387,0.387,0.387,0.387,0.387,0.387,0.387,0.387,0.387,0.387,0.386,0.386,0.386,0.386,0.385,0.385,0.384,0.384,0.384,0.384,0.383,0.383,0.383,0.382,0.382,0.382,0.381,0.381,0.381,0.379,0.378,0.377,0,0.372,0,0,0.364,0.363,0.36,0.358,0.356,0.355,0.354,0.353,0.352,0.351,0.35,0.35,0.349,0.349,0.348,0.347,0.346,0.346,0.345,0.344,0.343,0.342,0.341,0.341,0.34,0.339,0.338,0.337,0.337,0.336,0.335,0.335,0.334,0.334,0.333,0.333,0.332,0.332,0.331,0.33,0.33,0.33,0.329,0.328,0.328,0.328,0.327,0.327,0.326,0.326,0.325,0.325,0.324,0.324,0.324,0.323,0.323,0.323,0.322,0.322,0.322,0.322,0.321,0.321,0.32,0.32,0.319,0.319,0.319,0.318,0.318,0.318,0.318,0.317,0.317,0.317,0.317,0.317,0.317,0.317,0.317,0.317,0.316,0.316,0.316,0.316,0.316,0.315,0.315,0.315,0.315,0.314,0.314,0.314,0.314,0.314,0.314,0.314,0.314,0.314,0.314,0.314,0.314,0.314,0.314,0.314,0.314,0.314,0.314,0.314,0.313,0.313,0.313,0.313,0.312,0.312,0.312,0.312,0.311,0.311,0.311,0.311,0.311,0.311,0.311,0.311,0.311,0.311,0.311,0.311,0.312,0.312,0.312,0.312,0.312,0.312,0.312,0.312,0.313,0.313,0.313,0.313,0.314,0.314,0.314,0.314,0.315,0.315,0.315,0.315,0.315,0.315,0.316,0.316,0.316,0.316,0.317,0.317,0.317,0.317,0.317,0.317,0.318,0.318,0.318,0.318,0.318,0.319,0.319,0.319,0.319,0.32,0.32,0.32,0.321,0.321,0.322,0.322,0.322,0.323,0.323,0.324,0.325,0.326,0.326,0.327,0.327,0.328,0.328,0.329,0.329,0,0,0,0,0,0,0.374,0.373,0.372,0.371,0.37,0,0.367,0.368,0.368,0.368,0.368,0.368,0.368,0.369,0.369,0.369,0.369,0.369,0.368,0.368,0.368,0.368,0.368,0.368,0.367,0.367,0.367,0.367,0.367,0.367,0.366,0.366,0.366,0.366,0.366,0.366,0.366,0.365,0.365,0.365,0.365,0.365,0.365,0.366,0.366,0.366,0.366,0.366,0.366,0.367,0.367,0.368,0.369,0.37,0.37,0.371,0,0,0,0,0,0,0,0,0,0,0,0,0,0,0,0,0,0,0,0,0,0,0,0,0,0,0,0,0,0,0,0,0,1.592,1.58,1.572,1.568,1.556,1.548,1.548,1.544,1.544,1.544,1.548,0,0,0,0,0,0,0,0,0,0,0,0,0,0,0,0,0,0,0,0,0.763,0.764,0.765,0.766,0.766,0,0.769,0.771,0,0,0,0,0,0,1.029,1.029,1.023,1.009,0.991,0.983,0.975,0.968,0.959,0.951,0.944,0.935,0.928,0.924,0.92,0.919,0.919,0.917,0.916,0.913,0.909,0,0,0,0,0,0,0,0,0.896,0.901,0.902,0.901,0.902,0.9,0.9,0.901,0,0,0,0,0,0,0,0,0,0,0,0,0,0,0,0,0
0,0,0,0,0,0,0,0,0,0,0,0,0,0,0,0,0,0,0,0,0,0,0,0,0,0,0,0,0,0,0,0,0,0,0,0,0,0,0,0,0,0,0,0,0,0,0,0,0,0,0,0,0,0,0,0,0,0,0,0,0,0,0,0,0,0,0,0,0.387,0.388,0.388,0.389,0.39,0.39,0.39,0.391,0.391,0.392,0.392,0.392,0.392,0.392,0.392,0.392,0.392,0.392,0.392,0.392,0.392,0.392,0.392,0.392,0.392,0.392,0.392,0.392,0.392,0.392,0.391,0.391,0.391,0.391,0.391,0.391,0.391,0.391,0.391,0.391,0.39,0.39,0.39,0.39,0.39,0.39,0.39,0.39,0.39,0.389,0.389,0.389,0.389,0.389,0.389,0.388,0.388,0.388,0.388,0.388,0.388,0.388,0.388,0.387,0.387,0.388,0.388,0.388,0.388,0.389,0.389,0.389,0.39,0.39,0.391,0.392,0.392,0.393,0.393,0.394,0.394,0.394,0.394,0.394,0.394,0.393,0.393,0.393,0.392,0.391,0.391,0.391,0.39,0.39,0.39,0.389,0.389,0.389,0.389,0.389,0.389,0.389,0.389,0.389,0.389,0.39,0.39,0.39,0.391,0.391,0.391,0.391,0.391,0.391,0.391,0.391,0.391,0.391,0.391,0.391,0.39,0.39,0.39,0.39,0.39,0.39,0.39,0.389,0.389,0.388,0.388,0.388,0.387,0.387,0.387,0.386,0.386,0.385,0.385,0.385,0.385,0.385,0.384,0.385,0.385,0.385,0.385,0.385,0.385,0.385,0.385,0.386,0.386,0.386,0.386,0.386,0.386,0.386,0.385,0.385,0.385,0.385,0.384,0.384,0.384,0.383,0.383,0.382,0.382,0.382,0.382,0.381,0.381,0.381,0.381,0.381,0.381,0.38,0.38,0.379,0.378,0.377,0.377,0.375,0.373,0,0,0,0.362,0.36,0.358,0.356,0.355,0.354,0.353,0.352,0.351,0.35,0.35,0.349,0.349,0.348,0.347,0.346,0.345,0.345,0.344,0.343,0.342,0.341,0.34,0.34,0.339,0.338,0.337,0.337,0.336,0.335,0.335,0.334,0.334,0.334,0.333,0.333,0.332,0.331,0.331,0.33,0.329,0.329,0.328,0.328,0.327,0.327,0.327,0.326,0.326,0.325,0,0.324,0.324,0.323,0.323,0.323,0.323,0.322,0.322,0.322,0.322,0.321,0.321,0.32,0.32,0.32,0.319,0.319,0.318,0.318,0.318,0.317,0.317,0.317,0.317,0.317,0.317,0.317,0.316,0.316,0.316,0.316,0.316,0.316,0.316,0.316,0.315,0.315,0.315,0.315,0.314,0.314,0.314,0.314,0.314,0.314,0.314,0.314,0.314,0.314,0.314,0.314,0.314,0.314,0.314,0.314,0.314,0.314,0.314,0.313,0.313,0.313,0.313,0.312,0.312,0.312,0.312,0.312,0.311,0.311,0.311,0.311,0.311,0.311,0.311,0.311,0.311,0.311,0.311,0.312,0.312,0.312,0.312,0.312,0.312,0.312,0.312,0.313,0.313,0.313,0.313,0.314,0.314,0.314,0.314,0.314,0.315,0.315,0.315,0.315,0.315,0.316,0.316,0.316,0.316,0.317,0.317,0.317,0.317,0.317,0.317,0.317,0.318,0.318,0.318,0.318,0.318,0.318,0.319,0.319,0.319,0.32,0.32,0.32,0.321,0.321,0.322,0.322,0.323,0.323,0.324,0.325,0.325,0.326,0.327,0.327,0.328,0.328,0.329,0,0,0,0,0,0,0,0.372,0.37,0,0,0,0,0,0.366,0.366,0.367,0.367,0.367,0.367,0.367,0.367,0.367,0.367,0.367,0.367,0.367,0.367,0.367,0.366,0.366,0.366,0.366,0.366,0.365,0.365,0.365,0.365,0.365,0.364,0.364,0.364,0.364,0.363,0.363,0.363,0.363,0.363,0.363,0.363,0.364,0.364,0.365,0.365,0.365,0.365,0.366,0.366,0.367,0.368,0.369,0.369,0,0,0,0,0,0,0,0,0,0,0,0,0,0,0,0,0,0,0,0,0,0,0,0,0,0,0,0,0,0,0,0,0,0,1.58,1.568,1.564,1.556,1.548,1.544,1.544,1.54,1.54,1.54,1.544,0,0,0,0,0,0,0,0,0,0,0,0,0,0,0,0,0,0,0,0,0.764,0.764,0.765,0.766,0.767,0,0,0,0,0,0,0,0,0,1.029,1.024,1.017,1.006,0.993,0.986,0.98,0.971,0.965,0.956,0.948,0.938,0.931,0.924,0.92,0.917,0.917,0.916,0.915,0.91,0.906,0,0,0,0,0,0,0,0,0.886,0,0.888,0.887,0.886,0.884,0.88,0.88,0,0,0,0,0,0,0,0,0,0,0,0,0,0,0,0,0
0,0,0,0,0,0,0,0,0,0,0,0,0,0,0,0,0,0,0,0,0,0,0,0,0,0,0,0,0,0,0,0,0,0,0,0,0,0,0,0,0,0,0,0,0,0,0,0,0,0,0,0,0,0,0,0,0,0,0,0,0,0,0,0,0,0,0,0.386,0.386,0.387,0.387,0.387,0.387,0.388,0.388,0.388,0.388,0.389,0.389,0.389,0.389,0.389,0.389,0.389,0.389,0.389,0.39,0.39,0.39,0.39,0.39,0.39,0.39,0.39,0.39,0.39,0.389,0.389,0.389,0.389,0.389,0.389,0.389,0.389,0.389,0.389,0.388,0.388,0.388,0.388,0.388,0.388,0.388,0.388,0.388,0.388,0.388,0.388,0.387,0.387,0.387,0.387,0.387,0.387,0.387,0.386,0.386,0.386,0.386,0.386,0.386,0.386,0.386,0.386,0.386,0.386,0.386,0.387,0.387,0.387,0.387,0.388,0.389,0.389,0,0,0.391,0.391,0.392,0.392,0.392,0.391,0.391,0.391,0.39,0.39,0.389,0.389,0.388,0.388,0.388,0.387,0.387,0.387,0.387,0.386,0.387,0.386,0.387,0.387,0.387,0.387,0.387,0.388,0.388,0.388,0.389,0.389,0.389,0.389,0.39,0.39,0.389,0.389,0.389,0.389,0.389,0.388,0.388,0.388,0.388,0.388,0.388,0.387,0.387,0.387,0.387,0.387,0.386,0.386,0.385,0.385,0.385,0.384,0.384,0.383,0.383,0.383,0.383,0.383,0.383,0.383,0.383,0.383,0.383,0.383,0.383,0.383,0.384,0.384,0.384,0.384,0.385,0.385,0.384,0.384,0.384,0.384,0.383,0.383,0.383,0.382,0.382,0.381,0.381,0.381,0.38,0.38,0.38,0.38,0.38,0.379,0.379,0.379,0.379,0.379,0.378,0.378,0.377,0.377,0.376,0.375,0.372,0,0,0,0.362,0.36,0.358,0.356,0.355,0.354,0.353,0.353,0.352,0.351,0.35,0.349,0.349,0.348,0.347,0.346,0.345,0.345,0.344,0.343,0.342,0.341,0.34,0.34,0.339,0.338,0.337,0.337,0.336,0.336,0.335,0.335,0.334,0.334,0.333,0.333,0.332,0.331,0.331,0.33,0.329,0.329,0.328,0.328,0.327,0.327,0.327,0.326,0.325,0.325,0,0.324,0.323,0.323,0.323,0.323,0.323,0.322,0.322,0.322,0.322,0.321,0.321,0.32,0.32,0.32,0.319,0.319,0.319,0.318,0.318,0.317,0.317,0.317,0.317,0.317,0.316,0.316,0.316,0.316,0.316,0.316,0.316,0.316,0.316,0.315,0.315,0.315,0.315,0.315,0.314,0.314,0.314,0.314,0.314,0.314,0.314,0.314,0.314,0.314,0.314,0.314,0.314,0.314,0.314,0.314,0.314,0.314,0.314,0.313,0.313,0.313,0.313,0.312,0.312,0.312,0.312,0.312,0.311,0.311,0.311,0.311,0.311,0.311,0.311,0.311,0.311,0.311,0.311,0.311,0.311,0.312,0.312,0.312,0.312,0.312,0.312,0.312,0.313,0.313,0.313,0.313,0.314,0.314,0.314,0.314,0.314,0.315,0.315,0.315,0.315,0.315,0.316,0.316,0.316,0.317,0.317,0.317,0.317,0.317,0.317,0.317,0.318,0.318,0.318,0.318,0.318,0.318,0.318,0.319,0.319,0.319,0.32,0.32,0.321,0.321,0.322,0.322,0.322,0.323,0.324,0.324,0.325,0.325,0.326,0.327,0.328,0.328,0,0,0.329,0,0,0,0,0,0,0,0,0,0.365,0.365,0.365,0.364,0.365,0.365,0.365,0.365,0.365,0.366,0.366,0.366,0.366,0.366,0.366,0.365,0.365,0.365,0.365,0.365,0.365,0.364,0.364,0.364,0.364,0.363,0.363,0.363,0.363,0.362,0.362,0.362,0.362,0.361,0.361,0.361,0.361,0.362,0.362,0.362,0.362,0.363,0.363,0.364,0.365,0.365,0.365,0.366,0.367,0.367,0,0,0,0,0,0,0,0,0,0,0,0,0,0,0,0,0,0,0,0,0,0,0,0,0,0,0,0,0,0,0,0,0,0,0,0,0,1.56,1.556,1.548,1.544,1.544,1.544,1.544,1.544,1.548,0,0,0,0,0,0,0,0,0,0,0,0,0,0,0,0,0,0,0,0,0,0.764,0.765,0.765,0,0,0,0,0,0,0,0,0,0,1.031,1.024,1.019,1.007,0.996,0.99,0.982,0.975,0.968,0.96,0.951,0.941,0.931,0.923,0.919,0.915,0.915,0.915,0.912,0.909,0.904,0,0,0,0,0.868,0.868,0.873,0.873,0,0,0.877,0.875,0.875,0.872,0.87,0.869,0,0,0,0,0,0,0,0,0,0,0,0,0,0,0,0,0
0,0,0,0,0,0,0,0,0,0,0,0,0,0,0,0,0,0,0,0,0,0,0,0,0,0,0,0,0,0,0,0,0,0,0,0,0,0,0,0,0,0,0,0,0,0,0,0,0,0,0,0,0,0,0,0,0,0,0,0,0,0,0,0,0,0,0.385,0.385,0.385,0.385,0.386,0.386,0.386,0.386,0.386,0.386,0.386,0.387,0.387,0.387,0.387,0.387,0.387,0.387,0.387,0.388,0.388,0.388,0.388,0.388,0.388,0.388,0.388,0.388,0.388,0.387,0.387,0.387,0.387,0.387,0.387,0.387,0.387,0.387,0.387,0.387,0.387,0.386,0.386,0.386,0.386,0.386,0.386,0.386,0.386,0.386,0.386,0.386,0.386,0.386,0.386,0.385,0.385,0.385,0.385,0.384,0.384,0.384,0.384,0.384,0.384,0.384,0.384,0.384,0.384,0.384,0.384,0.385,0.385,0.385,0.386,0.386,0.387,0.387,0.387,0.388,0.388,0.389,0.389,0.389,0.389,0.389,0.389,0.388,0.388,0.387,0.387,0.386,0.386,0.386,0.385,0.385,0.385,0.385,0.385,0.385,0.385,0.385,0.385,0.385,0.385,0.385,0.386,0.386,0.386,0.387,0.387,0.387,0.387,0.388,0.388,0.388,0.387,0.387,0.387,0.387,0.387,0.386,0.386,0.386,0.386,0.386,0.386,0.385,0.385,0.385,0.385,0.384,0.384,0.384,0.383,0.383,0.383,0.383,0.383,0.382,0.382,0.382,0.382,0.381,0.381,0.381,0.381,0.381,0.381,0.382,0.382,0.382,0.382,0.382,0.383,0.383,0.383,0.383,0.383,0.383,0.383,0.382,0.381,0.381,0.381,0.38,0.38,0.38,0.379,0.379,0.379,0.378,0.378,0.378,0.378,0.378,0.378,0.377,0.377,0.377,0.377,0.376,0.376,0.375,0.375,0.374,0.372,0.37,0.367,0.365,0,0.36,0.358,0.356,0.355,0.355,0.354,0.353,0,0.351,0.35,0.35,0.349,0.348,0.347,0.346,0.345,0.344,0.344,0.343,0.342,0.341,0.34,0.34,0.339,0.338,0.338,0.337,0.337,0.336,0.335,0.335,0.334,0.334,0.333,0.333,0.332,0.331,0.331,0.33,0.329,0.329,0.328,0.328,0.327,0.327,0.326,0.326,0.325,0.324,0.324,0.324,0.323,0.323,0.323,0.323,0.322,0.322,0.322,0.322,0.322,0.321,0.321,0.32,0.32,0.32,0.32,0.319,0.319,0.318,0.318,0.317,0.317,0.317,0.317,0.317,0.316,0.316,0.316,0.316,0.316,0.316,0.316,0.316,0.315,0.315,0.315,0.315,0.315,0.314,0.314,0.314,0.314,0.314,0.314,0.314,0.314,0.314,0.314,0.314,0.314,0.314,0.314,0.314,0.314,0.314,0.314,0.314,0.314,0.313,0.313,0.313,0.313,0.312,0.312,0.312,0.312,0.311,0.311,0.311,0.311,0.311,0.311,0.311,0.311,0.311,0.311,0.311,0.311,0.311,0.311,0.312,0.312,0.312,0.312,0.312,0.312,0.312,0.312,0.313,0.313,0.313,0.313,0.313,0.314,0.314,0.314,0.314,0.315,0.315,0.315,0.315,0.316,0.316,0.316,0.316,0.317,0.317,0.317,0.317,0.317,0.317,0.317,0.318,0.318,0.318,0.318,0.318,0.318,0.318,0.319,0.319,0.32,0.32,0.32,0.321,0.321,0.322,0.322,0.323,0.323,0.324,0.325,0.325,0.326,0.327,0.327,0,0,0.329,0,0,0,0,0,0,0,0,0,0.363,0.363,0.363,0.363,0.363,0.363,0.364,0.364,0.364,0,0.364,0.365,0.365,0.364,0.364,0.364,0.364,0.364,0.364,0.364,0.363,0.363,0.363,0.363,0.362,0.362,0.362,0.362,0.361,0.361,0.361,0.36,0.36,0.36,0.36,0.359,0.359,0.359,0.36,0.36,0.36,0.361,0.361,0.362,0.363,0.363,0.364,0.365,0.365,0.366,0,0,0,0,0,0,0,0,0,0,0,0,0,0,0,0,0,0,0,0,0,0,0,0,0,0,0,0,0,0,0,0,0,0,0,0,0,0,0,0,1.548,1.544,1.548,1.544,1.548,1.548,1.548,0,0,0,0,0,0,0,0,0,0,0,0,0,0,0,0,0,0,0,0,0,0,0,0,0,0,0,0,0,0,0,0,0,0,1.042,0,1.014,1.004,0.996,0.99,0.983,0.977,0.971,0.962,0.956,0.943,0.931,0.921,0.917,0.913,0.912,0.91,0.909,0.904,0.898,0,0,0.88,0.873,0.862,0.862,0,0,0,0.866,0.866,0,0.864,0.863,0.862,0,0,0,0,0,0,0,0,0,0,0,0,0,0,0,0,0,0
0,0,0,0,0,0,0,0,0,0,0,0,0,0,0,0,0,0,0,0,0,0,0,0,0,0,0,0,0,0,0,0,0,0,0,0,0,0,0,0,0,0,0,0,0,0,0,0,0,0,0,0,0,0,0,0,0,0,0,0,0,0,0,0,0,0.383,0.384,0.383,0.384,0.384,0.384,0.384,0.384,0.384,0.384,0.385,0.385,0.385,0.385,0.385,0.385,0.385,0.385,0.386,0.386,0.386,0.386,0.386,0.386,0.386,0.386,0.386,0.386,0.386,0.386,0.385,0.385,0.385,0.385,0.385,0.385,0.385,0.385,0.385,0.385,0.385,0.385,0.385,0.384,0.384,0.385,0.385,0.385,0.385,0.384,0.384,0.384,0.384,0.384,0.384,0.384,0.383,0.383,0.383,0.383,0.383,0.383,0.382,0.382,0.382,0.382,0.382,0.382,0.383,0.383,0.383,0.383,0.383,0.383,0.384,0.384,0.384,0.385,0.385,0.385,0.386,0.386,0.387,0.387,0.387,0.387,0.387,0.386,0.386,0.386,0.385,0.385,0.384,0.384,0.383,0.383,0.383,0.383,0.383,0.383,0.383,0.383,0.383,0.383,0.383,0.383,0.383,0.384,0.384,0.384,0.385,0.385,0.385,0.386,0.386,0.386,0.385,0.385,0.385,0.385,0.384,0.384,0.384,0.384,0.383,0.383,0.383,0.383,0.383,0.383,0.382,0.382,0.382,0.382,0.382,0.382,0.382,0.382,0.381,0.381,0.381,0.381,0.381,0.381,0.38,0.38,0.38,0.38,0.38,0.38,0.38,0.381,0.381,0.381,0.381,0.381,0.381,0.381,0.381,0.381,0.381,0.381,0.38,0.38,0.379,0.379,0.379,0.378,0.378,0.378,0.377,0.377,0.377,0.377,0.377,0.376,0.376,0.376,0.376,0.376,0.375,0.375,0.375,0.374,0.374,0.373,0.372,0.371,0.369,0.367,0,0,0,0.359,0.357,0.356,0.355,0.354,0.353,0.352,0.351,0.351,0.35,0.349,0.348,0.348,0.346,0.345,0.345,0.344,0.343,0.342,0.341,0.34,0.34,0.339,0.338,0.338,0.337,0.337,0.336,0.335,0.335,0.334,0.334,0.333,0.333,0.332,0.331,0.331,0.33,0.329,0.329,0.328,0.328,0.327,0.327,0.326,0.326,0.325,0.324,0.324,0.323,0.323,0.323,0.323,0,0,0.322,0.322,0.322,0.322,0.321,0.321,0.32,0.32,0.32,0.32,0.319,0.319,0.318,0.318,0.317,0.317,0.317,0.317,0.317,0.316,0.316,0,0,0,0.316,0.316,0.315,0.315,0.315,0.315,0.315,0.315,0.314,0.314,0.314,0.315,0.315,0.314,0.314,0.314,0.314,0.314,0.314,0.314,0.314,0.314,0.314,0.314,0.314,0.314,0.314,0.314,0.313,0.313,0.313,0.313,0.312,0.312,0.312,0.312,0.312,0.311,0.311,0.311,0.311,0.311,0.311,0.311,0.311,0.311,0.311,0.311,0.311,0.311,0.311,0.312,0.312,0.312,0.312,0.312,0.312,0.312,0.312,0.313,0.313,0.313,0.313,0.313,0.314,0.314,0.314,0.314,0.315,0.315,0.315,0.315,0.316,0.316,0.316,0.316,0.316,0.317,0.317,0.317,0.317,0.317,0.317,0.318,0.318,0.318,0.318,0.318,0.318,0.319,0.319,0.319,0.32,0.32,0.321,0.321,0.322,0.322,0.323,0.323,0.324,0.324,0.325,0.326,0.326,0.327,0.327,0.327,0.329,0,0,0,0,0,0,0,0,0.36,0.36,0.361,0.361,0.361,0.362,0.362,0.362,0.362,0.363,0.363,0.363,0.363,0.363,0.363,0.363,0.363,0.363,0.363,0.362,0.362,0.362,0.362,0.362,0.362,0.361,0.361,0.36,0.36,0.36,0.359,0.359,0.359,0.359,0.358,0.358,0.358,0.358,0.358,0.358,0.359,0.359,0.36,0.361,0.362,0.363,0.363,0.364,0.365,0.365,0,0,0,0,0,0,0,0,0,0,0,0,0,0,0,0,0,0,0,0,0,0,0,0,0,0,0,0,0,0,0,0,0,0,0,0,0,0,0,0,0,0,1.544,1.548,1.548,1.548,0,1.548,0,0,0,0,0,0,0,0,0,0,0,0,0,0,0,0,0,0,0,0,0,0,0,0,0,0,0,0,0,0,0,0,0,0,1.038,0,0,1.001,0.998,0.991,0.985,0.98,0.974,0.965,0.957,0,0,0.921,0.916,0.913,0.912,0.91,0.908,0.902,0.897,0,0,0,0,0.858,0.857,0,0,0,0.856,0.855,0.856,0.856,0.854,0.852,0.852,0,0,0,0,0,0,0,0,0,0,0,0,0,0,0,0,0
0,0,0,0,0,0,0,0,0,0,0,0,0,0,0,0,0,0,0,0,0,0,0,0,0,0,0,0,0,0,0,0,0,0,0,0,0,0,0,0,0,0,0,0,0,0,0,0,0,0,0,0,0,0,0,0,0,0,0,0,0,0,0,0,0,0,0.382,0.382,0.382,0.383,0.383,0.383,0.383,0.383,0.383,0.383,0.383,0.383,0.383,0.383,0.383,0.384,0.384,0.384,0.384,0.384,0.384,0.384,0.384,0.384,0.384,0.384,0.384,0.384,0.384,0.384,0.383,0.383,0.383,0.383,0.383,0.383,0.383,0.383,0.383,0.383,0.383,0.383,0.382,0.383,0.383,0.383,0.383,0.383,0.383,0.383,0.383,0.383,0.382,0.382,0.382,0.382,0.382,0.381,0.381,0.381,0.381,0.381,0.381,0.381,0.381,0.381,0.381,0.381,0.381,0.382,0.382,0.382,0.382,0.382,0.383,0.383,0.383,0.383,0.383,0.384,0.384,0.384,0.384,0.385,0.385,0.384,0.384,0.384,0.384,0.383,0.383,0.382,0.382,0.382,0.381,0.381,0.381,0.381,0.381,0.381,0.381,0.381,0.381,0.381,0.381,0.382,0.382,0.382,0.383,0.383,0.383,0.383,0.383,0.383,0.383,0.383,0.383,0.382,0.382,0.382,0.382,0.381,0.381,0.381,0.381,0.381,0.381,0.381,0.38,0.38,0.38,0.38,0.38,0.38,0.38,0.38,0.38,0.38,0.38,0.38,0.38,0.38,0.379,0.379,0.379,0.379,0.379,0.379,0.379,0.379,0.379,0.379,0.379,0.379,0.379,0.379,0.379,0.379,0.379,0.378,0.378,0.378,0.377,0.377,0.377,0.377,0.376,0.376,0.376,0.376,0.375,0.375,0.375,0.375,0.375,0.375,0.374,0.374,0.374,0.374,0.374,0.373,0.373,0.372,0.372,0.371,0.37,0.369,0.367,0,0,0,0.359,0.358,0.356,0.355,0.355,0.354,0.352,0.351,0.351,0.35,0.349,0.349,0.348,0.347,0.346,0.345,0.344,0.343,0.342,0.341,0.34,0.34,0.339,0.339,0.338,0.338,0.337,0.336,0.336,0.335,0.334,0.334,0.334,0.333,0.332,0,0,0,0.33,0.329,0.329,0.328,0.328,0.327,0.326,0.326,0.325,0.324,0.324,0.323,0.323,0.323,0.323,0,0,0,0.322,0.322,0.322,0.321,0.321,0.321,0.32,0.32,0.32,0.319,0.319,0.318,0.318,0,0.317,0.317,0.317,0.317,0.316,0.316,0,0,0.316,0.315,0.315,0.315,0.315,0.315,0.315,0.315,0.315,0.314,0.314,0.314,0.314,0.314,0.314,0.314,0.314,0.314,0.314,0.314,0.314,0.314,0.314,0.314,0.314,0.314,0.314,0.313,0.313,0.313,0.313,0.313,0.313,0.312,0.312,0.312,0.312,0.312,0.312,0.311,0.311,0.311,0.311,0.311,0.311,0.311,0.311,0.311,0.311,0.311,0.311,0.311,0.312,0.312,0.312,0.312,0.312,0.312,0.312,0.312,0.313,0.313,0.313,0.313,0.313,0.314,0.314,0.314,0.314,0.315,0.315,0.315,0.315,0.315,0.316,0.316,0.316,0.316,0.316,0.317,0.317,0.317,0.317,0.317,0.317,0.318,0.318,0.318,0.318,0.318,0.318,0.319,0.319,0.32,0.32,0.321,0.321,0.322,0.322,0.323,0.323,0.324,0.324,0.325,0.325,0.326,0.327,0.327,0.328,0.33,0.332,0,0,0,0,0,0,0.356,0.357,0.358,0.359,0.359,0.36,0.36,0.361,0.361,0.361,0.361,0.362,0.362,0.362,0.362,0.362,0.362,0.362,0.362,0.362,0.362,0.361,0.361,0.361,0.36,0.36,0.36,0.359,0.359,0.358,0.358,0.358,0.358,0.357,0.357,0.357,0.357,0.357,0.357,0.357,0.357,0.358,0.358,0.359,0.36,0.361,0.362,0.363,0.363,0.364,0.365,0,0,0,0,0,0,0,0,0,0,0,0,0,0,0,0,0,0,0,0,0,0,0,0,0,0,0,0,0,0,0,0,0,0,0,0,0,0,0,0,0,0,0,1.548,1.548,1.548,1.548,0,0,0,0,0,0,0,0,0,0,0,0,0,0,0,0,0,0,0,0,0,0,0,0,0,0,0,0,0,0,0,0,0,0,0,0,1.043,1.009,1.004,0.998,0.993,0.986,0.982,0.975,0.968,0.96,0,0,0.921,0.916,0.912,0.91,0.909,0.908,0.902,0.896,0,0,0,0,0,0,0,0,0,0.848,0.848,0.848,0.848,0.847,0.845,0.844,0,0,0,0,0,0,0,0,0,0,0,0,0,0,0,0,0
0,0,0,0,0,0,0,0,0,0,0,0,0,0,0,0,0,0,0,0,0,0,0,0,0,0,0,0,0,0,0,0,0,0,0,0,0,0,0,0,0,0,0,0,0,0,0,0,0,0,0,0,0,0,0,0,0,0,0,0,0,0,0,0,0,0,0.381,0.381,0.381,0.381,0.381,0.382,0.381,0.382,0.382,0.382,0.382,0.382,0.382,0.382,0.382,0.382,0.382,0.382,0.382,0.382,0.382,0.382,0.382,0.382,0.382,0.382,0.382,0.381,0.381,0.381,0.381,0.381,0.381,0.381,0.381,0.381,0.381,0.381,0.381,0.381,0.381,0.381,0.381,0.381,0.381,0.381,0.381,0.381,0.381,0.381,0.381,0.381,0.381,0.381,0.381,0.381,0.38,0.38,0.38,0.38,0.38,0.38,0.38,0.38,0.38,0.38,0.38,0.38,0.38,0.38,0.38,0.381,0.381,0.381,0.381,0.381,0.381,0.381,0.382,0.382,0.382,0.382,0.382,0.382,0.382,0.382,0.382,0.382,0.381,0.381,0.381,0.381,0.381,0.38,0.38,0.38,0.38,0.38,0.38,0.38,0.38,0.38,0.38,0.38,0.38,0.38,0.38,0.381,0.381,0.381,0.381,0.381,0.381,0.381,0.381,0.381,0.38,0.38,0.38,0.379,0.379,0.379,0.378,0.378,0.378,0.378,0.378,0.378,0.378,0.378,0.378,0.378,0.378,0.378,0.378,0.379,0.379,0.379,0.379,0.379,0.378,0.378,0.378,0.377,0.377,0.377,0.377,0.377,0.377,0.377,0.377,0.377,0.377,0.377,0.377,0.377,0.377,0.376,0.376,0.376,0.376,0.375,0.375,0.375,0.374,0.374,0.374,0.374,0.374,0.374,0.373,0.374,0.373,0.373,0.373,0.373,0.373,0.372,0.372,0.372,0.372,0.372,0.372,0.371,0.371,0.37,0.369,0.368,0.367,0.365,0.363,0.361,0.36,0.358,0.357,0.356,0.355,0.354,0.353,0.352,0.351,0.35,0.349,0.349,0.348,0.347,0.346,0.345,0.344,0.343,0.343,0.342,0.341,0.34,0.34,0.339,0.338,0.338,0.337,0.336,0.336,0.335,0.334,0.334,0.334,0.333,0.332,0,0,0,0.33,0.329,0.329,0.328,0.328,0.327,0.326,0.326,0.325,0.324,0.324,0.323,0.323,0.323,0.323,0,0.322,0.322,0.322,0.322,0.321,0.321,0.321,0.321,0.32,0.32,0.32,0.319,0.319,0,0,0,0,0.317,0.317,0.317,0.316,0.316,0.316,0,0.315,0.315,0.315,0.315,0.315,0.315,0.315,0.315,0.315,0.314,0.314,0.314,0.314,0.314,0.314,0.314,0.314,0.314,0.314,0.314,0.314,0.314,0.314,0.314,0.314,0.314,0.313,0.313,0.313,0.313,0.313,0.313,0.312,0.312,0.312,0.312,0.312,0.312,0.312,0.312,0.312,0.311,0.311,0.311,0.311,0.311,0.311,0.311,0.311,0.311,0.312,0.312,0.312,0.312,0.312,0.312,0.312,0.312,0.312,0.312,0.312,0.313,0.313,0.313,0.313,0.313,0.314,0.314,0.314,0.314,0.315,0.315,0.315,0.315,0.315,0.316,0.316,0.316,0.316,0.316,0.317,0.317,0.317,0.317,0.317,0.317,0.318,0.318,0.318,0.318,0.318,0.319,0.319,0.319,0.32,0.32,0.321,0.321,0.322,0.322,0.323,0.323,0.324,0.324,0.325,0.326,0.326,0.327,0.328,0.33,0.333,0,0,0,0,0,0.354,0.355,0.356,0.357,0.358,0.358,0.359,0.359,0.359,0.36,0.36,0.36,0.36,0.36,0.36,0.36,0.36,0.36,0.36,0.36,0.36,0.36,0.36,0.36,0.36,0.359,0.359,0.358,0.358,0.357,0.357,0.357,0.356,0.356,0.356,0.356,0.356,0.356,0.355,0.355,0.356,0.356,0.356,0.357,0.358,0.359,0.36,0.361,0.362,0.363,0.364,0,0,0,0,0,0,0,0,0,0,0,0,0,0,0,0,0,0,0,0,0,0,0,0,0,0,0,0,0,0,0,0,0,0,0,0,0,0,0,0,0,0,0,0,1.548,1.548,0,0,0,0,0,0,0,0,0,0,0,0,0,0,0,0,0,0,0,0,0,0,0,0,0,0,0,0,0,0,0,0,0,0,0,0,0,0,0,1.014,1.007,1.004,0.996,0,0.985,0.979,0.971,0,0,0,0.919,0,0.909,0.909,0.908,0.905,0.9,0.893,0,0,0,0,0,0.852,0,0,0,0.842,0.841,0.841,0.841,0.841,0.84,0,0,0,0,0,0,0,0,0,0,0,0,0,0,0,0,0,0
0,0,0,0,0,0,0,0,0,0,0,0,0,0,0,0,0,0,0,0,0,0,0,0,0,0,0,0,0,0,0,0,0,0,0,0,0,0,0,0,0,0,0,0,0,0,0,0,0,0,0,0,0,0,0,0,0,0,0,0,0,0,0,0,0,0.379,0.379,0.379,0.379,0.38,0.38,0.38,0.38,0.38,0.38,0.38,0.38,0.38,0.38,0.38,0.38,0.38,0.38,0.38,0.38,0.38,0.38,0.38,0.38,0.38,0.38,0.38,0.38,0.379,0.379,0.379,0.379,0.379,0.379,0.379,0.378,0.378,0.379,0.379,0.379,0.379,0.379,0.379,0.379,0.379,0.379,0.379,0.379,0.379,0.379,0.379,0.379,0.379,0.379,0.379,0.379,0.379,0.379,0.379,0.378,0.378,0.378,0.378,0.378,0.378,0.378,0.378,0.378,0.378,0.379,0.379,0.379,0.379,0.379,0.38,0.38,0.38,0.38,0.38,0.38,0.38,0.381,0.38,0.38,0.38,0.38,0.38,0.38,0.38,0.38,0.38,0.379,0.379,0.379,0.379,0.379,0.379,0.378,0.378,0.378,0.378,0.378,0.378,0.378,0.378,0.378,0.378,0.378,0.379,0.379,0.379,0.379,0.379,0.379,0.379,0.379,0.378,0.378,0.377,0.377,0.377,0.377,0.377,0.376,0.376,0.376,0.376,0.376,0.376,0.376,0.376,0.377,0.377,0.377,0.377,0.377,0.377,0.377,0.377,0.377,0.377,0.377,0.377,0.377,0.376,0.376,0.376,0.376,0.376,0.375,0.375,0.375,0.375,0.375,0.375,0.375,0.375,0.374,0.374,0.374,0.374,0.374,0.373,0.373,0.372,0.372,0.372,0.372,0.372,0.372,0.372,0.372,0.372,0.372,0.372,0.372,0.371,0.371,0.371,0.371,0.371,0.37,0.37,0.37,0.37,0.37,0.369,0.368,0.368,0.366,0.365,0.363,0.362,0.36,0.359,0.357,0.356,0.355,0.354,0.353,0.352,0.351,0.35,0.349,0.348,0.348,0.347,0.346,0.345,0.344,0.344,0.343,0.342,0.341,0.341,0.34,0.339,0.339,0.338,0.337,0.337,0.336,0.335,0.335,0.334,0.333,0.333,0.332,0,0,0.33,0.33,0.329,0.329,0.328,0.328,0.327,0.326,0.326,0.325,0.324,0.324,0.323,0.323,0.323,0.323,0.323,0.322,0.322,0.322,0.322,0.321,0.321,0.321,0.321,0.32,0.32,0.32,0.32,0.319,0,0,0,0,0.317,0.317,0.317,0.316,0.316,0.316,0.316,0.315,0.315,0.315,0.315,0.315,0.315,0.315,0.315,0.315,0.314,0.314,0.314,0.314,0.314,0.314,0.314,0.314,0.314,0.314,0.314,0.314,0.314,0.314,0.314,0.314,0.313,0.313,0.313,0.313,0.313,0.313,0.312,0.312,0.312,0.312,0.312,0.312,0.312,0.312,0.312,0.312,0.311,0.311,0.311,0.311,0.311,0.311,0.311,0.311,0.312,0.312,0.312,0.312,0.312,0.312,0.312,0.312,0.312,0.312,0.312,0.312,0.312,0.313,0.313,0.313,0.313,0.313,0.314,0.314,0.314,0.314,0.315,0.315,0.315,0.315,0.315,0.316,0.316,0.316,0.316,0.317,0.317,0.317,0.317,0.317,0.317,0.318,0.318,0.318,0.318,0.318,0.319,0.319,0.319,0.32,0.32,0.321,0.321,0.322,0.322,0.323,0.323,0.324,0.324,0.324,0.325,0.326,0.327,0.328,0.33,0,0,0,0.347,0.349,0.352,0.353,0.354,0.355,0.356,0.356,0.357,0.358,0.358,0.358,0.359,0.359,0.359,0.359,0.36,0.36,0.36,0.359,0.359,0.359,0.359,0.359,0.359,0.359,0.358,0.358,0.358,0.358,0.357,0.356,0.356,0.355,0.355,0.355,0.355,0.355,0.354,0.354,0.354,0.354,0.354,0.355,0.355,0.355,0.356,0.357,0.358,0,0.36,0.361,0.362,0,0,0,0,0,0,0,0,0,0,0,0,0,0,0,0,0,0,0,0,0,0,0,0,0,0,0,0,0,0,0,0,0,0,0,0,0,0,0,0,0,0,0,0,0,0,0,0,0,0,0,0,0,0,0,0,0,0,0,0,0,0,0,0,0,0,0,0,0,0,0,0,0,0,0,0,0,0,0,0,0,0,0,0,0,0,0,1.011,0,0,0,0,0.983,0,0,0,0,0,0,0.905,0.904,0,0.901,0.897,0.891,0,0,0,0,0,0,0.844,0.841,0.838,0.836,0.835,0.835,0.835,0.835,0.833,0,0,0,0,0,0,0,0,0,0,0,0,0,0,0,0,0,0
0,0,0,0,0,0,0,0,0,0,0,0,0,0,0,0,0,0,0,0,0,0,0,0,0,0,0,0,0,0,0,0,0,0,0,0,0,0,0,0,0,0,0,0,0,0,0,0,0,0,0,0,0,0,0,0,0,0,0,0,0,0,0,0,0.377,0.377,0.377,0.378,0.378,0.378,0.378,0.378,0.378,0.378,0.378,0.378,0.378,0.378,0.378,0.378,0.378,0.378,0.378,0.378,0.378,0.378,0.378,0.378,0.378,0.378,0.378,0.378,0.378,0.377,0.377,0.377,0.377,0.377,0.377,0.377,0.377,0.377,0.377,0.377,0.377,0.377,0.377,0.377,0.377,0.377,0.378,0.378,0.378,0.378,0.378,0.378,0.378,0.378,0.377,0.377,0.377,0.377,0.377,0.377,0.377,0.377,0.377,0.377,0.377,0.377,0.377,0.377,0.377,0.377,0.377,0.377,0.377,0.377,0.377,0.378,0.378,0.378,0.378,0.378,0.378,0.378,0.378,0.378,0.378,0.378,0.378,0.378,0.378,0.378,0.378,0.378,0.378,0.377,0.377,0.377,0.377,0.377,0.377,0.377,0.377,0.377,0.377,0.377,0.377,0.377,0.377,0.377,0.377,0.377,0.377,0.377,0.377,0.377,0.377,0.376,0.376,0.376,0.375,0.375,0.375,0.375,0.374,0.374,0.374,0.374,0.374,0.374,0.374,0.375,0.375,0.375,0.375,0.375,0.375,0.375,0.375,0.375,0.376,0.376,0.376,0.376,0.375,0.375,0.375,0.375,0.375,0.375,0.374,0.374,0.374,0.374,0.374,0.373,0.373,0.373,0.372,0.372,0.372,0.372,0.372,0.372,0.371,0.371,0.371,0.371,0.37,0.371,0.37,0.37,0.37,0.37,0.37,0.37,0.37,0.37,0.37,0.37,0.37,0.369,0.369,0.369,0.369,0.369,0.369,0.369,0.369,0.368,0.367,0.366,0.365,0.364,0.363,0.361,0.36,0.359,0,0.356,0.355,0.354,0.353,0.352,0.351,0.35,0.349,0.349,0.348,0.347,0.346,0.345,0.344,0.344,0.343,0.342,0.342,0.341,0.34,0.339,0.339,0.338,0.337,0.337,0.336,0.335,0.334,0.334,0.333,0.333,0.332,0.331,0.331,0.33,0.33,0.33,0.329,0.329,0.328,0.327,0.326,0.326,0.325,0.324,0.324,0.323,0.323,0.323,0.323,0.323,0.322,0.322,0.322,0.322,0.321,0.321,0.321,0.321,0.32,0.32,0.32,0.32,0.319,0.319,0.319,0,0.318,0.318,0.317,0.317,0.317,0.316,0.316,0.316,0.315,0.315,0.315,0.315,0.315,0.315,0.315,0.315,0.314,0.314,0.314,0.314,0.314,0.314,0.314,0.314,0.314,0.314,0.314,0.314,0.314,0.314,0.314,0.314,0.313,0.313,0.313,0.313,0.313,0.313,0.313,0.312,0.312,0.312,0.312,0.312,0.312,0.312,0.312,0.312,0.312,0.312,0.311,0.311,0.311,0.311,0.311,0.311,0.311,0.312,0.312,0.312,0.312,0.312,0.312,0.312,0.312,0.312,0.312,0.312,0.312,0.313,0.313,0.313,0.313,0.313,0.313,0.314,0.314,0.314,0.314,0.314,0.315,0.315,0.315,0.315,0.315,0.316,0.316,0.316,0.316,0.317,0.317,0.317,0.317,0.317,0.317,0.318,0.318,0.318,0.318,0.318,0.319,0.319,0.32,0.32,0.321,0.321,0.322,0.322,0.323,0.323,0.323,0.324,0.324,0.325,0.326,0.327,0.328,0.33,0.331,0,0,0.346,0.348,0.352,0.352,0.353,0.354,0.355,0.355,0.356,0.356,0.357,0.357,0.357,0.358,0.358,0.358,0.358,0.358,0.358,0.358,0.358,0.358,0.358,0.358,0.358,0.357,0.357,0.357,0.356,0.356,0.355,0.355,0.354,0.354,0.354,0.354,0.353,0.353,0.353,0.353,0.353,0.353,0.353,0.354,0.354,0.354,0.355,0.356,0,0,0,0,0,0,0,0,0,0,0,0,0,0,0,0,0,0,0,0,0,0,0,0,0,0,0,0,0,0,0,0,0,0,0,0,0,0,0,0,0,0,0,0,0,0,0,0,0,0,0,0,0,0,0,0,0,0,0,0,0,0,0,0,0,0,0,0,0,0,0,0,0,0,0,0,0,0,0,0,0,0,0,0,0,0,0,0,0,0,0,0,0,0,0,0,0,0,0,0,0,0,0,0,0.897,0,0,0,0,0,0,0,0,0,0,0,0,0.837,0.835,0.833,0.832,0.832,0.832,0.832,0.83,0,0,0,0,0,0,0,0,0,0,0,0,0,0,0,0,0,0
0,0,0,0,0,0,0,0,0,0,0,0,0,0,0,0,0,0,0,0,0,0,0,0,0,0,0,0,0,0,0,0,0,0,0,0,0,0,0,0,0,0,0,0,0,0,0,0,0,0,0,0,0,0,0,0,0,0,0,0,0,0,0,0.376,0.376,0.376,0.376,0.376,0.377,0.376,0.377,0.377,0.377,0.377,0.377,0.377,0.377,0,0,0.377,0.377,0.377,0.377,0.377,0.377,0.377,0.376,0.376,0.376,0.376,0.376,0.376,0.376,0.376,0.375,0.375,0.375,0.375,0.375,0.375,0.375,0.375,0.375,0.375,0.375,0.376,0.376,0.376,0.376,0.376,0.376,0.376,0.376,0.376,0.376,0.376,0.376,0.376,0.376,0.376,0.375,0.376,0.376,0.375,0.375,0.375,0.375,0.375,0.375,0.375,0.375,0.375,0.375,0.375,0.375,0.375,0.375,0.375,0.375,0.375,0.375,0.375,0.376,0.376,0.376,0.376,0.376,0.376,0.376,0.376,0.376,0.377,0.377,0.377,0.376,0.376,0.376,0.376,0.376,0.376,0.376,0.376,0.376,0.376,0.376,0.376,0.375,0.375,0.375,0.375,0.375,0.375,0.375,0.375,0.375,0.375,0.375,0.374,0.374,0.374,0.374,0.373,0.373,0.373,0.373,0.373,0.372,0.372,0.373,0.372,0.373,0.373,0.373,0.373,0.373,0.373,0.373,0.373,0.374,0.374,0.374,0.374,0.374,0.374,0.374,0.374,0.374,0.374,0.374,0.373,0.373,0.373,0.373,0.372,0.372,0.372,0.372,0.372,0.371,0.371,0.371,0.37,0.37,0.37,0.37,0.37,0.369,0.369,0.369,0.369,0.369,0.369,0.369,0.368,0.369,0.369,0.368,0.368,0.368,0.368,0.368,0.368,0.368,0.368,0.368,0.368,0.368,0.368,0.368,0.368,0.368,0.367,0.366,0.366,0.365,0.364,0.363,0.362,0.36,0.359,0.358,0.357,0,0.354,0.353,0.352,0.351,0.35,0.349,0.348,0.348,0.347,0.346,0.345,0.344,0.344,0.343,0.342,0.342,0.341,0.34,0.34,0.339,0.338,0.337,0.337,0.336,0.335,0.335,0.334,0.333,0.333,0.332,0.332,0.331,0.331,0.33,0.33,0.329,0.329,0.328,0.327,0.327,0.326,0.325,0.324,0.324,0.323,0.323,0.323,0.323,0.323,0.322,0.322,0.322,0.322,0.321,0.321,0.321,0.321,0.32,0.32,0.32,0.32,0.32,0.319,0.319,0.319,0.318,0.318,0.317,0.317,0.317,0.316,0.316,0.316,0.316,0.315,0.315,0.315,0.315,0.315,0.315,0.315,0.314,0.314,0.314,0.314,0.314,0.314,0.314,0.314,0.314,0.314,0.314,0.314,0.314,0.313,0.313,0.313,0.313,0.313,0.313,0.313,0.313,0.313,0.313,0.312,0.312,0.312,0.312,0.312,0.312,0.312,0.312,0.312,0.312,0.312,0.312,0.312,0.311,0.311,0.311,0.311,0.311,0.312,0.312,0.312,0.312,0.312,0.312,0.312,0.312,0.312,0.312,0.312,0.312,0.312,0.313,0.313,0.313,0.313,0.313,0.314,0.314,0.314,0.314,0.314,0.314,0.315,0.315,0.315,0.315,0.315,0.316,0.316,0.316,0.317,0.317,0.317,0.317,0.317,0.317,0.318,0.318,0.318,0.318,0.318,0.319,0.319,0.32,0.32,0.321,0.321,0.322,0.322,0.323,0.323,0.323,0.324,0.324,0.325,0.326,0.327,0.329,0.33,0.334,0.336,0.339,0.343,0.347,0.351,0.352,0.352,0.353,0.353,0.354,0.355,0.355,0.355,0.356,0.356,0.356,0.357,0.357,0.357,0.357,0.357,0.357,0.357,0.357,0.357,0.356,0.356,0.356,0.356,0.355,0.355,0.355,0.354,0.354,0.353,0.353,0.353,0.353,0.352,0.353,0.352,0.352,0.353,0.353,0.353,0.353,0.353,0.354,0.354,0.355,0.356,0,0,0,0.361,0,0.363,0,0,0,0,0,0,0,0,0,0,0,0,0,0,0,0,0,0,0,0,0,0,0,0,0,0,0,0,0,0,0,0,0,0,0,0,0,0,0,0,0,0,0,0,0,0,0,0,0,0,0,0,0,0,0,0,0,0,0,0,0,0,0,0,0,0,0,0,0,0,0,0,0,0,0,0,0,0,0,0,0,0,0,0,0,0,0,0,0,0,0,0,0,0,0,0,0,0,0,0,0,0,0,0,0,0,0,0,0,0,0,0,0,0.829,0.829,0.829,0.829,0,0,0,0,0,0,0,0,0,0,0,0,0,0,0,0,0,0,0
0,0,0,0,0,0,0,0,0,0,0,0,0,0,0,0,0,0,0,0,0,0,0,0,0,0,0,0,0,0,0,0,0,0,0,0,0,0,0,0,0,0,0,0,0,0,0,0,0,0,0,0,0,0,0,0,0,0,0,0,0,0,0.375,0.375,0.375,0.375,0.375,0.375,0.376,0.375,0.376,0.376,0.376,0.376,0.375,0,0,0.375,0.375,0.375,0.375,0.375,0.375,0.375,0.375,0.375,0.375,0.375,0.375,0.375,0.375,0.375,0.375,0.374,0.374,0.374,0.374,0.374,0.374,0.374,0.373,0.374,0.374,0.374,0.374,0.374,0.374,0.374,0.374,0.375,0.375,0.375,0.375,0.375,0.374,0.375,0.375,0.374,0.374,0.374,0.374,0.374,0.374,0.374,0.374,0.373,0.373,0.373,0.373,0.373,0.373,0.373,0.373,0.373,0.373,0.373,0.373,0.373,0.373,0.373,0.373,0.373,0.373,0.373,0.374,0.374,0.374,0.374,0.374,0.375,0.375,0.375,0.375,0.375,0.375,0.375,0.375,0.375,0.374,0.374,0.374,0.374,0.374,0.374,0.374,0.374,0.374,0.374,0.374,0.374,0.374,0.373,0.373,0.373,0.373,0.372,0.372,0.372,0.372,0.372,0.371,0.371,0.371,0.371,0.371,0.371,0.371,0.371,0.371,0.371,0.371,0.372,0.372,0.372,0.372,0.372,0.372,0.372,0.372,0.372,0.372,0.372,0.372,0.372,0.372,0.372,0.372,0.372,0.372,0.372,0.371,0.371,0.371,0.371,0.371,0.37,0.37,0.37,0.37,0.369,0.369,0.368,0.368,0.368,0.368,0.368,0.368,0.367,0.367,0.367,0.367,0.367,0.367,0.367,0.367,0.367,0.367,0.367,0.367,0.367,0.367,0.367,0.367,0.367,0.367,0.367,0.367,0.367,0.367,0.367,0.366,0.366,0.365,0.365,0.364,0.363,0.362,0.361,0.36,0.359,0.358,0.357,0.356,0,0.354,0.353,0.351,0.35,0.349,0.348,0.348,0.347,0.346,0.345,0.344,0.344,0.343,0.343,0.342,0.341,0.341,0.34,0.339,0.338,0.337,0.337,0.336,0.335,0.334,0.334,0.334,0.333,0.333,0.332,0.331,0.331,0.331,0.33,0.33,0.329,0.328,0.328,0.327,0,0,0.324,0.324,0.323,0.323,0.323,0.323,0.323,0.322,0.322,0.322,0.322,0.321,0.321,0.321,0.321,0.32,0.32,0.32,0.32,0.32,0.319,0.319,0.319,0.318,0.318,0.317,0.317,0.317,0.316,0.316,0.316,0.316,0.315,0.315,0.315,0.315,0.315,0.315,0.314,0.314,0.314,0.314,0.314,0.314,0.314,0.313,0.314,0.314,0.314,0.314,0.314,0.313,0.313,0.313,0.313,0.313,0.313,0.313,0.313,0.313,0.313,0.313,0.312,0.312,0.312,0.312,0.312,0.312,0.312,0.312,0.312,0.312,0.312,0.312,0.312,0.312,0.312,0.312,0.312,0.312,0.312,0.312,0.312,0.312,0.312,0.312,0.312,0.312,0.312,0.312,0.312,0.312,0.312,0.313,0.313,0.313,0.313,0.313,0.313,0.314,0.314,0.314,0.314,0.314,0.314,0.315,0.315,0.315,0.315,0.315,0.316,0.316,0.316,0.317,0.317,0.317,0.317,0.317,0.318,0.318,0.318,0.318,0.318,0.319,0.319,0.32,0.32,0.321,0.321,0.322,0.322,0.322,0.323,0.323,0.324,0.324,0.325,0.326,0.327,0.329,0.331,0.334,0,0.339,0.343,0.347,0.35,0.351,0.352,0.352,0.353,0.354,0.354,0.354,0.354,0.354,0.355,0.355,0.355,0.355,0.355,0.355,0.355,0.355,0.355,0.355,0.355,0.355,0.355,0.355,0.354,0.354,0.353,0.353,0.353,0.353,0.352,0.352,0.352,0.352,0.352,0.352,0.352,0.352,0.352,0.352,0.352,0.352,0.353,0.353,0.354,0.355,0.356,0.357,0.358,0.359,0.36,0.362,0.362,0.363,0,0,0.368,0.369,0,0,0,0,0,0,0,0,0,0,0,0,0,0,0,0,0,0,0,0,0,0,0,0,0,0,0,0,0,0,0,0,0,0,0,0,0,0,0,0,0,0,0,0,0,0,0,0,0,0,0,0,0,0,0,0,0,0,0,0,0,0,0,0,0,0,0,0,0,0,0,0,0,0,0,0,0,0,0,0,0,0,0,0,0,0,0,0,0,0,0,0,0,0,0,0,0,0,0,0,0,0,0,0,0,0,0,0,0.828,0.827,0.827,0.827,0,0,0,0,0,0,0,0,0,0,0,0,0,0,0,0,0,0,0
0,0,0,0,0,0,0,0,0,0,0,0,0,0,0,0,0,0,0,0,0,0,0,0,0,0,0,0,0,0,0,0,0,0,0,0,0,0,0,0,0,0,0,0,0,0,0,0,0,0,0,0,0,0,0,0,0,0,0,0,0,0.374,0.374,0.375,0.375,0.375,0.375,0.375,0.375,0.375,0.375,0.375,0.375,0.375,0.374,0.374,0.374,0.374,0.374,0.374,0.374,0.374,0.374,0.374,0.373,0.373,0.373,0.373,0.373,0.373,0.373,0.373,0.373,0.372,0.372,0.372,0.372,0.372,0.372,0.372,0.372,0.372,0.372,0.372,0.373,0.373,0.373,0.373,0.373,0.373,0.373,0.373,0.373,0.373,0.373,0.373,0.373,0.373,0.372,0.372,0.372,0.372,0.372,0.372,0.372,0.372,0.372,0.372,0.372,0.371,0.371,0.371,0.371,0.371,0.371,0.371,0.371,0.37,0.371,0.371,0.371,0.371,0.371,0.371,0.371,0.372,0.372,0.372,0.372,0.373,0.373,0.373,0.373,0.373,0.373,0.373,0.373,0.373,0.373,0.373,0.373,0.373,0.373,0.373,0.373,0.372,0.372,0.372,0.372,0.372,0.372,0.372,0.372,0.371,0.371,0.371,0.37,0.37,0.37,0.37,0.369,0.369,0.369,0.369,0.369,0.369,0.369,0.37,0.37,0.37,0.37,0.37,0.37,0.37,0.37,0.37,0.37,0.37,0.37,0.37,0.37,0.37,0.37,0.37,0.37,0.37,0.37,0.37,0.37,0.37,0.37,0.37,0.369,0.369,0.369,0.368,0.368,0.368,0.368,0.368,0.367,0.367,0.367,0.366,0.366,0.366,0.366,0.365,0.366,0.365,0.365,0.365,0.365,0.365,0.365,0.365,0.365,0.365,0.365,0.365,0.365,0.365,0.366,0.366,0.366,0.366,0.366,0.366,0.366,0.365,0.365,0.365,0.365,0.364,0.363,0.363,0.362,0.361,0.36,0.359,0.358,0.357,0.356,0,0.354,0.353,0.352,0.35,0.35,0.349,0.348,0.347,0.346,0.345,0.345,0.344,0.344,0.343,0.342,0.342,0.341,0.34,0.339,0.338,0.337,0.337,0.336,0.335,0.335,0.334,0.333,0.333,0.333,0.332,0.331,0.331,0.331,0.33,0.33,0.329,0.329,0.328,0.327,0,0.326,0.325,0.324,0.324,0.324,0.323,0.323,0.323,0.322,0.322,0.322,0.322,0.322,0.321,0.321,0.321,0.321,0.32,0.32,0.32,0.32,0.319,0.319,0.319,0.318,0.318,0.317,0.317,0.317,0.316,0.316,0.316,0.315,0.315,0.315,0.315,0.315,0.315,0.315,0.315,0.314,0.314,0.314,0.314,0.313,0.313,0.313,0.314,0.314,0.313,0.313,0.313,0.313,0.313,0.313,0.313,0.313,0.313,0.313,0.313,0.313,0.313,0.313,0.312,0.312,0.312,0.312,0.312,0.312,0.312,0.312,0.312,0.312,0.312,0.312,0.312,0.312,0.312,0.312,0.312,0.312,0.312,0.312,0.312,0.312,0.312,0.312,0.312,0.312,0.312,0.312,0.312,0.312,0.313,0.313,0.313,0.313,0.313,0.313,0.313,0.313,0.314,0.314,0.314,0.314,0.314,0.314,0.315,0.315,0.315,0.315,0.316,0.316,0.316,0.317,0.317,0.317,0.317,0.317,0.318,0.318,0.318,0.318,0.318,0.319,0.319,0.319,0.32,0.32,0.321,0.321,0.322,0.322,0.323,0.323,0.324,0.324,0.325,0.326,0.327,0.329,0.331,0.334,0.337,0.34,0.342,0.346,0.35,0.351,0.351,0.352,0.352,0.352,0.353,0.353,0.353,0.353,0.353,0.353,0.353,0.354,0.354,0.354,0.354,0.354,0.354,0.353,0.353,0.353,0.353,0.353,0.353,0.352,0.352,0.352,0.352,0.351,0.351,0.351,0.351,0.351,0.351,0.351,0.351,0.351,0.351,0.352,0.352,0.352,0.352,0.353,0.354,0.354,0.356,0.356,0.358,0.359,0.36,0,0.363,0.363,0.365,0.366,0.367,0.368,0,0,0,0,0,0,0,0,0,0,0,0,0,0,0,0,0,0,0,0,0,0,0,0,0,0,0,0,0,0,0,0,0,0,0,0,0,0,0,0,0,0,0,0,0,0,0,0,0,0,0,0,0,0,0,0,0,0,0,0,0,0,0,0,0,0,0,0,0,0,0,0,0,0,0,0,0,0,0,0,0,0,0,0,0,0,0,0,0,0,0,0,0,0,0,0,0,0,0,0,0,0,0,0,0,0,0,0.826,0.826,0,0.825,0,0,0,0,0,0,0,0,0,0,0,0,0,0,0,0,0,0,0,0
0,0,0,0,0,0,0,0,0,0,0,0,0,0,0,0,0,0,0,0,0,0,0,0,0,0,0,0,0,0,0,0,0,0,0,0,0,0,0,0,0,0,0,0,0,0,0,0,0,0,0,0,0,0,0,0,0,0,0,0,0,0.374,0.374,0.374,0.374,0.374,0.374,0.374,0.374,0.374,0.374,0.374,0.374,0.374,0.373,0.373,0.373,0.373,0.372,0.372,0.372,0.372,0.372,0.372,0.372,0.372,0.372,0.372,0.371,0.371,0.371,0.371,0.371,0.371,0.371,0.371,0.371,0.371,0.371,0.371,0.371,0.371,0.371,0.371,0.371,0.371,0.372,0.372,0.372,0.372,0.372,0.372,0.372,0.372,0.372,0.372,0.372,0.371,0.371,0.371,0.37,0.37,0.37,0.37,0.37,0.37,0.37,0.37,0.37,0.37,0.37,0.369,0.369,0.369,0.368,0.368,0.368,0.368,0.368,0.368,0.368,0.368,0.369,0.369,0.369,0.37,0.37,0.37,0.371,0.371,0.371,0.371,0.371,0.372,0.371,0.372,0.372,0.372,0.372,0.372,0.372,0.372,0.371,0.371,0.371,0.371,0.371,0.37,0.37,0.37,0.37,0.37,0.37,0.37,0.369,0.369,0.369,0.368,0.368,0.368,0.368,0.368,0.368,0.368,0.368,0.368,0.368,0.368,0.368,0.368,0.368,0.368,0.368,0.369,0.369,0.369,0.369,0.369,0.368,0.369,0.369,0.369,0.369,0.369,0.369,0.369,0.369,0.368,0.368,0.368,0.368,0.368,0.368,0.367,0.367,0.367,0.366,0.366,0.366,0.366,0.366,0.365,0.365,0.365,0.365,0.364,0.364,0.364,0.364,0.364,0.364,0.364,0.364,0.363,0.364,0.364,0.364,0.364,0.364,0.364,0.364,0.364,0.364,0.364,0.364,0.364,0.364,0.364,0.364,0.364,0.364,0.364,0.363,0.363,0.362,0.362,0.361,0.36,0.36,0.359,0.358,0.357,0.356,0.355,0.354,0.353,0.352,0.351,0.35,0.349,0.348,0.347,0.346,0.345,0.345,0.344,0.344,0.343,0.343,0.342,0.341,0.34,0.339,0.338,0.337,0.337,0.336,0.335,0.335,0.334,0.333,0.333,0.333,0.332,0.332,0.331,0.331,0.33,0.33,0.329,0.329,0.328,0.328,0.327,0.326,0.325,0.325,0.324,0.324,0.324,0.323,0.323,0.323,0.323,0.322,0.322,0.322,0.322,0.321,0.321,0.321,0.32,0.32,0.32,0.32,0.319,0.319,0.319,0.318,0.318,0.318,0.317,0.317,0.316,0.316,0.316,0.316,0.315,0.315,0.315,0.315,0.315,0.315,0.315,0.314,0.314,0.314,0.314,0.314,0.313,0.313,0.313,0.313,0.313,0.313,0.313,0.313,0.313,0.313,0.313,0.313,0.313,0.313,0.313,0.313,0.313,0.313,0.312,0.312,0.312,0.312,0.312,0.312,0.312,0.312,0.312,0.312,0.312,0.312,0.312,0.312,0.312,0.312,0.312,0.312,0.312,0.312,0.312,0.312,0.312,0.312,0.312,0.312,0.312,0.312,0.312,0.313,0.313,0.313,0.313,0.313,0.313,0.313,0.313,0.313,0.314,0.314,0.314,0.314,0.314,0.314,0.315,0.315,0.315,0.315,0.316,0.316,0.316,0.317,0.317,0.317,0.317,0.317,0.317,0.318,0.318,0.318,0.318,0.319,0.319,0.319,0.32,0.32,0.321,0.321,0.322,0.322,0.323,0.323,0.324,0.324,0.325,0.326,0.327,0.329,0.331,0.334,0.336,0.339,0.341,0.344,0.348,0.349,0.349,0.35,0.35,0.351,0.351,0.351,0.352,0.351,0.352,0.352,0.352,0.352,0.352,0.352,0.352,0.352,0.352,0.352,0.352,0.351,0.351,0.351,0.351,0.35,0.35,0.35,0.35,0.35,0.35,0.35,0.35,0.35,0.35,0.351,0.351,0.351,0.351,0.351,0.351,0.352,0.352,0.353,0.353,0.354,0.355,0.356,0.357,0.359,0.36,0,0.362,0.364,0.365,0.366,0.367,0.368,0,0,0,0,0,0,0,0,0,0,0,0,0,0,0,0,0,0,0,0,0,0,0,0,0,0,0,0,0,0,0,0,0,0,0,0,0,0,0,0,0,0,0,0,0,0,0,0,0,0,0,0,0,0,0,0,0,0,0,0,0,0,0,0,0,0,0,0,0,0,0,0,0,0,0,0,0,0,0,0,0,0,0,0,0,0,0,0,0,0,0,0,0,0,0,0,0,0,0,0,0,0,0,0,0,0,0,0,0,0,0,0,0,0,0,0,0,0,0,0,0,0,0,0,1.051,1.047,1.047,0,0,0,0
0,0,0,0,0,0,0,0,0,0,0,0,0,0,0,0,0,0,0,0,0,0,0,0,0,0,0,0,0,0,0,0,0,0,0,0,0,0,0,0,0,0,0,0,0,0,0,0,0,0,0,0,0,0,0,0,0,0,0,0,0,0.374,0.374,0.374,0.374,0.374,0.374,0.374,0.373,0.373,0.373,0.373,0.373,0.373,0.372,0.372,0.372,0.371,0.371,0.371,0.371,0.371,0.371,0.371,0.37,0.37,0.37,0.37,0.37,0.37,0.369,0.369,0.369,0.369,0.369,0.369,0.369,0.369,0.369,0.369,0.369,0.369,0.37,0.37,0.37,0.37,0.37,0.37,0.37,0.37,0.371,0.371,0.371,0.37,0.37,0.37,0.37,0.37,0.37,0.369,0.369,0.369,0.369,0.368,0.369,0.368,0.368,0.368,0.368,0.368,0.368,0.367,0.367,0.367,0.366,0.366,0.366,0.366,0.366,0.366,0.366,0.366,0.366,0.367,0.367,0.367,0.368,0.368,0.368,0.369,0.369,0.369,0.37,0.37,0.37,0.37,0.37,0.37,0.37,0.37,0.37,0.37,0.37,0.37,0.37,0.37,0.369,0.369,0.369,0.368,0.368,0.368,0.368,0.368,0.367,0.367,0.367,0.367,0.367,0.367,0.366,0.366,0.367,0.367,0.367,0.367,0.367,0.367,0.367,0.367,0.367,0.367,0.367,0.367,0.367,0.367,0.367,0.367,0.367,0.367,0.367,0.367,0.367,0.367,0.366,0.366,0.366,0.366,0.366,0.366,0.366,0.366,0.366,0.366,0.365,0.365,0.365,0.365,0.365,0.364,0.364,0.364,0.363,0.363,0.363,0.363,0.363,0.362,0.362,0.362,0.362,0.362,0.362,0.362,0.362,0.362,0.362,0.362,0.362,0.363,0.363,0.363,0.363,0.363,0.363,0.363,0.363,0.363,0.363,0.363,0.363,0.362,0.362,0.362,0.361,0.361,0.36,0.36,0.359,0.359,0.358,0.357,0.356,0.355,0.354,0.353,0.352,0.351,0.35,0.349,0.348,0.347,0.346,0.345,0.345,0.344,0.344,0.343,0.343,0.342,0.341,0.34,0.339,0.338,0.337,0.337,0.336,0.335,0.335,0.334,0.334,0.333,0.333,0.332,0.332,0.331,0.331,0.331,0.33,0.329,0.329,0.328,0.328,0.327,0.326,0.326,0.325,0.325,0.324,0.324,0.323,0,0,0.323,0.322,0.322,0.322,0.322,0.321,0.321,0.321,0.32,0.32,0.32,0.32,0.319,0.319,0.319,0.318,0.318,0.318,0.317,0.317,0.316,0.316,0.316,0.316,0.315,0.315,0.315,0.315,0.315,0.315,0.315,0.314,0.314,0.314,0.314,0.314,0.313,0.313,0.313,0.313,0.313,0.313,0.313,0.313,0.313,0.313,0.313,0.313,0.313,0.313,0.313,0.313,0.313,0.312,0.312,0.312,0.312,0.312,0.312,0.312,0.312,0.312,0.312,0.312,0.312,0.312,0.312,0.312,0.312,0.312,0.312,0.312,0.312,0.312,0.312,0.312,0.312,0.312,0.312,0.313,0.313,0.313,0.313,0.313,0.313,0.313,0.313,0.313,0.313,0.313,0.313,0.313,0.314,0.314,0.314,0.314,0.314,0.314,0.314,0.315,0.315,0.315,0.316,0.316,0.316,0.316,0.317,0.317,0.317,0.317,0.317,0.318,0.318,0.318,0.318,0.318,0.319,0.319,0.32,0.32,0.321,0.321,0.322,0.322,0.323,0.323,0.324,0.324,0.325,0.326,0.327,0.33,0.332,0.334,0.336,0.338,0.34,0.343,0.346,0,0,0,0,0.349,0.349,0.349,0.35,0.35,0.35,0.35,0.35,0.35,0.35,0.35,0.35,0.35,0.35,0.35,0.35,0.349,0.349,0.349,0.349,0.349,0.348,0.348,0.348,0.349,0.349,0.349,0.349,0.349,0.35,0.35,0.35,0.35,0.351,0.351,0.352,0.352,0.352,0.353,0.353,0.354,0.355,0.356,0.357,0.359,0.36,0.361,0.362,0.363,0.364,0.366,0.367,0.368,0,0,0,0,0,0,0,0,0,0,0,0,0,0,0,0,0,0,0,0,0,0,0,0,0,0,0,0,0,0,0,0,0,0,0,0,0,0,0,0,0,0,0,0.437,0.436,0.436,0.436,0.436,0.436,0,0,0,0,0,0,0,0,0,0,0,0,0,0,0,0,0,0,0,0,0,0,0,0,0,0,0,0,0,0,0,0,0,0,0,0,0,0,0,0,0,0,0,0,0,0,0,0,0,0,0,0,0,0,0,0,0,0,0,0,0,0,0,0,0,0,0,0,0,0,0,0,0,0,0,1.056,1.052,1.056,0,1.054,0,0
0,0,0,0,0,0,0,0,0,0,0,0,0,0,0,0,0,0,0,0,0,0,0,0,0,0,0,0,0,0,0,0,0,0,0,0,0,0,0,0,0,0,0,0,0,0,0,0,0,0,0,0,0,0,0,0,0,0,0,0,0,0.374,0.374,0.374,0.373,0.373,0.373,0.373,0.373,0.372,0.372,0.372,0.371,0.371,0.371,0.371,0.37,0.37,0.37,0.37,0.37,0.37,0.369,0.369,0.369,0.369,0.369,0.369,0.368,0.368,0.368,0.368,0.368,0.368,0.367,0.367,0.368,0.368,0.368,0.368,0.368,0.368,0.368,0.368,0.368,0.369,0.369,0.369,0.369,0.369,0.369,0.37,0.369,0.369,0.369,0.369,0.368,0.368,0.368,0.368,0.368,0.367,0.367,0.367,0.367,0.366,0.366,0.366,0.366,0.366,0.366,0.365,0.365,0.365,0.364,0.364,0.364,0.364,0.364,0.364,0.364,0.364,0.364,0.364,0.365,0.365,0.366,0.366,0.366,0.367,0.367,0.368,0.368,0.368,0.368,0.368,0.369,0.368,0.368,0.368,0.369,0.368,0.368,0.368,0.368,0.368,0.367,0.367,0.367,0.366,0.366,0.366,0.366,0.366,0.366,0.365,0.365,0.365,0.365,0.365,0.365,0.365,0.366,0.365,0.365,0.365,0.365,0.366,0.366,0.366,0.365,0.365,0.365,0.365,0.366,0.366,0.366,0.366,0.365,0.366,0.365,0.365,0.365,0.365,0.365,0.365,0.365,0.365,0.365,0.365,0.365,0.364,0.364,0.364,0.364,0.363,0.363,0.363,0.363,0.363,0.363,0.362,0.362,0.362,0.362,0.362,0.361,0.361,0.361,0.361,0.36,0.36,0.36,0.36,0.36,0.36,0.36,0.361,0.361,0.361,0.361,0.361,0.361,0.361,0.361,0.361,0.361,0.361,0.361,0.361,0.361,0.361,0.36,0.36,0.36,0.36,0.359,0.359,0.358,0.358,0.357,0.356,0.356,0.355,0.354,0.353,0.352,0.351,0.35,0.349,0.348,0.347,0.346,0.346,0.345,0.344,0.344,0.343,0.343,0.342,0.342,0.341,0.34,0.338,0.338,0.337,0.336,0.336,0.335,0.334,0.334,0.333,0.333,0.332,0.332,0.331,0.331,0.331,0.33,0.329,0.329,0.329,0.328,0.327,0.326,0.326,0.325,0.325,0.325,0.324,0.324,0.323,0.323,0.323,0.322,0.322,0.322,0.322,0.321,0.321,0.321,0.321,0.32,0.32,0.32,0.319,0.319,0.319,0.318,0.318,0.318,0.317,0.317,0.316,0.316,0.316,0.316,0.315,0.315,0.315,0.315,0.315,0.315,0.314,0.314,0.314,0.314,0.314,0.313,0.313,0.313,0.313,0.313,0.313,0.313,0.313,0.313,0.313,0.313,0.313,0.313,0.313,0.313,0.313,0.313,0.313,0.313,0.312,0.312,0.312,0.312,0.312,0.312,0.312,0.312,0.312,0.312,0.312,0.312,0.312,0.313,0.312,0.312,0.312,0.312,0.312,0.312,0.312,0.312,0.312,0.312,0.313,0.313,0.313,0.313,0.313,0.313,0.313,0.313,0.313,0.313,0.313,0.313,0.313,0.313,0.313,0.314,0.314,0.314,0.314,0.314,0.314,0.315,0.315,0.315,0.315,0.316,0.316,0.316,0.317,0.317,0.317,0.317,0.317,0.318,0.318,0.318,0.318,0.318,0.319,0.319,0.32,0.32,0.321,0.321,0.322,0.322,0.323,0.323,0.324,0.325,0.325,0.326,0.327,0.33,0.332,0.334,0.335,0.337,0.339,0.342,0,0,0,0,0,0,0.347,0.347,0.348,0.348,0.348,0.348,0.348,0.348,0.348,0.348,0.348,0.348,0.348,0.348,0.348,0.348,0.347,0.347,0.347,0.347,0.347,0.347,0.347,0.347,0.347,0.347,0.348,0.348,0.349,0.349,0.35,0.35,0.351,0,0.351,0.352,0,0,0.354,0.354,0.355,0.356,0.357,0.359,0.36,0.361,0.362,0.363,0.364,0.366,0.367,0.368,0.369,0,0,0,0,0,0,0,0,0,0,0,0,0,0,0,0,0,0,0,0,0,0,0,0,0,0,0,0,0,0,0,0,0,0,0,0,0,0,0,0,0,0,0.437,0.436,0.436,0.436,0.436,0.436,0,0,0,0,0,0,0,0,0,0,0,0,0,0,0,0,0,0,0,0,0,0,0,0,0,0,0,0,0,0,0,0,0,0,0,0,0,0,0,0,0,0,0,0,0,0,0,0,0,0,0,0,0,0,0,0,0,0,0,0,0,0,0,0,0,0,0,0,0,0,0,0,0,0,1.065,1.063,1.061,1.063,1.061,1.061,1.063,1.063
0,0,0,0,0,0,0,0,0,0,0,0,0,0,0,0,0,0,0,0,0,0,0,0,0,0,0,0,0,0,0,0,0,0,0,0,0,0,0,0,0,0,0,0,0,0,0,0,0,0,0,0,0,0,0,0,0,0,0,0,0,0.373,0.373,0.373,0.373,0.373,0.372,0.372,0.372,0.371,0.371,0.371,0.371,0.37,0.37,0.37,0.37,0.369,0.369,0.368,0.368,0.368,0.368,0.368,0.368,0.368,0.368,0.367,0.367,0.367,0.367,0.367,0.366,0.366,0.366,0.366,0.366,0.366,0.366,0.366,0.366,0.367,0.367,0.367,0.368,0.368,0.368,0.368,0.368,0.368,0.368,0.368,0.368,0.368,0.368,0.368,0.367,0.367,0.367,0.366,0.366,0.366,0.365,0.365,0.365,0.365,0.365,0.364,0.364,0.364,0.364,0.363,0.363,0.363,0.363,0.363,0.362,0.362,0.362,0.362,0.362,0.362,0.362,0.363,0.363,0.363,0.364,0.364,0.364,0.365,0.365,0.365,0.366,0.366,0.366,0.366,0.367,0.366,0.367,0.367,0.367,0.367,0.366,0.366,0.366,0.366,0.365,0.365,0.365,0.364,0.364,0.364,0.364,0.364,0.364,0.363,0.364,0.364,0.364,0.364,0.364,0.364,0.364,0.364,0.364,0.364,0.364,0.364,0.364,0.364,0.364,0.364,0.364,0.364,0.364,0.364,0.364,0.364,0.364,0.364,0.364,0.364,0.364,0.364,0.364,0.363,0.363,0.363,0.363,0.363,0.363,0.363,0.363,0.362,0.362,0.362,0.362,0.362,0.362,0.361,0.361,0.361,0.361,0.361,0.36,0.36,0.36,0.36,0.359,0.359,0.359,0.359,0.359,0.359,0.359,0.359,0.359,0.359,0.359,0.359,0.359,0.36,0.36,0.36,0.36,0.36,0.36,0.36,0.359,0.359,0.359,0.359,0.359,0.359,0.359,0.359,0.358,0.358,0.358,0.357,0.356,0.356,0.355,0.355,0.354,0.353,0.352,0.351,0.35,0.349,0.348,0.347,0.347,0.346,0.345,0.344,0.344,0.343,0.343,0.343,0,0.341,0,0.339,0.338,0.337,0.337,0.336,0.335,0.334,0,0.333,0.333,0.332,0.332,0.331,0.331,0.33,0.33,0.329,0.329,0.328,0.328,0.327,0.327,0.326,0.326,0.325,0.325,0.324,0.324,0.323,0.323,0.323,0.322,0.322,0.322,0.322,0.321,0.321,0.321,0.32,0.32,0.32,0.32,0.319,0.319,0.319,0.318,0.318,0.318,0.317,0.317,0.316,0.316,0.316,0.316,0.316,0.315,0.315,0.315,0.315,0.315,0.314,0.314,0.314,0.314,0.314,0.314,0.314,0.313,0.313,0.313,0.313,0.313,0.313,0.313,0.313,0.313,0.313,0.313,0.313,0.313,0.313,0.313,0.313,0.313,0.312,0.312,0.312,0.312,0.312,0.312,0.312,0.312,0.312,0.312,0.312,0.312,0.313,0.313,0.313,0.312,0.312,0.312,0.313,0.313,0.313,0.312,0.313,0.313,0.313,0.313,0.313,0.313,0.313,0.313,0.313,0.313,0.313,0.313,0.313,0.313,0.313,0.313,0.313,0.314,0.314,0.314,0.314,0.314,0.314,0.315,0.315,0.315,0.315,0.316,0.316,0.316,0.317,0.317,0.317,0.317,0.317,0.318,0.318,0.318,0.318,0.318,0.319,0.319,0.32,0.32,0.321,0.321,0.322,0.322,0.323,0.324,0.324,0.325,0.326,0.326,0.328,0.33,0.331,0.333,0.335,0.337,0.338,0.341,0,0,0,0,0.344,0,0.345,0.345,0.346,0.346,0.346,0.346,0.346,0.346,0.346,0.346,0.346,0.346,0.346,0.346,0.346,0.345,0.346,0.345,0.345,0.345,0.345,0.345,0.345,0.345,0.346,0.346,0.346,0.347,0.348,0.349,0.349,0.35,0,0,0.351,0,0,0,0.353,0.354,0.355,0.356,0.356,0.358,0,0,0.362,0.363,0.364,0.365,0,0.368,0,0,0,0,0,0,0,0,0,0,0,0,0,0,0,0,0,0,0,0,0,0,0,0,0,0,0,0,0,0,0,0,0,0,0,0,0,0,0,0,0,0,0,0.436,0.436,0.436,0.436,0.436,0.436,0,0,0,0,0,0,0,0,0,0,0,0,0,0,0,0,0,0,0,0,0,0,0,0,0,0,0,0,0,0,0,0,0,0,0,0,0,0,0,0,0,0,0,0,0,0,0,0,0,0,0,0,0,0,0,0,0,0,0,0,0,0,0,0,0,0,0,0,0,0,0,0,1.074,1.074,1.076,1.073,1.071,1.071,1.071,1.071,1.071,1.073
0,0,0,0,0,0,0,0,0,0,0,0,0,0,0,0,0,0,0,0,0,0,0,0,0,0,0,0,0,0,0,0,0,0,0,0,0,0,0,0,0,0,0,0,0,0,0,0,0,0,0,0,0,0,0,0,0,0,0,0,0,0,0,0.372,0.372,0.372,0.371,0.371,0.37,0.37,0.37,0.37,0.37,0.369,0.369,0.368,0.368,0.368,0.367,0.367,0.367,0.367,0.367,0.367,0.366,0.366,0.366,0.366,0.366,0.366,0.366,0.365,0.365,0.365,0.365,0.365,0.365,0.365,0.365,0.365,0.365,0.366,0.366,0.366,0.366,0.366,0.366,0.366,0.366,0.367,0.367,0.367,0.366,0.366,0.366,0.366,0.366,0.365,0.365,0.365,0.364,0.364,0.364,0.364,0.363,0.363,0.363,0.363,0.363,0.362,0.362,0.362,0.362,0.361,0.361,0.361,0.361,0.361,0.361,0.361,0.361,0.361,0.361,0.361,0.362,0.362,0.362,0.362,0.362,0.363,0.363,0.363,0.364,0.364,0.364,0.365,0.365,0.365,0.365,0.365,0.365,0.365,0.364,0.364,0.363,0.363,0.363,0.363,0.362,0.362,0.362,0.362,0.362,0.362,0.362,0.362,0.362,0.362,0.362,0.362,0.363,0.363,0.363,0.363,0.363,0.363,0.363,0.363,0.363,0.362,0.362,0.362,0.362,0.362,0.363,0.363,0.363,0.363,0.363,0.363,0.363,0.363,0.363,0.362,0.362,0.362,0.362,0.362,0.362,0.362,0.362,0.361,0.361,0.361,0.361,0,0,0.36,0.36,0.36,0.36,0.36,0.36,0.359,0.359,0.359,0.359,0.359,0.358,0.358,0.358,0.358,0.358,0.358,0.357,0.357,0.357,0.358,0.358,0.358,0.358,0.358,0.358,0.358,0.358,0.358,0.358,0.358,0.358,0.358,0.358,0.358,0.358,0.358,0.358,0.357,0.357,0.357,0.357,0.356,0.356,0.355,0.355,0.354,0.353,0.353,0.352,0.351,0.35,0.349,0.348,0.348,0.347,0.346,0.345,0.344,0.344,0.343,0.343,0.342,0.342,0.341,0.34,0.339,0.338,0.338,0.337,0.336,0.335,0.335,0.334,0.333,0.333,0.332,0.332,0.331,0.331,0.33,0.33,0.329,0.329,0.328,0.328,0.327,0.327,0.326,0.326,0.326,0.325,0.324,0.324,0.324,0.323,0.323,0.323,0.322,0.322,0.322,0.322,0.321,0.321,0.321,0.32,0.32,0.32,0.319,0.319,0.318,0.318,0.318,0.317,0.317,0.317,0.317,0.316,0.316,0.316,0.316,0.315,0.315,0.315,0.315,0.315,0.315,0.314,0.314,0.314,0.314,0.314,0.314,0.314,0.314,0.314,0.314,0.314,0.314,0.314,0.314,0.314,0.314,0.314,0.313,0.313,0.313,0.313,0.313,0.313,0.313,0.312,0.312,0.312,0.312,0.312,0.312,0.312,0.312,0.312,0.312,0.313,0.313,0.313,0.313,0.312,0.312,0.313,0.313,0.313,0.313,0.313,0.313,0.313,0.313,0.313,0.313,0.313,0.313,0.313,0.313,0.313,0.313,0.313,0.313,0.313,0.313,0.313,0.314,0.314,0.314,0.314,0.314,0.314,0.314,0.315,0.315,0.315,0.315,0.316,0.316,0.316,0.317,0.317,0.317,0.317,0.317,0.318,0.318,0.318,0.318,0.318,0.319,0.319,0.32,0.32,0.321,0.321,0.322,0.323,0.323,0.324,0.324,0.325,0.326,0.327,0.328,0.33,0.331,0.333,0.334,0.336,0.337,0.34,0.341,0.342,0.342,0.342,0.342,0.343,0.344,0.344,0.344,0.344,0.344,0.344,0.344,0.344,0.344,0.344,0.344,0.344,0.344,0.344,0.344,0.344,0.344,0.343,0.344,0.343,0.343,0.343,0.344,0.344,0.344,0.345,0.345,0.346,0.347,0.348,0.349,0,0.35,0.351,0.351,0.352,0.352,0.353,0.353,0.354,0.355,0.355,0.356,0.358,0.359,0.36,0.361,0.362,0.363,0.365,0.366,0.368,0,0,0,0,0,0,0,0,0,0,0,0,0,0,0,0,0,0,0,0,0,0,0,0,0,0,0,0,0,0,0,0,0,0,0,0,0,0,0,0,0,0,0,0.436,0.436,0.436,0.436,0.436,0.436,0,0,0,0,0,0,0,0,0,0,0,0,0,0,0,0,0,0,0,0,0,0,0,0,0,0,0,0,0,0,0,0,0,0,0,0,0,0,0,0,0,0,0,0,0,0,0,0,0,0,0,0,0,0,0,0,0,0,0,0,0,0,0,0,0,0,0,0,0,0,0,1.084,1.08,1.082,1.084,1.084,1.082,1.084,1.082,1.082,1.086,1.09
0,0,0,0,0,0,0,0,0,0,0,0,0,0,0,0,0,0,0,0,0,0,0,0,0,0,0,0,0,0,0,0,0,0,0,0,0,0,0,0,0,0,0,0,0,0,0,0,0,0,0,0,0,0,0,0,0,0,0,0,0,0,0,0,0,0,0.37,0.37,0.369,0.369,0.369,0.368,0.368,0.368,0.367,0.367,0.366,0.366,0.366,0.366,0.366,0.366,0.366,0.365,0.365,0.365,0.365,0.365,0.365,0.365,0.365,0.364,0.364,0.364,0.364,0.364,0.364,0.364,0.364,0.364,0.364,0.364,0.364,0.365,0.365,0.365,0.365,0.365,0.365,0.365,0.365,0.365,0.365,0.365,0.364,0.364,0.364,0.364,0.364,0.363,0.363,0.362,0.362,0.362,0.362,0.362,0.361,0.361,0.361,0.361,0.361,0.36,0.36,0.36,0.36,0.36,0.36,0.359,0.359,0.359,0.36,0.36,0.36,0.36,0.36,0.36,0.36,0.361,0.36,0.361,0.361,0.362,0.362,0.362,0.363,0.363,0.363,0.363,0.363,0.363,0.362,0.362,0.362,0.361,0.36,0.36,0.36,0.36,0.36,0.36,0.36,0.36,0.36,0.36,0.36,0.36,0.36,0.361,0.361,0.361,0.361,0.361,0.361,0.361,0.361,0.361,0.361,0.361,0.361,0.361,0.361,0.361,0.361,0.361,0.361,0.361,0.361,0.361,0.361,0.361,0.361,0.361,0.361,0.361,0.361,0.361,0.361,0.36,0.36,0.36,0.36,0.36,0.36,0.359,0.359,0.359,0.359,0.359,0.359,0.359,0.359,0.359,0.358,0.358,0.358,0.358,0.358,0.357,0.357,0.357,0.356,0.356,0.356,0.356,0.356,0.356,0.356,0.356,0.356,0.356,0.356,0.356,0.356,0.356,0.356,0.356,0.356,0.356,0.356,0.356,0.356,0.356,0.356,0.356,0.356,0.356,0.356,0.356,0.356,0.355,0.355,0.354,0.354,0.353,0.353,0.352,0.352,0.351,0.35,0.349,0.348,0.348,0.347,0.346,0.345,0.344,0.344,0.343,0.343,0,0.342,0.341,0.34,0.339,0.338,0.338,0.337,0.336,0.335,0.335,0.334,0.333,0.333,0.332,0.332,0.331,0.331,0.33,0.33,0.329,0.329,0.328,0.328,0.328,0.327,0.327,0.326,0.326,0.325,0.325,0.324,0.324,0.323,0.323,0.323,0.323,0.323,0.322,0.322,0.321,0.321,0.32,0.32,0.32,0.32,0.319,0.319,0.318,0.318,0.318,0.317,0.317,0.317,0.317,0.316,0.316,0.316,0.316,0.316,0.315,0.315,0.315,0.315,0.315,0.315,0.315,0.315,0.315,0.314,0.314,0.314,0.314,0.314,0.314,0.314,0.314,0.314,0.314,0.314,0.314,0.314,0.313,0.313,0.313,0.313,0.313,0.313,0.313,0.313,0.312,0.312,0.312,0.312,0.312,0.312,0.312,0.312,0.312,0.313,0.313,0.313,0.313,0.313,0.313,0.313,0.313,0.313,0.313,0.313,0.313,0.313,0.313,0.313,0.313,0.313,0.313,0.313,0.313,0.313,0.313,0.313,0.313,0.314,0.314,0.314,0.314,0.314,0.314,0.314,0.314,0.314,0.315,0.315,0.315,0.315,0.315,0.316,0.316,0.316,0.317,0.317,0.317,0.317,0.317,0.318,0.318,0.318,0.318,0.318,0.319,0.319,0.32,0.32,0.321,0.322,0.322,0.323,0.323,0.324,0.325,0.326,0.326,0.327,0.328,0.33,0.331,0.333,0.334,0.335,0.337,0.339,0.34,0.341,0.341,0.341,0.341,0.341,0.342,0.343,0.343,0.343,0.343,0.343,0.343,0.342,0.342,0.342,0.342,0.342,0.342,0.342,0.342,0.342,0.342,0.342,0.342,0.342,0.342,0.342,0.342,0.342,0.343,0.343,0.344,0.345,0.345,0.346,0,0,0.35,0.351,0.351,0.352,0.352,0.353,0.353,0.354,0.354,0.355,0.356,0.358,0.359,0.36,0.361,0.362,0.363,0,0,0,0,0,0,0,0,0,0,1.41,1.41,1.413,0,0,0,0,0,0,0,0,0,0,0,0,0,0,0,0,0,0,0,0,0,0,0,0,0,0,0,0,0,0,0,0,0,0,0,0.436,0.436,0.436,0.435,0,0,0,0,0,0,0,0,0,0,0,0,0,0,0,0,0,0,0,0,0,0,0,0,0,0,0,0,0,0,0,0,0,0,0,0,0,0,0,0,0,0,0,0,0,0,0,0,0,0,0,0,0,0,0,0,0,0,0,0,0,0,0,0,0,0,0,0,0,0,0,0,0,1.09,1.092,1.092,1.09,1.09,1.09,1.09,0,1.095
0,0,0,0,0,0,0,0,0,0,0,0,0,0,0,0,0,0,0,0,0,0,0,0,0,0,0,0,0,0,0,0,0,0,0,0,0,0,0,0,0,0,0,0,0,0,0,0,0,0,0,0,0,0,0,0,0,0,0,0,0,0,0,0,0,0,0.367,0,0.367,0.367,0.367,0.366,0.366,0.366,0.365,0.365,0.365,0.365,0.365,0.365,0.364,0.364,0.364,0.364,0.364,0.364,0.364,0.364,0.364,0.364,0.363,0.363,0.363,0.363,0.363,0.363,0.363,0.363,0.363,0.363,0.363,0.363,0.363,0.363,0.363,0.363,0.363,0.363,0.363,0.363,0.363,0.363,0.363,0.363,0.363,0.362,0.362,0.362,0.362,0.362,0.361,0.361,0.361,0.361,0.36,0.36,0.36,0.36,0.359,0.359,0.359,0.359,0.359,0.359,0.359,0.359,0.358,0.358,0.358,0.358,0.358,0.359,0.359,0.359,0.359,0.359,0.359,0.359,0.359,0.359,0.359,0,0,0.36,0.361,0.361,0.361,0.361,0.361,0.36,0.36,0.359,0.359,0.359,0.358,0.358,0.358,0.358,0.358,0.358,0.358,0.358,0.358,0.359,0.359,0.359,0.359,0.359,0.359,0.36,0.36,0.36,0.36,0.36,0.36,0.36,0.359,0.36,0.359,0.359,0.359,0.359,0.359,0.359,0.36,0.36,0.36,0.359,0.36,0.36,0.36,0.36,0.359,0.359,0.359,0.359,0.359,0.359,0.359,0.359,0.359,0.358,0.358,0.358,0.358,0.358,0.358,0.358,0.358,0.358,0.358,0.357,0.357,0.357,0.357,0.357,0.356,0.356,0.356,0.356,0.355,0.355,0.355,0.355,0.354,0.354,0.354,0.355,0.355,0.355,0.354,0.354,0,0,0.354,0.354,0.354,0.354,0.354,0.354,0.355,0.355,0.355,0.355,0.355,0.355,0.355,0.355,0.355,0.354,0.354,0.354,0.353,0.353,0.352,0.352,0.351,0.351,0.35,0.349,0.348,0.348,0.347,0.346,0.345,0.344,0.343,0.343,0.343,0.342,0.342,0.341,0.34,0.339,0.338,0.338,0.337,0.336,0.335,0.335,0.334,0.333,0.333,0.332,0.332,0.331,0.331,0.33,0.33,0.329,0.329,0.329,0.328,0.328,0.327,0.327,0.326,0.326,0.325,0.325,0.324,0.324,0.324,0.323,0.323,0.323,0.323,0.322,0.322,0.321,0.321,0.32,0.32,0.32,0.319,0.319,0.318,0.318,0.318,0.318,0.317,0.317,0.317,0.317,0.317,0.316,0.316,0.316,0.316,0.316,0.316,0.315,0.315,0.315,0.315,0.315,0.315,0.315,0.315,0.315,0.314,0.315,0.314,0.314,0.314,0.314,0.314,0.314,0.314,0.314,0.314,0.314,0.313,0.313,0.313,0.313,0.313,0.313,0.313,0.312,0.312,0.312,0.312,0.312,0.312,0.312,0.312,0.312,0.313,0.313,0,0.313,0.313,0.313,0.313,0.313,0.313,0.313,0.313,0.313,0.313,0.314,0.314,0.314,0.313,0.313,0.313,0.313,0.313,0.313,0.313,0.314,0.314,0.314,0.314,0.314,0.314,0.314,0.314,0.315,0.315,0.315,0.315,0.315,0.315,0.316,0.316,0.316,0.316,0.317,0.317,0.317,0.317,0.317,0.318,0.318,0.318,0.318,0.319,0.319,0.319,0.32,0.321,0.321,0.322,0.322,0.323,0.324,0.324,0.325,0.326,0.326,0.327,0.328,0.33,0.331,0.333,0.334,0.335,0.337,0.338,0.339,0.34,0.34,0.34,0.34,0.341,0.341,0.341,0.342,0.341,0.341,0.341,0.341,0.341,0.341,0.341,0.341,0.341,0.341,0.341,0.341,0.341,0.341,0.341,0.341,0.341,0.34,0.341,0.341,0.341,0.341,0.342,0.343,0.343,0,0,0,0,0,0,0.351,0.352,0.352,0.352,0.353,0.353,0.354,0.355,0.355,0.357,0.358,0.359,0.36,0.362,0.363,0.365,0,0,0,0,0,0,1.4,1.403,1.403,1.403,1.406,1.406,1.41,0,0,0,0,0,0,0,0,0,0,0,0,0,0,0,0,0,0,0,0,0,0,0,0,0,0,0,0,0,0,0,0,0,0,0.436,0.436,0.436,0.435,0,0,0,0,0,0,0,0,0,0,0,0,0,0,0,0,0,0,0,0,0,0,0,0,0,0,0,0,0,0,0,0,0,0,0,0,0,0,0,0,0,0,0,0,0,0,0,0,0,0,0,0,0,0,0,0,0,0,0,0,0,0,0,0,0,0,0,0,0,0,0,0,1.095,0,0,1.099,1.097,1.097,1.097,1.099,0,0
0,0,0,0,0,0,0,0,0,0,0,0,0,0,0,0,0,0,0,0,0,0,0,0,0,0,0,0,0,0,0,0,0,0,0,0,0,0,0,0,0,0,0,0,0,0,0,0,0,0,0,0,0,0,0,0,0,0,0,0,0,0,0.364,0.365,0.365,0.365,0,0,0,0.365,0.365,0.365,0.364,0.364,0.364,0.364,0.363,0.363,0.363,0.363,0.363,0.363,0.363,0.363,0.363,0.363,0.363,0.363,0.363,0.363,0.362,0.362,0.362,0.362,0.362,0.362,0.362,0.362,0.362,0.362,0.362,0.362,0.362,0.362,0.362,0.362,0.361,0.361,0.361,0.361,0.361,0.361,0.361,0.361,0.36,0.36,0.36,0.36,0.36,0.36,0.36,0.36,0.359,0.359,0.359,0.359,0.359,0.358,0.358,0.358,0.358,0.358,0.358,0.357,0.357,0.357,0.357,0.357,0.357,0.357,0.357,0.357,0.357,0.357,0.357,0.357,0.358,0.357,0.357,0.358,0.358,0.358,0.359,0.359,0.359,0.359,0.359,0.359,0.359,0.358,0.358,0.357,0.357,0.356,0.356,0.356,0.356,0.356,0.356,0.356,0.356,0.357,0.357,0.357,0.357,0.357,0.358,0.358,0.358,0.358,0.358,0.358,0.358,0.358,0.358,0.358,0.358,0.358,0.358,0.358,0.358,0.358,0.358,0.358,0.358,0.358,0.358,0.358,0.358,0.358,0.358,0.358,0.358,0.358,0.358,0.358,0.358,0.357,0.357,0.357,0.357,0.357,0.356,0.356,0.356,0.356,0.356,0.356,0.356,0.356,0.356,0.356,0.356,0.356,0.356,0.355,0.355,0.355,0.355,0.354,0.354,0.354,0.354,0.353,0.353,0.353,0.353,0.353,0.353,0.353,0.353,0.353,0.353,0.353,0.353,0.353,0.353,0.353,0.353,0.353,0.353,0.353,0.353,0.353,0.353,0.353,0.353,0.353,0.353,0.353,0.353,0.352,0.352,0.352,0.351,0.351,0.351,0.35,0.35,0.349,0.348,0.347,0.347,0.346,0.345,0.344,0.343,0.343,0.343,0.342,0.342,0.341,0.34,0.339,0.338,0.338,0.337,0.336,0.335,0.335,0.334,0.333,0.333,0.332,0.332,0.331,0.331,0.33,0.33,0.33,0.329,0.329,0.328,0.328,0.328,0.327,0.327,0.326,0.325,0.325,0.325,0.324,0.324,0.324,0.323,0.323,0.323,0.323,0.322,0.322,0.321,0.321,0.32,0.32,0.319,0.319,0.318,0.318,0.318,0.318,0.317,0.317,0.317,0.317,0.317,0.317,0.317,0.316,0.316,0.316,0.316,0.316,0.315,0.315,0.315,0.315,0.315,0.315,0.315,0.315,0.315,0.315,0.315,0.315,0.314,0.314,0.314,0.314,0.314,0.314,0.314,0.314,0.313,0.313,0.313,0.313,0.313,0.313,0.313,0.313,0.313,0.312,0.312,0.312,0.312,0.312,0.312,0.312,0.313,0.313,0,0,0.313,0.313,0.313,0.313,0.313,0.313,0.313,0.313,0.313,0.314,0.314,0.313,0.313,0.313,0.313,0.313,0.313,0.314,0.314,0.314,0.314,0.314,0.314,0.314,0.314,0.314,0.315,0.315,0.315,0.315,0.315,0.315,0.315,0.316,0.316,0.316,0.316,0.317,0.317,0.317,0.317,0.317,0.318,0.318,0.318,0.318,0.319,0.319,0.32,0.32,0.321,0.321,0.322,0.323,0.323,0.324,0.324,0.325,0.326,0.327,0.327,0.328,0.33,0.331,0.332,0.333,0.335,0.336,0.337,0.339,0.34,0.339,0.34,0.34,0.34,0.34,0.34,0.34,0.34,0.34,0.34,0.34,0.34,0.339,0.339,0.339,0.339,0.339,0.339,0.34,0.34,0.34,0.34,0.34,0.34,0.34,0.34,0.34,0.34,0.34,0.341,0.342,0.342,0,0,0,0,0,0,0.351,0.352,0.352,0.352,0.353,0.353,0.354,0.354,0.355,0.356,0.358,0.359,0.36,0.361,0.363,0,0,0,1.394,0,0,1.394,1.397,1.397,1.4,1.397,1.397,1.4,1.4,1.403,0,0,0,0,0,0,0,0,0,0,0,0,0,0,0,0,0,0,0,0,0,0,0,0,0,0,0,0,0,0,0,0.436,0.436,0.436,0.436,0.436,0.435,0,0,0,0,0,0,0,0,0,0,0,0,0,0,0,0,0,0,0,0,0,0,0,0,0,0,0,0,0,0,0,0,0,0,0,0,0,0,0,0,0,0,0,0,0,0,0,0,0,0,0,0,0,0,0,0,0,0,0,0,0,0,0,0,0,0,0,0,0,0,0,1.097,1.097,1.099,1.101,1.103,1.103,1.105,1.107,1.109,0,0
0,0,0,0,0,0,0,0,0,0,0,0,0,0,0,0,0,0,0,0,0,0,0,0,0,0,0,0,0,0,0,0,0,0,0,0,0,0,0,0,0,0,0,0,0,0,0,0,0,0,0,0,0,0,0,0,0,0,0,0,0,0,0,0.361,0.362,0.362,0,0,0.363,0.363,0.363,0.363,0.363,0.362,0.362,0.362,0.362,0.362,0.362,0.362,0.362,0.362,0.362,0.362,0.362,0.362,0.362,0.362,0.362,0.362,0.362,0.362,0.361,0.361,0.361,0.361,0.361,0.361,0.361,0.361,0.36,0.36,0.36,0.36,0.36,0.36,0.36,0,0.359,0.359,0.359,0.359,0.359,0.359,0.359,0.359,0.359,0.359,0.359,0.359,0.358,0.358,0.358,0.358,0.357,0.357,0.357,0.357,0.356,0.356,0.356,0.356,0.356,0.356,0.356,0.356,0.356,0.356,0.356,0.356,0.356,0.356,0.356,0.356,0.356,0.356,0.356,0.356,0.356,0.356,0.356,0.357,0.357,0.357,0.357,0.357,0.357,0.357,0.357,0.356,0.356,0.355,0.355,0.355,0.354,0.354,0.354,0.354,0.354,0.355,0.355,0.355,0.355,0.355,0.356,0.356,0.356,0.356,0.356,0.356,0.356,0.356,0.356,0.357,0.357,0.356,0.357,0.357,0.357,0.357,0.357,0.357,0.356,0.357,0.357,0.357,0.356,0.356,0.356,0.356,0.356,0.356,0.356,0.356,0.356,0.356,0.356,0.356,0.356,0.356,0.355,0.355,0.355,0.355,0.354,0.354,0.354,0.354,0.354,0.354,0.355,0.355,0.355,0.354,0.354,0.354,0.354,0.353,0.353,0.353,0.352,0.352,0.352,0.352,0.352,0.352,0.352,0.352,0.352,0.351,0.351,0.351,0.351,0.351,0.351,0.351,0.351,0.351,0.351,0.351,0.352,0.352,0.352,0.352,0.352,0.352,0.352,0.352,0.352,0.352,0.351,0.351,0.351,0.351,0.35,0.35,0.35,0.349,0.349,0.348,0.348,0.347,0.346,0.345,0.345,0.344,0.343,0.343,0.342,0.342,0.341,0.341,0.34,0.34,0.338,0.338,0.337,0.336,0.335,0.334,0.334,0.333,0.333,0.332,0.332,0.331,0.331,0.331,0.33,0.33,0.329,0.329,0.329,0.328,0.328,0.327,0.327,0.326,0.326,0.325,0.325,0.324,0.324,0.324,0.324,0.323,0.323,0.323,0.322,0.322,0.321,0.321,0.32,0.32,0.319,0.319,0.318,0.318,0.318,0.318,0.318,0.317,0.317,0.317,0.317,0.317,0.317,0.317,0.317,0.316,0.316,0.316,0.316,0.315,0.315,0.315,0.315,0.315,0.315,0.315,0.315,0.315,0.315,0.315,0.315,0.314,0.314,0.314,0.314,0.314,0.314,0.313,0.313,0.313,0.313,0.313,0.313,0.313,0.313,0.313,0.313,0.313,0.313,0.313,0.313,0.312,0.312,0.312,0.313,0.313,0.313,0,0,0.313,0.313,0.313,0.313,0.313,0.313,0.313,0.313,0.314,0.314,0.314,0.313,0.313,0.313,0.313,0.314,0.314,0.314,0.314,0.314,0.314,0.314,0.315,0.315,0.315,0.315,0.315,0.315,0.315,0.315,0.315,0.316,0.316,0.316,0.316,0.316,0.317,0.317,0.317,0.317,0.317,0.318,0.318,0.318,0.318,0.319,0.319,0.32,0.32,0.321,0.322,0.322,0.323,0.323,0.324,0.325,0.326,0.326,0.327,0.328,0.328,0.33,0.331,0.332,0.333,0.335,0.336,0.337,0.338,0.339,0.339,0.339,0.339,0.339,0.339,0.339,0.34,0.339,0.339,0.339,0.339,0.338,0.338,0.338,0.338,0.338,0.338,0.338,0.338,0.338,0.338,0.338,0.338,0.339,0.339,0.339,0.339,0.339,0.339,0.34,0.34,0,0,0,0,0,0,0,0.351,0.351,0.352,0.352,0.352,0.353,0.353,0.354,0.355,0.356,0.357,0.358,0.359,0.361,0,0,1.39,1.39,1.39,1.39,1.39,1.39,1.394,1.394,1.39,1.394,1.394,1.39,1.394,1.394,0,0,0,0,0,0,0,0,0,0,0,0,0,0,0,0,0,0,0,0,0,0,0,0,0,0,0,0,0,0,0,0.436,0.436,0.436,0.436,0.436,0.436,0,0,0,0,0,0,0,0,0.398,0.398,0.398,0.398,0.398,0,0,0,0,0,0,0,0,0,0,0,0,0,0,0,0,0,0,0,0,0,0,0,0,0,0,0,0,0,0,0,0,0,0,0,0,0,0,0,0,0,0,0,0,0,0,0,0,0,0,0,0,0,0,0,0,0,1.103,1.105,1.105,1.107,1.109,0,1.111,1.111,1.113,1.115,0,1.117
0,0,0,0,0,0,0,0,0,0,0,0,0,0,0,0,0,0,0,0,0,0,0,0,0,0,0,0,0,0,0,0,0,0,0,0,0,0,0,0,0,0,0,0,0,0,0,0,0,0,0,0,0,0,0,0,0,0,0,0,0,0,0,0.359,0.359,0.359,0,0,0,0,0.361,0.361,0.361,0.361,0.361,0.361,0.361,0.361,0.361,0.361,0.36,0.361,0.361,0.361,0.361,0.361,0.361,0.361,0.361,0.361,0.361,0.361,0.361,0.361,0.361,0.36,0.36,0.36,0.36,0.36,0.359,0.359,0.359,0.359,0.359,0.359,0.358,0.358,0.358,0.358,0.358,0.358,0.357,0.357,0.357,0.357,0.357,0.357,0.357,0.357,0.357,0.357,0.356,0.356,0.356,0.356,0.355,0.355,0.355,0.355,0.355,0.355,0.354,0.355,0.355,0.354,0.354,0.354,0.354,0.354,0.354,0.354,0.354,0.354,0.354,0.355,0.355,0.354,0.354,0.355,0.355,0.355,0.355,0.355,0.355,0.355,0.355,0.355,0.355,0.354,0.354,0.354,0.353,0.353,0.353,0.353,0.353,0.353,0.353,0.353,0.353,0.354,0.354,0.354,0.354,0.354,0.354,0.355,0.355,0.355,0.355,0.355,0.355,0.355,0.355,0.355,0.355,0.355,0.355,0.355,0.355,0.355,0.355,0.355,0.355,0.355,0.355,0.354,0.354,0.354,0.354,0.354,0.354,0.354,0.354,0.354,0.354,0.354,0.354,0.354,0.354,0.354,0.353,0.353,0.353,0.353,0.353,0.353,0.353,0.353,0.353,0.353,0.353,0.353,0.353,0.352,0.352,0.352,0.352,0.351,0.351,0.351,0.351,0.351,0.35,0.35,0.35,0.35,0.35,0.35,0.35,0.349,0.35,0.35,0.349,0.349,0.35,0.35,0.35,0.35,0.35,0.35,0.35,0.35,0.351,0.35,0.351,0.351,0.35,0.35,0.35,0.35,0.35,0.349,0.349,0.349,0.349,0.348,0.348,0.347,0.347,0.346,0.345,0.345,0.344,0.344,0.343,0.343,0.342,0.342,0.341,0.341,0.34,0.34,0.339,0.338,0.337,0.336,0.335,0.335,0.334,0.333,0.333,0.332,0.332,0.331,0.331,0.331,0.33,0.33,0.33,0.329,0.329,0.328,0.328,0.327,0.327,0.326,0.326,0.325,0.325,0.325,0.324,0.324,0.324,0.323,0.323,0.323,0.323,0.322,0.321,0.321,0.32,0.32,0.319,0.319,0.319,0.318,0.318,0.318,0.318,0.318,0.318,0.318,0.317,0.317,0.317,0.317,0.317,0.317,0.316,0.316,0.316,0.316,0.315,0.315,0.315,0.315,0.315,0.315,0.315,0.315,0.315,0.315,0.315,0.315,0.314,0.314,0.314,0.314,0.314,0.314,0.313,0.313,0.313,0.313,0.313,0.313,0.313,0.313,0.313,0.313,0.313,0.313,0.313,0.313,0.312,0.313,0.313,0.313,0.313,0.313,0.313,0.313,0.313,0.313,0.314,0.314,0.314,0.314,0.314,0.314,0.314,0.314,0.314,0.313,0.314,0.314,0.314,0.314,0.314,0.314,0.314,0.315,0.315,0.315,0.315,0.315,0.315,0.315,0.315,0.315,0.315,0.316,0.316,0.316,0.316,0.316,0.317,0.317,0.317,0.317,0.317,0.317,0.318,0.318,0.318,0.319,0.319,0.319,0.32,0.321,0.321,0.322,0.322,0.323,0.324,0.324,0.325,0.326,0.327,0.327,0.328,0.329,0.33,0.331,0.332,0.333,0.334,0.335,0.337,0.337,0.338,0.338,0.338,0.338,0.338,0.338,0.338,0.338,0.338,0.338,0.338,0.337,0.337,0.337,0.337,0.337,0.337,0.337,0.337,0.337,0.337,0.337,0.337,0.337,0.338,0.338,0.338,0.338,0.338,0.338,0.338,0,0.339,0.34,0.341,0.343,0,0,0,0.35,0.351,0.351,0.352,0.352,0.353,0.353,0.354,0.354,0.355,0.356,0.358,0.359,0,0,0,1.39,1.39,1.39,1.387,1.387,1.387,1.387,1.387,1.387,1.384,1.387,1.384,1.384,1.384,0,0,0,0,0,0,0,0,0,0,0,0,0,0,0,0,0,0,0,0,0,0,0,0,0,0,0,0,0,0,0,0.436,0.436,0.436,0.436,0.436,0.436,0,0,0,0,0,0,0,0,0.397,0.397,0.397,0.397,0.397,0,0,0,0,0,0,0,0,0,0,0,0,0,0,0,0,0,0,0,0,0,0,0,0,0,0,0,0,0,0,0,0,0,0,0,0,0,0,0,0,0,0,0,0,0,0,0,0,0,0,0,0,0,0,0,0,0,1.099,1.101,1.101,1.103,1.103,1.107,1.107,1.105,1.107,0,0,0
0,0,0,0,0,0,0,0,0,0,0,0,0,0,0,0,0,0,0,0,0,0,0,0,0,0,0,0,0,0,0,0,0,0,0,0,0,0,0,0,0,0,0,0,0,0,0,0,0,0,0,0,0,0,0,0,0,0,0,0,0,0,0.358,0.357,0.358,0.358,0.358,0.358,0.358,0.359,0.359,0.359,0.359,0.359,0.359,0.359,0.359,0.359,0.359,0.36,0.36,0.36,0.36,0.36,0.36,0.36,0.36,0.36,0.36,0.36,0.36,0.36,0.36,0.36,0.36,0.36,0.359,0.359,0.359,0.359,0.358,0.358,0.358,0.358,0.358,0.357,0.357,0.357,0.356,0.356,0.356,0.356,0.356,0.356,0.356,0.356,0.356,0.356,0.355,0.355,0.355,0.355,0.355,0.355,0.354,0.354,0.354,0.354,0.354,0.353,0.353,0.353,0.353,0.353,0.353,0.353,0.353,0.353,0.353,0.353,0.353,0.353,0.353,0.353,0.353,0.353,0.353,0.353,0.353,0.353,0.353,0.354,0.354,0.354,0.354,0.354,0.354,0.354,0.353,0.353,0.352,0.352,0.352,0.351,0.351,0.351,0.351,0.352,0.352,0.352,0.352,0.352,0.353,0.353,0.353,0.353,0.353,0.353,0.353,0.353,0.353,0.353,0.353,0.353,0.353,0.353,0.353,0.354,0.354,0.354,0.353,0.353,0.353,0.353,0.353,0.353,0.352,0.352,0.352,0.352,0.352,0.353,0.352,0.353,0.353,0.353,0.353,0.353,0.353,0.353,0.352,0.352,0.352,0.352,0.352,0.351,0.351,0.351,0.351,0.351,0.351,0.351,0.351,0.351,0.351,0.351,0.351,0.35,0.35,0.35,0.35,0.35,0.35,0.349,0.349,0.349,0.349,0.349,0.349,0.348,0.348,0.348,0.348,0.348,0.348,0.348,0.348,0.349,0.349,0.349,0.349,0.349,0.349,0.349,0.349,0.349,0.349,0.349,0.349,0.349,0.349,0,0.348,0.348,0.348,0.348,0.347,0.347,0.347,0.346,0.346,0.345,0.345,0.344,0.344,0.343,0.343,0.342,0.342,0.341,0.341,0.341,0.34,0.339,0.338,0.337,0.337,0.336,0.335,0.335,0.334,0.333,0.333,0.333,0.332,0.332,0.331,0.331,0.331,0.33,0.33,0.329,0.329,0.328,0.328,0.328,0.327,0.326,0.326,0.325,0.325,0.325,0.325,0.324,0.324,0.324,0.323,0.323,0.323,0.322,0.321,0.321,0.321,0.32,0.32,0.319,0.319,0.319,0.318,0.318,0.318,0.318,0.318,0.318,0.318,0.318,0.318,0.317,0.317,0.317,0.317,0.317,0.316,0.316,0.316,0.315,0.316,0.315,0.315,0.315,0.315,0.315,0.315,0.315,0.315,0.315,0.314,0.314,0.314,0.314,0.314,0.313,0.313,0.313,0.313,0.313,0.313,0.313,0.313,0.313,0.313,0.313,0.313,0.313,0.313,0.313,0.313,0.313,0.313,0.313,0.313,0.313,0.313,0.313,0.313,0.314,0.314,0.314,0.314,0.314,0.314,0.314,0.314,0.314,0.314,0.314,0.314,0.314,0.314,0.314,0.314,0.314,0.315,0.315,0.315,0.315,0.315,0.315,0.315,0.316,0.316,0.316,0.316,0.316,0.316,0.316,0.316,0.317,0.317,0.317,0.317,0.317,0.317,0.318,0.318,0.318,0.318,0.319,0.319,0.32,0.32,0.321,0.321,0.322,0.322,0.323,0.324,0.325,0.325,0.326,0.327,0.327,0.328,0.329,0.33,0.331,0.332,0.333,0.334,0.335,0.336,0.337,0.337,0.337,0.337,0.337,0.337,0.337,0.337,0.337,0.337,0.337,0.337,0.336,0.336,0.336,0.336,0.336,0.336,0.336,0.336,0.336,0.336,0.336,0.336,0.337,0.337,0.337,0.337,0.337,0.337,0.337,0,0,0.338,0.339,0.34,0.342,0,0,0,0.349,0.35,0.351,0.351,0.352,0.352,0.353,0.353,0.354,0.355,0.356,0,0,0,0,0,1.39,1.387,1.387,1.387,1.387,1.384,1.381,1.384,1.381,1.381,1.381,1.378,1.378,1.381,0,0,0,0,0,0,0,0,0,0,0,0,0,0,0,0,0,0,0,0,0,0,0,0,0,0,0,0,0,0,0,0.437,0.436,0.436,0.436,0.436,0.436,0,0,0,0,0,0,0,0,0.397,0.397,0.397,0.396,0.396,0,0,0,0,0,0,0,0,0,0,0,0,0,0,0,0,0,0,0,0,0,0,0,0,0,0,0,0,0,0,0,0,0,0,0,0,0,0,0,0,0,0,0,0,0,0,0,0,0,0,0,0,0,0,0,0,0,0,1.103,1.103,1.103,1.103,1.105,1.105,1.103,1.103,0,0,0
0,0,0,0,0,0,0,0,0,0,0,0,0,0,0,0,0,0,0,0,0,0,0,0,0,0,0,0,0,0,0,0,0,0,0,0,0,0,0,0,0,0,0,0,0,0,0,0,0,0,0,0,0,0,0,0,0,0,0,0,0,0,0.357,0.357,0.356,0.357,0.357,0.357,0.357,0.357,0.357,0.357,0.358,0.358,0.358,0.358,0.358,0.358,0.358,0.358,0.358,0.359,0.359,0.359,0.359,0.359,0.359,0.359,0.359,0.359,0.359,0.359,0.359,0.359,0.359,0.359,0.358,0.358,0.358,0.358,0.357,0.357,0.357,0.356,0.356,0.356,0.355,0.355,0.355,0.354,0.354,0.354,0.354,0.354,0.354,0.354,0.354,0.354,0.354,0.354,0.354,0.354,0.354,0.353,0.353,0.353,0.353,0.353,0.352,0.352,0.352,0.352,0.352,0.352,0.352,0.352,0.352,0.352,0.352,0.352,0.352,0.352,0.352,0.352,0.352,0.352,0.352,0.352,0.352,0.352,0.352,0.352,0.352,0.352,0.352,0.352,0.352,0.352,0.352,0.351,0.351,0.351,0.351,0.351,0.351,0.35,0.35,0.351,0.351,0.351,0.351,0.351,0.351,0.351,0.351,0.352,0.352,0.352,0.352,0.352,0.352,0.352,0.352,0.351,0.352,0.352,0.352,0.352,0.352,0.352,0.352,0.351,0.351,0.351,0.351,0.35,0.351,0.35,0.35,0.35,0.351,0.351,0.351,0.351,0.351,0.351,0.351,0.351,0.351,0.351,0.351,0.351,0.35,0.35,0.35,0.35,0.35,0.35,0.35,0.35,0.35,0.35,0.35,0.349,0.349,0.349,0.349,0.349,0.349,0.349,0.349,0.348,0.348,0.348,0.348,0.348,0.348,0.348,0.348,0.347,0.347,0.347,0.347,0.348,0.348,0.348,0.348,0.348,0.348,0.348,0.348,0.348,0.348,0.348,0.348,0.348,0.348,0.348,0.348,0.347,0.347,0.347,0.347,0.347,0.346,0.346,0.346,0.346,0.345,0.345,0.345,0.344,0.344,0.344,0.343,0.342,0.342,0.342,0.341,0.341,0.34,0.34,0.34,0.339,0.338,0.337,0.336,0.336,0.335,0.335,0.334,0.333,0.333,0.333,0.332,0.332,0.332,0.331,0.331,0.33,0.33,0.329,0.329,0.328,0.328,0.328,0.327,0.327,0.326,0.326,0.326,0.325,0.325,0.325,0.324,0.324,0.324,0.323,0.323,0.322,0.322,0.321,0.321,0.32,0.32,0.32,0.319,0.319,0.319,0.318,0.318,0.318,0.318,0.318,0.318,0.318,0.318,0.318,0.317,0.317,0.317,0.317,0.316,0.316,0.316,0.316,0.316,0.316,0.316,0.315,0.315,0.315,0.315,0.315,0.315,0.315,0.315,0.314,0.314,0.314,0.314,0.314,0.313,0.313,0.313,0.313,0.313,0.313,0.313,0.313,0.313,0.313,0.313,0.313,0.313,0.313,0.313,0.313,0.313,0.313,0.313,0.313,0.313,0.313,0.313,0.314,0.314,0.314,0.314,0.314,0.314,0.314,0.314,0.314,0.314,0.314,0.314,0.314,0.314,0.314,0.314,0.315,0.315,0.315,0.315,0.315,0.315,0.316,0.316,0.316,0.316,0.316,0.316,0.316,0.316,0.316,0.317,0.317,0.317,0.317,0.317,0.317,0.318,0.318,0.318,0.318,0.318,0.319,0.319,0.32,0.32,0.321,0.321,0.322,0.322,0.323,0.324,0.324,0.325,0.326,0.327,0.327,0.328,0.328,0.329,0.33,0.331,0.332,0.333,0.334,0.335,0.336,0.336,0.336,0.336,0.336,0.336,0.336,0.336,0.336,0.336,0.336,0.335,0.335,0.335,0.335,0.335,0.335,0.335,0.335,0.335,0.335,0.335,0.336,0.336,0.336,0.336,0.337,0.336,0.336,0.336,0,0,0,0,0,0,0,0,0,0,0,0,0,0.351,0.351,0.352,0.352,0.353,0.353,0.354,0,0,0,0,0,0,1.39,1.387,1.387,1.384,1.384,1.381,1.381,1.381,1.378,1.378,1.375,1.372,1.372,1.372,1.375,0,0,0,0,0,0,0,0,0,0,0,0,0,0,0,0,0,0,0,0,0,0,0,0,0,0,0,0,0,0,0.437,0.437,0.437,0.437,0.437,0.437,0,0,0,0,0,0,0.396,0,0.396,0.396,0.396,0.396,0.396,0,0,0,0,0,0,0,0,0,0,0,0,0,0,0,0,0,0,0,0,0,0,0,0,0,0,0,0,0,0,0,0,0,0,0,0,0,0,0,0,0,0,0,0,0,0,0,0,0,0,0,0,0,0,0,0,0,1.105,1.105,1.105,1.105,1.103,1.105,1.103,1.101,1.101,1.101,1.099,1.097
0,0,0,0,0,0,0,0,0,0,0,0,0,0,0,0,0,0,0,0,0,0,0,0,0,0,0,0,0,0,0,0,0,0,0,0,0,0,0,0,0,0,0,0,0,0,0,0,0,0,0,0,0,0,0,0,0,0,0,0,0,0,0.356,0.356,0.355,0.355,0.356,0.355,0.356,0.356,0.356,0.356,0.356,0.356,0.356,0.357,0.357,0.357,0.357,0.357,0.357,0.358,0.358,0.357,0.357,0.357,0.357,0.357,0.357,0.357,0.357,0.357,0.357,0.357,0.357,0.356,0.356,0.356,0.356,0.355,0.355,0.355,0.354,0.354,0.354,0.353,0.353,0.353,0.352,0.352,0.352,0.352,0.352,0.352,0.352,0.352,0.353,0.353,0.353,0.353,0.353,0.352,0.352,0.352,0.352,0.352,0.351,0.351,0.351,0.351,0.351,0.351,0.351,0.351,0.35,0.35,0.35,0.35,0.35,0.35,0.35,0.35,0.35,0.35,0.35,0.35,0.35,0.35,0.351,0.351,0.351,0.351,0.351,0.351,0.351,0.351,0.351,0.351,0.35,0.35,0.35,0.35,0.35,0.35,0.35,0.349,0.35,0.35,0.35,0.35,0.35,0.35,0.35,0.35,0.35,0.35,0.35,0.35,0.35,0.35,0.35,0.35,0.35,0.35,0.35,0.35,0.35,0.35,0.35,0.35,0.349,0.349,0.349,0.349,0.349,0.348,0.348,0.348,0.348,0.348,0.349,0.349,0.349,0.35,0.35,0.35,0.35,0.35,0.35,0.35,0.35,0.349,0.349,0.349,0.349,0.348,0.348,0.348,0.348,0.348,0.348,0.348,0.348,0.348,0.348,0.348,0.348,0.347,0.347,0.347,0.347,0.347,0.347,0.347,0.347,0.347,0.347,0.346,0.346,0.346,0.346,0.346,0.346,0.346,0.347,0.347,0.347,0.347,0.347,0.347,0.347,0.347,0.347,0.347,0.347,0.347,0.347,0.346,0.346,0.346,0.346,0.346,0.345,0.345,0.345,0.345,0.345,0.344,0.344,0.344,0.344,0.343,0.343,0.342,0.342,0.342,0.342,0.341,0.341,0.34,0.34,0.34,0.339,0.338,0.338,0.337,0.336,0.336,0.335,0.335,0.334,0.334,0.333,0.333,0.333,0.332,0.332,0.331,0.331,0.33,0.33,0.33,0.329,0.329,0.328,0.328,0.327,0.327,0.326,0.326,0.326,0.325,0.325,0.325,0.324,0.324,0.324,0.324,0.323,0.323,0.322,0.321,0.321,0.321,0.32,0.32,0.319,0.319,0.319,0.319,0.319,0.319,0.319,0.319,0.319,0.318,0.318,0.318,0.318,0.318,0.317,0.317,0.317,0.316,0.316,0.316,0.316,0.316,0.316,0.316,0.316,0.315,0.315,0.315,0.315,0.315,0.315,0.314,0.314,0.314,0.314,0.314,0.314,0.313,0.313,0.313,0.313,0.313,0.313,0.313,0.313,0.313,0.313,0.313,0.313,0.313,0.313,0.313,0.313,0.313,0.313,0.313,0.313,0.313,0.313,0.314,0.314,0.314,0.314,0.314,0.314,0.314,0.314,0.314,0.314,0.314,0.314,0.314,0.314,0.315,0.315,0.315,0.315,0.315,0.315,0.316,0.316,0.316,0.316,0.316,0.316,0.316,0.316,0.316,0.317,0.317,0.317,0.317,0.317,0.317,0.317,0.318,0.318,0.318,0.318,0.318,0.319,0.319,0.319,0.32,0.32,0.321,0.321,0.322,0.323,0.323,0.324,0.324,0.325,0.326,0.326,0.327,0.328,0.328,0.329,0.33,0.331,0.332,0.333,0.333,0.334,0.335,0.335,0.335,0.335,0.335,0.335,0.335,0.335,0.335,0.335,0.334,0.334,0.334,0.334,0.334,0.334,0.334,0.334,0.334,0.334,0.334,0.334,0.335,0.335,0.335,0.335,0.336,0.336,0.336,0.335,0,0.336,0.336,0,0,0.34,0.341,0.344,0.346,0,0.348,0.349,0.35,0.35,0.351,0.351,0.352,0.352,0.353,0,0,0,0,0,0,0,1.39,1.387,1.387,1.384,1.381,1.378,1.378,1.378,1.375,1.375,1.369,1.369,1.369,1.369,1.369,0,0,0,0,0,0,0,0,0,0,0,0,0,0,0,0,0,0,0,0,0,0,0,0,0,0,0,0,0,0,0.438,0.437,0.437,0.437,0.437,0.437,0,0,0,0,0,0,0.396,0,0.396,0.396,0.396,0.395,0.395,0.395,0,0,0,0,0,0,0,0,0,0,0,0,0,0,0,0,0,0,0,0,0,0,0,0,0,0,0,0,0,0,0,0,0,0,0,0,0,0,0,0,0,0,0,0,0,0,0,0,0,0,0,0,0,0,0,1.109,1.109,1.107,1.107,1.105,1.101,1.103,1.101,1.097,1.097,1.095,1.095,1.092
0,0,0,0,0,0,0,0,0,0,0,0,0,0,0,0,0,0,0,0,0,0,0,0,0,0,0,0,0,0,0,0,0,0,0,0,0,0,0,0,0,0,0,0,0,0,0,0,0,0,0,0,0,0,0,0,0,0,0,0,0,0,0.355,0.354,0.354,0.354,0.354,0.354,0.354,0.354,0.354,0.355,0.355,0.355,0.355,0.355,0.356,0.356,0.356,0.356,0.356,0.356,0.355,0.355,0.355,0.355,0.355,0.355,0.355,0.355,0.355,0.355,0.355,0.355,0.355,0.355,0.354,0.354,0.354,0.354,0.353,0.353,0.352,0.352,0.352,0.351,0.351,0.351,0.351,0.351,0.351,0.351,0.351,0.351,0.351,0.351,0.351,0.351,0.351,0.351,0.351,0.351,0.351,0.351,0.351,0.35,0.35,0.35,0.35,0.35,0.349,0.349,0.349,0.349,0.349,0.349,0.349,0.349,0.349,0.349,0.349,0.349,0.349,0.349,0.349,0.349,0.349,0.349,0.349,0.349,0.35,0.35,0.35,0.35,0.35,0.35,0.35,0.35,0.349,0.349,0.349,0.349,0.349,0.349,0.349,0.348,0.349,0.349,0.349,0.349,0.349,0.349,0.348,0.349,0.349,0.348,0.348,0.348,0.348,0.348,0.348,0.348,0.348,0.348,0.348,0.348,0.348,0.348,0.348,0.348,0.347,0,0,0.346,0.346,0.346,0.346,0.346,0.346,0.346,0.347,0.347,0.348,0.348,0.348,0.348,0.349,0.349,0.349,0.349,0.348,0.348,0.348,0.347,0.347,0.347,0.346,0.346,0.346,0.346,0.346,0.346,0.346,0.346,0.346,0.346,0.346,0.346,0.346,0.346,0.346,0.346,0.346,0.346,0.345,0.345,0.345,0.345,0.345,0.345,0.345,0.345,0.345,0.345,0.346,0.346,0.346,0.346,0.346,0.346,0.346,0.346,0.346,0.346,0.345,0.345,0.345,0.345,0.345,0.344,0.344,0.344,0.344,0.344,0.344,0.344,0.344,0.343,0.343,0.343,0.342,0.342,0.342,0.341,0.341,0.341,0.341,0.341,0.34,0.34,0.339,0.339,0.339,0.338,0.337,0.337,0.336,0.335,0.335,0.335,0.334,0.334,0.334,0.333,0.333,0.333,0.332,0.332,0.331,0.331,0.33,0.33,0.329,0.329,0.328,0.328,0.327,0.327,0.326,0.326,0.326,0.326,0.325,0.325,0.325,0.324,0.324,0.324,0.323,0.323,0.322,0.322,0.321,0.321,0.32,0.32,0.32,0.319,0.319,0.319,0.319,0.319,0.319,0.319,0.319,0.319,0.318,0.318,0.318,0.318,0.317,0.317,0.317,0.317,0.316,0.316,0.316,0.316,0.316,0.316,0.316,0.316,0.315,0.315,0.315,0.315,0.315,0.315,0.314,0.314,0.314,0.314,0.314,0.314,0.313,0.313,0.313,0.313,0.313,0.313,0.313,0.313,0.313,0.313,0.313,0.313,0.313,0.313,0.313,0.313,0.313,0.313,0.313,0.313,0.314,0.314,0.314,0.314,0.314,0.314,0.314,0.314,0.314,0.314,0.314,0.314,0.314,0.314,0.315,0.315,0.315,0.315,0.315,0.316,0.316,0.316,0.316,0.316,0.316,0.316,0.316,0.317,0.317,0.317,0.317,0.317,0.317,0.317,0.317,0.317,0.317,0.318,0.318,0.318,0.318,0.319,0.319,0.319,0.32,0.32,0.32,0.321,0.321,0.322,0.323,0.323,0.324,0.324,0.325,0.326,0.326,0.327,0.327,0.328,0.329,0.33,0.331,0.331,0.332,0.333,0.333,0.334,0.334,0.334,0.334,0.334,0.334,0.334,0.334,0.334,0.333,0.333,0.333,0.333,0.333,0.333,0.333,0.333,0.333,0.333,0.333,0.334,0.334,0.334,0.334,0.334,0.335,0.335,0.335,0.335,0.335,0.335,0,0.336,0.337,0,0.339,0.34,0.343,0.344,0.345,0.347,0.348,0.349,0.35,0.35,0.351,0.352,0.352,0.353,0,0,0,0,0,0,0,1.39,1.387,1.384,1.384,1.381,1.378,1.375,1.372,1.372,1.369,1.369,1.366,1.366,1.366,0,0,0,0,0,0,0,0,0,0,0,0,0,0,0,0,0,0,0,0,0,0,0,0,0,0,0,0,0,0,0,0.438,0.438,0.438,0.438,0.438,0.438,0,0,0,0,0,0,0.396,0,0.395,0.395,0.395,0.394,0.394,0.394,0,0,0,0,0,0,0,0,0,0,0,0,0,0,0,0,0,0,0,0,0,0,0.738,0.739,0.742,0.742,0.744,0,0.749,0,0,0,0,0,0,0,0,0,0,0,0,0,0,0,0,0,0,0,0,0,0,0,0,0,0,0,1.111,1.109,1.107,1.105,1.101,1.101,1.097,1.095,1.094,1.092,1.09,1.088
0,0,0,0,0,0,0,0,0,0,0,0,0,0,0,0,0,0,0,0,0,0,0,0,0,0,0,0,0,0,0,0,0,0,0,0,0,0,0,0,0,0,0,0,0,0,0,0,0,0,0,0,0,0,0,0,0,0,0,0,0,0,0.354,0.354,0.354,0.353,0.353,0.353,0.353,0.353,0.353,0.353,0.353,0.353,0.354,0.354,0.354,0.354,0.354,0.354,0.354,0.353,0.353,0.353,0.353,0.353,0.353,0.353,0.353,0.353,0.353,0.353,0.353,0.353,0.353,0.353,0.353,0.352,0.352,0.352,0.351,0.351,0.351,0.35,0.35,0.35,0.349,0.349,0.349,0.349,0.349,0.349,0.349,0.35,0.35,0.35,0.35,0.35,0.35,0.35,0.35,0.35,0.35,0.35,0.349,0.349,0.349,0.349,0.348,0.348,0.348,0.348,0.348,0.348,0.348,0.348,0.348,0.348,0.348,0.348,0.347,0.347,0.347,0.348,0.348,0.348,0.348,0.348,0.348,0.348,0.349,0.348,0.349,0.349,0.349,0.349,0.349,0.349,0.348,0.348,0.348,0.348,0.348,0.348,0.348,0.348,0.347,0.347,0.347,0.347,0.347,0.347,0.347,0.347,0.347,0.347,0.346,0.346,0.346,0.346,0.346,0.346,0.346,0.346,0.346,0.346,0.346,0.346,0.346,0.345,0.345,0.345,0.345,0.344,0.344,0.344,0.344,0.344,0.345,0.345,0.345,0.345,0.346,0.346,0.346,0.347,0.347,0.347,0.347,0.347,0.347,0.346,0.346,0.346,0.345,0.345,0.345,0.344,0.344,0.344,0.344,0.344,0.344,0.344,0.344,0.344,0.344,0.344,0.344,0.344,0.344,0.344,0.344,0.344,0.344,0.344,0.344,0.344,0.344,0.344,0.344,0.344,0.344,0.344,0.344,0.345,0.345,0.345,0.345,0.345,0.345,0.345,0.345,0.344,0.344,0.344,0.344,0.344,0.344,0.344,0.343,0.343,0.343,0.343,0.343,0.342,0.342,0.342,0.342,0.341,0.341,0.341,0.341,0.34,0.34,0.34,0.34,0.34,0.34,0.339,0.339,0.339,0.338,0.337,0.337,0.337,0.336,0.335,0.335,0.335,0.334,0.334,0.334,0.333,0.333,0.333,0.332,0.332,0.331,0.331,0.33,0.33,0.329,0.329,0.328,0.328,0.327,0.327,0.326,0.326,0.326,0.325,0.325,0.325,0.324,0.324,0.324,0.324,0.324,0.323,0.323,0.322,0.321,0.321,0.321,0.32,0.32,0.32,0.32,0.319,0.319,0.319,0.319,0.319,0.319,0.319,0.319,0.318,0.318,0.318,0.318,0.317,0.317,0.317,0.316,0.316,0.316,0.316,0.316,0.316,0.316,0.316,0.316,0.315,0.315,0.315,0.315,0.315,0.314,0.314,0.314,0.314,0.314,0.314,0.314,0.313,0.313,0.313,0.313,0.313,0.313,0.313,0.313,0.313,0.313,0.313,0.313,0.313,0.313,0.314,0.314,0.314,0.314,0.314,0.314,0.314,0.314,0.314,0.314,0.314,0.314,0.315,0.315,0.314,0.314,0.314,0.315,0.315,0.315,0.315,0.315,0.315,0.315,0.316,0.316,0.316,0.316,0.316,0.316,0.317,0.317,0.317,0.317,0.317,0.317,0.317,0.317,0.317,0.317,0.318,0.318,0.318,0.318,0.318,0.318,0.319,0.319,0.319,0.32,0.32,0.321,0.321,0.322,0.322,0.323,0.323,0.324,0.324,0.325,0.325,0.326,0.326,0.327,0.328,0.328,0.329,0.33,0,0.331,0.332,0.332,0.332,0.333,0.332,0.332,0.332,0.332,0.332,0.332,0.332,0.332,0.332,0.332,0.332,0.332,0.332,0.332,0.332,0.332,0.332,0.332,0.333,0.333,0,0.333,0.334,0.334,0.335,0.334,0.334,0.334,0.334,0.334,0.335,0.336,0.337,0.338,0.34,0.341,0.343,0.344,0.345,0.347,0.348,0.349,0.35,0.351,0.351,0.352,0,0,0,0,0,0,0,0,1.387,1.387,1.384,1.381,1.378,1.375,1.372,1.369,1.369,1.366,1.363,1.363,1.363,0,0,0,0,0,0,0,0,0,0,0,0,0,0,0,0,0,0,0,0,0,0,0,0,0,0,0,0,0,0,0,0,0.439,0.438,0.438,0.438,0.438,0.438,0,0,0,0,0,0,0.395,0,0.395,0.394,0.394,0.393,0.393,0,0,0,0,0,0,0,0,0,0,0,0,0,0,0,0,0,0,0,0,0,0,0,0.738,0.739,0.741,0.741,0.743,0.746,0.748,0,0,0,0,0,0,0,0,0,0,0,0,0,0,0,0,0,0,0,0,0,0,0,0,0,1.121,1.119,1.115,1.113,1.109,1.105,1.101,1.099,1.095,1.092,1.09,1.09,1.088,1.084
0,0,0,0,0,0,0,0,0,0,0,0,0,0,0,0,0,0,0,0,0,0,0,0,0,0,0,0,0,0,0,0,0,0,0,0,0,0,0,0,0,0,0,0,0,0,0,0,0,0,0,0,0,0,0,0,0,0,0,0,0,0,0,0,0.352,0.352,0.352,0.352,0.352,0.352,0.352,0.352,0.352,0.352,0.352,0.352,0.352,0.352,0.352,0.352,0.352,0.351,0.351,0.351,0.351,0.351,0.351,0.351,0.351,0.351,0.351,0.351,0.351,0.351,0.351,0.351,0.351,0.351,0.35,0.35,0.35,0.349,0.349,0.349,0.348,0.348,0.348,0.348,0.348,0.348,0.348,0.348,0.348,0.348,0.349,0.349,0.349,0.349,0.349,0.349,0.349,0.349,0.349,0.348,0.348,0.348,0.348,0.348,0.347,0.347,0.347,0.347,0.347,0.346,0.346,0.346,0.346,0.346,0.346,0.346,0.346,0.346,0.346,0.346,0.346,0.346,0.346,0.347,0.347,0.347,0.347,0.347,0.347,0.347,0.347,0.347,0.347,0.347,0.347,0.347,0.347,0.347,0.347,0.346,0.346,0.346,0.346,0.346,0.346,0.345,0.345,0.345,0.345,0.345,0.345,0.345,0.345,0.345,0.345,0.345,0.345,0.345,0.344,0.344,0.345,0.345,0.345,0.344,0.344,0.344,0.344,0.343,0.343,0.343,0.342,0.342,0.343,0.343,0.343,0.343,0.343,0.344,0.344,0.344,0.345,0.345,0.345,0.345,0.346,0.345,0.345,0.345,0.345,0.344,0.344,0.344,0.343,0.343,0.343,0.342,0.343,0.343,0.343,0.343,0.342,0.343,0.343,0.343,0.343,0.343,0.343,0.343,0.343,0.343,0.343,0.343,0.342,0.342,0.342,0.342,0.343,0.343,0.343,0.343,0.343,0.344,0.344,0.344,0.344,0.344,0.344,0.344,0.343,0.343,0.343,0.343,0.343,0.343,0.342,0.342,0.342,0.342,0.342,0.342,0.342,0.341,0.341,0.341,0.34,0.34,0.34,0.34,0.34,0.339,0.339,0.339,0.339,0.339,0.339,0.338,0.338,0.338,0.337,0.337,0.337,0.336,0.336,0.335,0.335,0.335,0.334,0.334,0.334,0.333,0.333,0.333,0.332,0.332,0.331,0.331,0.331,0.33,0.329,0.329,0.328,0.328,0.327,0.327,0.326,0.326,0.326,0.325,0.325,0.325,0.325,0.324,0.324,0.324,0.324,0.323,0.323,0.322,0.322,0.321,0.321,0.321,0.32,0.32,0.32,0.319,0.319,0.319,0.319,0.319,0.319,0.319,0.319,0.318,0.318,0.318,0.318,0.317,0.317,0.317,0.317,0.316,0.316,0.316,0.316,0.316,0.316,0.316,0.316,0.316,0.316,0.315,0.315,0.315,0.315,0.315,0.314,0.314,0.314,0.314,0.314,0.314,0.313,0.313,0.313,0.313,0.313,0.313,0.313,0.313,0.313,0.313,0.313,0.314,0.314,0.314,0.314,0.314,0.314,0.314,0.314,0.314,0.314,0.314,0.314,0.314,0.314,0.315,0.315,0.315,0.315,0.315,0.315,0.315,0.315,0.315,0.315,0.315,0.316,0.316,0.316,0.316,0.316,0.317,0.317,0.317,0.317,0.317,0.317,0.317,0.317,0.317,0.318,0.318,0.318,0.318,0.318,0.318,0.318,0.319,0.319,0.319,0.319,0.32,0.32,0.32,0.321,0.321,0.322,0.322,0.322,0.323,0.323,0.324,0.324,0.325,0.326,0.326,0.327,0.327,0.328,0.328,0.329,0,0.33,0,0,0,0.331,0.33,0.33,0.33,0.33,0.33,0.33,0.33,0.33,0.33,0.331,0.33,0.331,0.331,0.331,0.331,0.331,0,0.331,0.331,0,0,0.333,0.333,0.334,0,0.334,0.334,0.333,0,0.333,0.334,0.335,0.337,0,0,0.341,0.342,0.344,0.344,0.346,0.347,0.348,0.349,0.35,0.351,0,0,0,0,0,0,0,0,0,0,0,0,0,1.378,1.375,1.372,1.369,1.366,1.366,1.363,1.363,1.36,0,0,0,0,0,0,0,0,0,0,0,0,0,0,0,0,0,0,0,0,0,0,0,0,0,0,0,0,0,0,0,0,0.44,0.439,0.439,0.439,0.439,0.438,0,0,0,0,0,0,0,0,0.394,0.394,0.393,0.393,0.393,0.393,0,0,0,0,0,0,0,0,0,0,0,0,0,0,0,0,0,0,0,0,0,0.736,0.738,0.738,0.741,0.741,0.743,0.746,0.749,0,0,0,0,0,0,0,0,0,0,0,0,0,0,0,0,0,0,0,0,0,0,0,0,0,1.126,1.121,1.119,1.115,1.111,1.105,1.101,1.099,1.095,1.092,1.09,1.088,1.084,1.084
0,0,0,0,0,0,0,0,0,0,0,0,0,0,0,0,0,0,0,0,0,0,0,0,0,0,0,0,0,0,0,0,0,0,0,0,0,0,0,0,0,0,0,0,0,0,0,0,0,0,0,0,0,0,0,0,0,0,0,0,0,0,0,0.351,0.351,0.351,0.35,0.35,0.35,0.35,0.35,0.35,0.35,0.35,0.35,0.35,0.35,0.35,0.35,0.35,0.35,0.349,0.349,0.349,0.349,0.348,0.348,0.348,0.349,0.349,0.349,0.349,0.349,0.349,0.349,0.349,0.349,0.349,0.349,0.348,0.348,0.347,0.347,0.347,0.347,0.346,0.346,0.346,0.346,0.346,0.347,0.347,0.347,0.347,0.347,0.348,0.348,0.348,0.348,0.348,0.348,0.348,0.348,0.348,0.347,0.347,0.347,0.346,0.346,0.346,0.346,0.346,0.345,0.345,0.345,0.345,0.345,0.345,0.345,0.344,0.344,0.344,0.344,0.344,0.345,0.345,0.345,0.345,0.345,0.345,0.346,0.346,0.346,0.346,0.346,0.346,0.346,0.346,0.346,0.346,0.346,0.346,0.345,0.345,0.345,0.345,0.344,0.344,0.344,0.344,0.344,0.344,0.343,0.343,0.344,0.343,0.343,0.343,0.343,0.343,0.343,0.343,0.343,0.343,0.343,0.343,0.343,0.343,0.342,0.342,0.342,0.342,0.341,0.341,0.341,0.341,0.341,0.341,0.342,0.342,0.342,0.342,0.342,0.343,0.343,0.343,0.343,0.344,0.344,0.344,0.344,0.343,0.343,0.343,0.342,0.342,0.342,0.341,0.341,0.341,0.341,0.341,0.341,0.341,0.341,0.341,0.341,0.341,0.341,0.341,0.341,0.341,0.341,0.341,0.341,0.341,0.341,0.341,0.341,0.341,0.341,0.341,0.341,0.341,0.342,0.342,0.343,0.343,0.343,0.343,0.343,0.342,0.342,0.342,0.342,0.342,0.341,0.341,0.341,0.341,0.341,0.341,0.341,0.341,0.34,0.34,0.34,0.34,0.339,0.339,0.339,0.339,0.338,0.338,0.338,0.338,0.338,0.338,0.338,0.338,0.337,0.337,0.337,0.337,0.336,0.336,0.336,0.335,0.335,0.335,0.334,0.334,0.334,0.333,0,0.333,0.332,0.332,0.331,0.331,0.33,0.33,0.329,0.329,0.328,0.328,0.327,0.326,0.326,0.326,0.325,0.325,0.325,0.325,0.324,0.324,0.324,0.324,0.324,0.323,0.323,0.322,0.322,0.321,0.321,0.321,0.32,0.32,0.32,0.32,0.319,0.319,0.319,0.319,0.319,0.319,0.319,0.318,0.318,0.318,0.318,0.317,0.317,0.317,0.317,0.316,0.316,0.316,0.316,0.316,0.316,0.316,0.316,0.316,0.316,0.316,0.315,0.315,0.315,0.315,0.315,0.315,0.314,0.314,0.314,0.314,0.314,0.313,0.313,0.313,0.313,0.313,0.313,0.313,0.313,0.314,0.314,0.314,0.314,0.314,0.314,0.314,0.314,0.314,0.314,0.314,0.314,0.314,0.314,0.314,0.315,0.315,0.315,0.315,0.315,0.315,0.315,0.315,0.315,0.315,0.315,0.316,0.316,0.316,0.316,0.316,0.317,0.317,0.317,0.317,0.317,0.317,0.317,0.317,0.318,0.318,0.318,0.318,0.318,0.318,0.318,0.318,0.319,0.319,0.319,0.319,0.32,0.32,0.32,0.32,0.321,0.321,0.322,0.322,0.322,0.323,0.323,0.323,0.324,0.324,0.325,0.326,0.326,0.327,0.327,0.328,0.328,0,0,0,0.329,0.329,0.329,0.329,0.329,0.329,0.329,0.329,0.328,0.328,0.329,0.329,0.329,0.329,0.33,0.33,0.33,0.33,0.33,0.33,0.33,0.33,0.331,0.331,0.332,0,0,0,0,0,0,0.333,0,0,0,0.337,0,0.339,0,0.342,0.343,0.344,0,0,0,0,0,0,0,0,0,0,0,0,0,0,0,0,0,0,0,0,0,0,0,0,0,0,0,0,0,0,0,0,0,0,0,0,0,0,0,0,0,0,0,0,0,0,0,0,0,0,0,0,0,0,0,0,0,0,0,0.44,0.44,0.439,0.439,0.439,0,0,0,0,0,0,0,0,0,0,0.394,0.393,0.393,0.392,0.392,0.392,0,0.391,0,0,0,0,0,0,0,0,0,0,0,0,0,0,0,0,0,0,0,0.736,0.738,0.739,0.741,0.741,0.744,0,0.749,0,0,0,0,0,0,0,0,0,0,0,0,0,0,0,0,0,0.735,0.735,0.735,0.735,0.735,0,0,1.136,1.132,1.128,1.124,1.119,1.115,1.109,1.103,1.101,1.095,1.09,1.09,1.088,1.084,1.082
0,0,0,0,0,0,0,0,0,0,0,0,0,0,0,0,0,0,0,0,0,0,0,0,0,0,0,0,0,0,0,0,0,0,0,0,0,0,0,0,0,0,0,0,0,0,0,0,0,0,0,0,0,0,0,0,0,0,0,0,0,0,0,0,0.349,0.349,0.349,0.349,0.348,0.348,0.348,0.348,0.348,0.348,0.348,0.349,0.348,0.348,0.348,0.348,0.347,0.347,0.347,0.347,0.346,0.346,0.346,0.346,0.346,0.346,0.347,0.347,0.347,0.347,0.347,0.347,0.347,0.347,0.347,0.347,0.346,0.346,0.345,0.345,0.345,0.345,0.345,0.345,0.345,0.345,0.345,0.345,0.346,0.346,0.346,0.346,0.347,0.347,0.347,0.347,0.347,0.347,0.347,0.347,0.346,0.346,0.346,0.345,0.345,0.345,0.344,0.344,0.344,0.344,0.344,0.344,0.343,0.343,0.343,0.343,0.343,0.343,0.343,0.343,0.343,0.344,0.344,0.344,0.344,0.344,0.344,0.344,0.344,0.344,0.344,0.344,0.344,0.344,0.344,0.344,0.344,0.344,0.344,0.344,0.343,0.343,0.343,0,0.343,0,0,0.342,0.342,0.342,0.342,0.342,0.342,0.341,0.341,0.341,0.341,0.341,0.341,0.341,0.341,0.341,0.341,0.341,0.341,0.34,0.34,0.34,0.34,0.34,0.339,0.339,0.34,0.34,0.34,0.34,0.34,0.34,0.34,0.341,0.341,0.341,0.342,0.342,0.342,0.342,0.342,0.342,0.341,0.341,0.341,0.34,0.34,0.34,0.34,0.34,0.34,0.34,0.34,0.339,0.339,0.34,0.34,0.34,0.34,0.34,0.34,0.34,0.339,0.339,0.339,0.339,0.339,0.339,0.339,0.339,0.339,0.34,0.34,0.34,0.34,0.341,0.341,0.341,0.341,0.341,0.341,0.341,0.34,0.34,0.34,0.34,0.34,0.34,0.34,0.34,0.34,0.34,0.34,0.34,0.339,0.339,0.339,0.338,0.338,0.338,0.338,0.337,0.337,0.337,0.337,0.337,0.337,0.337,0.337,0.337,0.337,0.336,0.336,0.336,0.336,0.336,0.335,0.335,0.335,0.335,0.334,0.334,0.334,0.333,0.333,0.333,0.332,0.331,0.331,0.331,0.33,0.33,0.329,0.328,0.328,0.327,0.327,0.326,0.326,0.326,0.325,0.325,0.325,0.325,0.324,0.324,0.324,0.324,0.324,0.323,0.323,0.322,0.322,0.322,0.321,0.321,0.321,0.32,0.32,0.32,0.32,0.319,0.319,0.319,0.319,0.319,0.319,0.318,0.318,0.318,0.318,0.317,0.317,0.317,0.317,0.316,0.316,0.316,0.316,0.316,0.316,0.316,0.316,0.316,0.316,0.316,0.315,0.315,0.315,0.315,0.315,0.315,0.315,0.314,0.314,0.314,0.314,0.314,0.314,0.313,0.313,0.313,0.313,0.313,0.313,0.314,0.314,0.314,0.314,0.314,0.314,0.314,0.314,0.314,0.314,0.314,0.314,0.314,0.314,0.314,0.315,0.315,0.315,0.315,0.315,0.315,0.315,0.315,0.315,0.315,0.315,0.316,0.316,0.316,0.316,0.316,0.317,0.317,0.317,0.317,0.317,0.317,0.317,0.318,0.318,0.318,0.318,0.318,0.318,0.319,0.319,0.319,0.319,0.319,0.319,0.32,0.32,0.32,0.32,0.321,0.321,0.321,0.322,0.322,0.322,0.322,0.323,0.323,0.323,0.324,0.324,0.325,0.326,0.326,0,0,0,0,0,0,0,0.328,0.328,0.328,0.328,0,0.328,0.328,0.327,0.327,0.327,0.328,0.328,0.328,0.328,0.328,0,0,0,0,0,0.328,0,0,0,0,0,0,0,0.333,0.333,0.334,0,0,0,0.337,0.338,0.339,0.34,0.342,0,0.344,0,0,0,0,0,0,0,0,0,0,0,0,0,0,0,0,0,0,0,0,0,0,0,0,0,0,0,0,0,0,0,0,0,0,0,0,0,0,0,0,0,0,0,0,0,0,0,0,0,0,0,0,0,0,0,0,0,0,0,0.441,0.44,0.44,0.44,0.44,0,0,0,0,0,0,0,0,0,0,0.393,0.393,0.392,0.392,0.392,0.391,0.391,0,0,0,0,0,0,0,0,0,0,0,0,0,0,0,0,0,0,0,0,0.736,0.738,0.74,0.742,0.742,0.745,0,0.75,0,0,0,0,0,0,0,0,0,0,0,0,0,0,0,0,0,0.735,0.735,0.735,0.736,0.735,0,0,1.138,1.134,1.128,1.126,1.121,1.115,1.111,1.105,1.101,1.095,1.092,1.09,1.088,1.088,1.084
0,0,0,0,0,7.404,7.316,7.146,7.064,6.984,0,0,0,0,0,0,0,0,0,0,0,0,0,0,0,0,0,0,0,0,0,0,0,0,0,0,0,0,0,0,0,0,0,0,0,0,0,0,0,0,0,0,0,0,0,0,0,0,0,0,0,0,0,0,0,0.347,0.347,0.347,0.347,0.347,0.346,0.346,0.346,0.346,0.347,0.347,0.347,0.346,0.346,0.346,0.345,0.345,0.345,0.344,0.344,0.344,0.344,0.344,0.345,0.345,0.345,0.345,0.345,0.345,0.345,0.345,0.345,0.345,0.345,0.345,0.344,0.344,0.344,0.344,0.344,0.344,0.344,0.344,0.344,0.344,0.344,0.344,0.344,0.345,0.345,0.345,0.346,0.346,0.346,0.346,0.346,0.346,0.345,0.345,0.345,0.345,0.345,0.344,0.344,0.344,0.344,0.343,0.343,0.343,0.342,0.342,0.342,0.342,0.342,0.342,0.342,0.341,0.342,0.342,0.342,0.342,0.342,0.343,0.343,0.343,0.343,0.343,0.343,0.343,0.343,0.343,0.343,0.343,0.343,0.343,0.343,0.343,0.342,0.342,0.342,0.342,0.341,0.341,0.341,0.341,0.34,0.34,0.34,0.34,0.34,0.34,0.34,0.34,0.34,0.34,0.34,0.34,0.34,0.34,0.34,0.34,0.34,0.34,0.339,0.339,0.339,0.339,0.339,0.339,0.339,0.338,0.338,0.339,0.339,0.339,0.339,0.339,0.339,0.339,0.34,0.34,0.34,0.34,0.34,0.34,0.34,0.34,0.34,0.34,0.34,0.339,0.339,0.339,0.339,0.339,0.338,0.338,0.338,0.338,0.338,0.338,0.338,0.338,0.338,0.338,0.338,0.338,0.338,0.338,0.338,0.338,0.338,0.338,0.338,0.338,0.338,0.338,0.338,0.339,0.339,0.339,0.339,0.34,0.34,0.339,0.339,0.339,0.339,0.339,0.339,0.339,0.338,0.338,0.339,0.339,0.339,0.339,0.339,0.338,0.338,0.338,0.337,0.337,0.337,0.336,0.336,0.336,0.336,0.336,0.336,0.336,0.336,0.336,0.336,0.336,0.336,0.335,0.335,0.335,0.335,0.335,0.335,0.335,0.334,0.334,0.334,0.334,0.333,0.333,0.333,0.332,0.332,0.331,0.331,0.33,0.33,0.329,0.329,0.328,0.328,0.327,0.326,0.326,0.326,0.325,0.325,0.324,0.324,0.324,0.324,0.324,0.324,0.324,0.323,0.323,0.323,0.322,0.322,0.322,0.322,0.321,0.321,0.321,0.32,0.32,0.32,0.32,0.319,0.319,0.319,0.319,0.319,0.318,0.318,0.318,0.317,0.317,0.317,0.317,0.317,0.316,0.316,0.316,0.316,0.316,0.316,0.316,0.316,0.316,0.316,0.316,0.316,0.315,0.315,0.315,0.315,0.315,0.315,0.315,0.314,0.314,0.314,0.314,0.314,0.314,0.314,0.314,0.314,0.314,0.314,0.314,0.314,0.314,0.314,0.314,0.314,0.314,0.314,0.314,0.314,0.314,0.314,0.314,0.314,0.315,0.315,0.315,0.315,0.315,0.315,0.315,0.315,0.315,0.315,0.315,0.316,0.316,0.316,0.316,0.316,0.316,0.317,0.317,0.317,0.317,0.317,0.317,0.318,0.318,0.318,0.318,0.318,0.318,0.319,0.319,0.319,0.319,0.319,0.319,0.32,0.32,0.32,0.32,0.32,0.321,0.321,0.321,0.321,0.322,0.322,0.322,0.322,0.323,0.323,0.324,0.324,0.324,0.324,0.325,0,0,0.326,0.327,0.327,0.327,0.327,0.327,0.327,0.327,0.327,0.327,0.327,0.326,0.326,0.326,0.326,0.326,0.326,0.326,0.326,0.325,0,0.325,0.325,0.325,0,0,0,0,0,0,0,0,0,0.333,0.333,0.334,0,0.335,0,0.336,0.337,0.338,0.34,0.341,0,0.344,0.346,0,0,0,0,0,0,0,0,0,0,0,0,0,0,0,0,0,0,0,0,0,0,0,0,0,0,0,0,0,0,0,0,0,0,0,0,0,0,0,0,0,0,0,0,0,0,0,0,0,0,0,0,0,0,0,0,0,0,0.441,0.441,0.44,0.44,0.44,0.44,0.44,0,0,0,0,0,0,0,0,0,0.392,0.392,0.391,0.391,0,0,0,0,0,0,0,0,0,0,0,0,0,0,0,0,0,0,0,0,0,0,0.736,0.738,0.74,0.742,0.742,0.746,0,0.751,0,0,0,0,0,0,0,0,0,0,0,0,0,0,0,0,0,0.735,0.735,0.735,0.735,0.735,0,0,1.14,1.136,1.132,1.13,1.126,1.121,1.115,1.109,1.105,1.101,1.095,1.095,1.094,1.092,1.09
0,0,0,0,7.404,7.316,7.316,7.064,7.064,6.984,0,0,0,0,0,0,0,0,0,0,0,0,0,0,0,0,0,0,0,0,0,0,0,0,0,0,0,0,0,0,0,0,0,0,0,0,0,0,0,0,0,0,0,0,0,0,0,0,0,0,0,0,0,0,0.346,0.346,0.345,0.345,0.345,0.345,0.345,0.345,0.345,0.345,0.345,0.345,0.345,0.344,0.344,0.344,0.343,0.343,0.343,0.343,0.343,0.343,0.343,0.343,0.343,0.343,0.344,0.344,0.344,0.344,0.344,0.344,0.344,0.344,0.344,0.343,0.343,0.343,0.343,0.343,0.343,0.343,0.342,0.342,0.343,0.343,0.343,0.343,0.343,0.344,0.344,0.344,0.344,0.344,0.344,0.344,0.344,0.344,0.344,0.344,0.344,0.344,0.344,0.343,0.343,0.343,0.342,0.342,0.342,0.341,0.341,0.341,0.341,0.34,0.34,0.34,0.34,0.34,0.34,0.34,0.34,0.34,0.341,0.341,0.341,0.341,0.341,0.342,0.342,0.342,0.342,0.342,0.342,0.342,0.341,0.341,0.341,0.341,0.341,0.34,0.34,0.34,0.34,0.34,0.339,0.339,0.339,0.339,0.338,0.338,0.338,0.338,0.338,0.338,0.338,0.338,0.338,0.338,0.338,0.338,0.338,0.338,0.338,0.338,0.338,0.338,0.338,0.338,0.338,0.337,0.337,0.337,0.337,0.337,0.337,0.338,0.338,0.338,0.338,0.338,0.338,0.338,0.339,0.339,0.339,0.339,0.339,0.339,0.339,0.338,0.338,0.338,0.338,0.337,0.337,0.338,0.337,0.337,0.337,0.337,0.337,0.337,0.337,0.337,0.337,0.337,0.337,0.337,0.337,0.336,0.336,0.336,0.336,0.336,0.336,0.336,0.336,0.337,0.337,0.337,0.337,0.337,0.337,0.337,0.337,0.337,0.337,0.337,0.337,0.337,0.337,0.337,0.337,0.337,0.337,0.337,0.337,0.337,0.337,0.336,0.336,0.336,0.335,0.335,0.335,0.335,0.335,0.335,0.335,0.335,0.335,0.335,0.335,0.335,0.335,0.335,0.335,0.335,0.335,0.334,0.335,0.334,0.334,0.334,0.334,0.333,0.333,0.333,0.333,0.332,0.332,0.332,0.331,0.331,0.33,0.33,0.33,0.329,0.329,0.328,0.327,0.327,0.326,0.326,0.325,0.325,0.324,0.324,0.324,0.324,0.324,0.324,0.324,0.324,0.323,0.323,0.323,0.323,0.322,0.322,0.322,0.321,0.321,0.321,0.32,0.32,0.32,0.32,0.32,0.319,0.319,0.319,0.319,0.318,0.318,0.318,0.317,0.317,0.317,0.317,0.316,0.316,0.316,0.316,0.316,0.316,0.316,0.316,0.316,0.316,0.316,0.316,0.316,0.316,0.315,0.315,0.315,0.315,0.315,0.315,0.315,0.315,0.314,0.314,0.314,0.314,0.314,0.314,0.314,0.314,0.314,0.314,0.314,0.314,0.315,0.315,0.315,0.315,0.315,0.315,0.314,0.314,0.314,0.314,0.314,0.315,0.315,0.315,0.315,0.315,0.315,0.315,0.315,0.315,0.315,0.315,0.316,0.316,0.316,0.316,0.316,0.316,0.317,0.317,0.317,0.317,0.317,0.318,0.318,0.318,0.318,0.318,0.319,0.319,0.319,0.319,0.319,0.319,0.319,0.32,0.32,0.32,0.32,0.32,0.32,0.321,0.321,0.321,0.321,0.321,0.322,0.322,0.322,0.322,0.323,0.323,0.323,0.323,0.324,0,0,0,0.326,0.326,0.326,0.326,0.326,0.326,0.326,0.326,0.326,0.326,0.326,0.325,0.325,0.325,0.325,0.324,0.323,0.323,0,0,0,0,0,0.322,0,0,0,0,0,0,0,0,0,0.333,0.333,0.334,0.334,0.334,0.335,0.336,0.337,0.338,0.34,0.341,0.343,0.344,0.346,0,0,0,0,0,0,0,0,0,0,0,0,0,0,0,0,0,0,0,0,0,0,0,0,0,0,0,0,0,0,0,0,0,0,0,0,0,0,0,0,0,0,0,0,0,0,0,0,0,0,0,0,0,0,0,0,0,0,0,0.441,0.441,0.441,0.441,0,0,0,0,0,0,0,0,0,0,0,0,0,0,0,0,0,0,0,0,0,0,0,0,0,0,0,0,0,0,0,0,0,0,0,0,0,0.736,0.738,0.74,0.743,0.742,0.746,0,0.751,0,0,0,0,0,0,0,0,0,0,0,0,0,0,0,0,0.736,0.736,0.736,0.736,0.736,0.736,0,0,1.144,1.14,1.136,1.134,1.132,1.126,1.121,1.117,1.111,1.107,1.101,1.099,1.099,1.097,1.094
0,0,0,0,7.495,7.404,7.316,7.146,7.146,7.064,6.984,6.828,0,0,0,0,0,0,0,0,0,0,0,0,0,0,0,0,0,0,0,0,0,0,0,0,0,0,0,0,0,0,0,0,0,0,0,0,0,0,0,0,0,0,0,0,0,0,0,0,0,0,0,0,0,0.344,0.344,0.344,0.344,0.344,0.344,0.344,0.344,0.343,0.343,0.343,0.343,0.343,0.342,0.342,0.342,0.341,0.341,0.341,0.341,0.341,0.341,0.341,0.342,0.342,0.343,0.343,0.343,0.343,0.343,0.343,0.343,0.343,0.343,0.343,0.342,0.342,0.342,0.342,0.342,0.341,0.341,0.341,0.341,0.342,0.342,0.342,0.342,0.342,0.343,0.343,0.343,0.343,0.343,0.343,0.343,0.343,0.343,0.343,0.343,0.342,0.342,0.342,0.342,0.341,0.341,0.341,0.34,0.34,0.34,0.34,0.34,0.339,0.339,0.339,0.339,0.339,0.339,0.339,0.339,0.339,0.34,0.34,0.34,0.34,0.34,0.34,0.34,0.34,0.34,0.34,0.34,0.34,0.34,0.34,0,0.34,0.339,0.339,0.339,0.338,0.338,0.338,0.338,0.338,0.337,0.337,0.337,0.337,0.337,0.337,0.336,0.336,0.336,0.336,0.336,0.336,0.336,0.337,0.337,0.337,0.337,0.337,0.337,0.337,0.337,0.337,0.337,0.337,0.336,0.336,0.336,0.336,0.337,0.337,0.337,0.337,0.337,0.337,0.337,0.337,0.337,0.337,0.337,0.337,0.337,0.337,0.337,0.337,0.337,0.337,0.337,0.337,0.337,0.336,0.336,0.336,0.336,0.336,0.336,0.335,0.335,0.335,0.335,0.335,0.335,0.335,0.335,0.335,0.335,0.335,0.335,0.335,0.335,0.335,0.335,0.335,0.335,0.335,0.335,0.335,0.335,0.335,0.335,0.335,0.335,0.335,0.335,0.335,0.335,0.335,0.335,0.335,0.335,0.335,0.335,0.335,0.335,0.335,0.335,0.334,0.334,0.334,0.333,0.333,0.333,0.333,0.333,0.333,0.333,0.333,0.334,0.334,0.334,0.333,0.333,0.333,0.333,0.333,0.333,0.333,0.333,0.333,0.333,0.333,0.332,0.332,0.332,0.331,0.331,0.331,0.331,0.33,0.33,0.329,0.329,0.329,0.328,0.327,0.327,0.326,0.326,0.325,0.325,0.325,0.324,0.324,0.324,0.324,0.324,0.324,0.324,0.324,0.323,0.323,0.323,0.323,0.322,0.322,0.322,0.321,0.321,0.321,0.321,0.32,0.32,0.32,0.32,0.319,0.319,0.319,0.319,0.318,0.318,0.318,0.317,0.317,0.317,0.317,0.316,0.316,0.316,0.316,0.316,0.316,0.316,0.316,0.316,0.316,0.316,0.316,0.316,0.316,0.315,0.315,0.315,0.315,0.315,0.315,0.315,0.315,0.315,0.315,0.315,0.314,0.314,0.314,0.314,0.314,0.314,0.314,0.315,0.315,0.315,0.315,0.315,0.315,0.315,0.315,0.315,0.315,0.314,0.314,0.315,0.315,0.315,0.315,0.315,0.315,0.315,0.315,0.315,0.315,0.315,0.315,0.316,0.316,0.316,0.316,0.316,0.317,0.317,0.317,0.317,0.317,0.318,0.318,0.318,0.318,0.318,0.318,0.319,0.319,0.319,0.319,0.319,0.319,0.319,0.32,0.32,0.32,0.32,0.32,0.32,0.32,0.32,0.321,0.321,0.321,0.321,0.321,0.322,0.322,0.322,0.322,0.323,0.323,0.323,0,0,0.324,0.324,0,0,0.326,0,0,0,0,0.326,0.325,0.325,0,0.324,0.324,0.323,0.323,0.322,0.321,0,0,0,0,0.32,0.32,0,0,0,0,0,0,0,0,0,0,0,0,0.333,0.334,0.335,0.336,0.337,0.338,0.34,0.341,0.343,0.344,0,0,0,0,0,0,0,0,0,0,0,0,0,0,0,0,0,0,0,0,0,0,0,0,0,0,0,0,0,0,0,0,0,0,0,0,0,0,0,0,0,0,0,0,0,0,0,0,0,0,0,0,0,0,0,0,0,0,0,0,0,0.441,0.441,0.441,0.441,0.441,0,0,0,0,0,0,0,0,0,0,0,0,0,0,0,0,0,0,0,0,0,0,0,0,0,0,0,0,0,0,0,0,0,0,0,0.736,0.738,0.74,0.742,0.742,0.745,0.748,0.75,0,0,0,0,0,0,0,0,0,0,0,0,0,0,0,0.736,0.736,0.736,0.737,0.736,0.737,0.736,0,0,1.147,1.144,1.14,1.138,1.134,1.132,1.128,0,1.117,0,0,0,1.105,1.103,1.099
0,0,0,7.495,7.404,7.316,7.23,7.146,6.984,6.905,6.828,6.68,0,0,0,0,0,0,0,0,0,0,0,0,0,0,0,0,0,0,0,0,0,0,0,0,0,0,0,0,0,0,0,0,0,0,0,0,0,0,0,0,0,0,0,0,0,0,0,0,0,0,0,0,0,0.343,0.343,0.343,0.343,0.343,0.342,0.343,0.342,0.342,0.342,0.342,0.342,0.341,0.341,0.34,0.34,0.34,0.339,0.339,0.339,0.339,0.34,0.34,0.34,0.341,0.341,0.341,0.342,0.342,0.342,0.342,0.342,0.342,0.342,0.342,0.342,0.341,0.341,0.341,0.341,0.341,0.34,0.34,0.34,0.341,0.341,0.341,0.341,0.341,0.341,0.341,0.341,0.341,0.342,0.341,0.342,0.341,0.341,0.341,0.341,0.341,0.341,0.34,0.34,0.34,0.34,0.339,0.339,0.339,0.339,0.338,0.338,0.338,0.338,0.338,0.338,0.338,0.338,0.338,0.338,0.338,0.339,0.339,0.339,0.339,0.339,0.339,0.339,0.339,0.339,0.339,0.339,0.339,0.338,0.338,0.338,0.338,0.338,0.337,0.337,0.337,0.337,0.337,0.337,0.336,0.336,0.336,0.335,0.335,0.335,0.335,0.335,0.335,0.335,0.335,0.335,0.335,0.335,0.335,0.335,0.335,0.336,0.336,0.336,0.336,0.336,0.336,0.336,0.336,0.336,0.335,0.336,0.336,0.336,0.336,0.336,0.336,0.336,0.336,0.336,0.336,0.336,0.336,0.336,0.336,0.336,0.336,0.336,0.336,0.336,0.336,0.336,0.336,0.336,0.336,0.335,0.335,0.335,0.335,0.335,0.334,0.334,0.334,0.334,0.334,0.333,0.333,0.333,0.333,0.333,0.333,0.333,0.333,0.333,0.333,0.333,0.333,0.333,0.333,0.333,0.333,0.333,0.333,0.333,0.333,0.333,0.333,0.333,0.333,0.333,0.333,0.333,0.333,0.334,0.334,0.334,0.334,0.333,0.333,0.333,0.333,0.332,0.332,0.332,0.332,0.332,0.332,0.332,0.332,0.332,0.333,0.332,0.333,0.333,0.333,0.333,0.332,0.332,0.332,0.332,0.332,0.332,0.332,0.332,0.331,0.331,0.331,0.331,0.331,0.33,0.33,0.33,0.33,0.329,0.329,0.328,0.328,0.328,0.327,0.326,0.326,0.325,0.325,0.324,0.324,0.324,0.324,0.324,0.324,0.324,0.324,0.324,0.323,0.323,0.323,0.323,0.323,0.322,0.322,0.322,0.321,0.321,0.321,0.32,0.32,0.32,0.32,0.319,0.319,0.319,0.319,0.319,0.318,0.318,0.318,0.317,0.317,0.317,0.317,0.316,0.316,0.316,0.316,0.316,0.316,0.316,0.316,0.316,0.316,0.316,0.316,0.316,0.316,0.316,0.315,0.315,0.315,0.315,0.315,0.315,0.315,0.315,0.315,0.315,0.315,0.315,0.315,0.314,0.314,0.314,0.315,0.315,0.315,0.315,0.315,0.315,0.315,0.315,0.315,0.315,0.315,0.315,0.315,0.315,0.315,0.315,0.315,0.315,0.315,0.315,0.315,0.315,0.315,0.315,0.316,0.316,0.316,0.316,0.316,0.316,0.317,0.317,0.317,0.317,0.317,0.317,0.318,0.318,0.318,0.318,0.318,0.319,0.319,0.319,0.319,0.319,0.319,0.319,0.319,0.319,0.319,0.319,0.32,0.32,0.32,0.32,0.32,0.32,0.32,0.32,0.321,0.321,0.321,0.321,0.322,0.322,0,0,0,0,0,0,0,0,0,0,0,0,0,0,0.325,0,0,0,0,0,0.322,0.321,0.32,0.32,0.32,0,0,0,0.319,0.32,0,0,0,0,0,0,0,0,0,0,0,0.332,0.333,0.335,0.335,0.337,0.338,0.34,0.341,0.343,0.345,0,0.348,0,0,0,0,0,0,0,0,0,0,0,0,0,0,0,0,0,0,0,0,0,0,0,0,0,0,0,0,0,0,0,0,0,0,0,0,0,0,0,0,0,0,0,0,0,0,0,0,0,0,0,0,0,0,0,0,0,0,0,0.442,0.442,0.442,0.441,0,0,0,0,0,0,0,0,0,0,0,0,0,0,0,0,0,0,0,0,0,0,0,0,0,0,0,0,0,0,0,0,0,0,0,0,0.735,0.738,0.74,0.742,0.741,0.744,0.747,0.749,0,0,0,0,0,0,0,0,0,0,0,0,0,0,0,0.738,0.738,0.737,0.738,0.737,0.737,0.737,0,0,0,0,1.144,1.142,1.14,1.138,0,0,0,0,0,0,0,1.109,0
0,0,0,0,7.404,7.23,7.146,7.064,6.984,6.905,6.828,6.68,0,0,0,0,0,0,0,0,0,0,0,0,0,0,0,0,0,0,0,0,0,0,0,0,0,0,0,0,0,0,0,0,0,0,0,0,0,0,0,0,0,0,0,0,0,0,0,0,0,0,0,0,0,0.342,0.341,0.341,0.341,0.341,0.34,0.34,0.34,0.34,0.34,0.34,0.339,0.339,0.339,0.338,0.338,0.338,0.338,0.338,0.338,0.338,0.338,0.338,0.339,0.339,0.34,0.34,0.34,0.341,0.341,0.341,0.341,0.341,0.341,0.341,0.341,0.34,0.34,0.34,0.34,0.34,0.34,0.34,0.34,0.34,0.34,0.34,0.34,0.34,0.34,0.34,0.34,0.34,0.34,0.34,0.34,0.34,0.34,0.339,0.339,0.339,0.339,0.339,0.339,0.338,0.338,0.338,0.337,0.337,0.337,0.337,0.337,0.337,0.337,0.337,0.337,0.337,0.337,0.337,0.337,0.337,0.337,0.338,0.338,0.338,0.338,0.338,0.338,0.338,0.338,0.338,0.337,0.337,0.337,0.337,0.337,0.336,0.336,0.336,0.336,0.336,0.336,0.336,0.336,0.335,0.335,0.335,0.335,0.335,0.334,0.334,0.334,0.334,0.334,0.334,0.334,0.334,0.334,0.334,0.334,0.334,0.335,0.335,0.335,0.335,0.335,0.335,0.335,0.335,0.335,0.335,0.335,0.335,0.335,0.335,0.335,0.335,0.335,0.335,0.335,0.335,0.335,0.335,0.335,0.335,0.335,0.335,0.335,0.335,0.335,0.334,0.334,0.334,0.335,0.334,0.334,0.334,0.334,0.333,0.333,0.333,0.333,0.333,0.332,0.332,0.332,0.332,0.332,0.332,0.332,0.332,0.332,0.332,0.332,0.331,0.331,0.331,0.331,0.331,0.331,0.331,0.331,0.331,0.331,0.331,0.331,0.331,0.332,0.332,0.332,0.332,0.332,0.332,0.332,0.332,0.332,0.332,0.331,0.331,0.331,0.331,0.33,0.33,0.33,0.33,0.33,0.331,0.331,0.331,0.331,0.331,0.331,0.331,0.331,0.331,0.331,0.331,0.331,0.331,0.331,0.331,0.331,0.331,0.331,0.33,0.33,0.33,0.33,0.329,0.329,0.329,0.329,0.329,0.328,0.328,0.327,0.327,0.327,0.326,0.325,0.325,0.324,0.324,0.324,0.324,0.323,0.323,0.323,0.323,0.323,0.323,0.323,0.323,0.323,0.323,0.323,0.323,0.322,0.322,0.322,0.321,0.321,0.321,0.32,0.32,0.32,0.32,0.32,0.319,0.319,0.319,0.319,0.318,0.318,0.318,0.317,0.317,0.317,0.317,0.316,0.316,0.316,0.316,0.316,0.316,0.316,0.316,0.316,0.316,0.316,0.316,0.316,0.316,0.316,0.315,0.315,0.315,0.315,0.315,0.315,0.315,0.315,0.315,0.315,0.315,0.315,0.315,0.315,0.315,0.315,0.315,0.315,0.315,0.315,0.315,0.315,0.315,0.315,0.315,0.315,0.315,0.315,0.315,0.315,0.315,0.315,0.315,0.315,0.315,0.315,0.315,0.315,0.315,0.315,0.316,0.316,0.316,0.316,0.316,0.316,0.316,0.317,0.317,0.317,0.317,0.317,0.318,0.318,0.318,0.318,0.318,0.318,0.319,0.319,0.319,0.319,0.319,0.319,0.319,0.319,0.319,0.319,0.319,0.319,0.319,0.319,0.32,0.32,0.32,0.32,0.32,0.32,0.321,0.321,0,0,0,0,0.323,0,0,0,0,0,0,0,0,0,0,0,0,0,0.323,0,0,0,0.321,0.319,0.319,0.319,0.319,0.319,0.319,0.319,0,0,0,0,0,0,0,0,0,0,0,0,0,0.332,0.333,0.335,0.336,0.337,0.339,0.34,0.342,0.344,0,0.347,0,0,0,0,0,0,0,0,0,0,0,0,0,0,0,0,0,0,0,0,0,0,0,0,0,0,0,0,0,0,0,0,0,0,0,0,0,0,0,0,0,0,0,0,0,0,0,0,0,0,0,0,0,0,0,0,0,0,0,0.442,0.442,0.442,0.442,0.442,0,0,0,0,0,0,0,0,0,0,0,0,0,0,0,0,0,0,0,0,0,0,0,0,0,0,0,0,0,0,0,0,0,0,0,0,0,0.737,0.74,0.741,0.741,0.743,0.746,0.748,0,0,0,0,0,0,0,0,0,0,0,0,0,0,0,0.739,0.738,0.738,0.738,0.738,0.738,0.737,0,0,0,1.151,1.149,1.149,1.147,1.144,1.142,0,1.134,1.13,1.124,0,1.119,0,0
0,0,0,0,7.316,7.23,7.146,7.064,6.984,6.905,6.828,6.608,0,0,0,0,0,0,0,0,0,0,0,0,0,0,0,0,0,0,0,0,0,0,0,0,0,0,0,0,0,0,0,0,0,0,0,0,0,0,0,0,0,0,0,0,0,0,0,0,0,0,0,0,0,0,0.34,0.339,0.339,0.339,0.339,0.339,0.338,0.338,0.338,0.338,0.337,0.337,0.337,0.337,0.336,0.336,0.336,0.336,0.336,0.337,0.337,0.337,0.337,0.338,0.338,0.339,0.339,0.339,0.34,0.34,0.34,0.34,0.34,0.34,0.34,0.339,0.339,0.339,0.339,0.339,0.339,0.339,0.339,0.339,0.339,0.339,0.339,0.339,0.339,0.339,0.339,0.338,0.338,0.338,0.338,0.338,0.338,0.338,0.337,0.337,0.337,0.337,0.337,0.337,0.336,0.336,0.336,0.336,0.336,0.336,0.336,0.336,0.335,0.335,0.336,0.336,0.336,0.336,0.336,0.337,0.337,0.337,0.337,0.337,0.337,0.337,0.337,0.337,0.337,0.336,0.336,0.335,0.335,0.335,0.335,0.335,0.335,0.335,0.335,0.335,0.335,0.335,0.335,0.335,0.334,0.334,0.334,0.334,0.333,0.333,0.333,0.333,0.333,0.333,0.333,0.333,0.333,0.333,0.333,0.334,0.334,0.334,0.334,0.334,0.334,0.334,0.334,0.334,0.334,0.334,0.334,0.334,0.334,0.334,0.334,0.334,0.334,0.334,0.333,0.333,0.334,0.334,0.333,0.333,0.333,0.333,0.333,0.333,0.333,0.333,0.333,0.333,0.333,0.333,0.333,0.332,0.332,0.332,0.332,0.332,0.331,0.331,0.331,0.331,0.331,0.331,0.331,0.331,0.331,0.331,0.331,0.33,0.33,0.33,0.33,0.33,0.33,0.33,0.329,0.329,0.329,0.329,0.33,0.33,0.33,0.33,0.33,0.33,0.33,0.33,0.33,0.33,0.33,0.33,0.33,0.33,0.329,0.329,0.329,0.329,0.328,0.328,0.328,0.328,0.329,0.329,0.329,0.329,0.33,0.33,0.33,0.33,0.33,0.33,0,0.33,0.33,0.33,0.33,0.33,0.33,0.33,0.329,0.329,0.329,0.328,0.328,0.328,0.328,0.328,0.328,0.327,0.327,0.326,0.326,0.326,0.326,0.325,0.324,0.324,0.324,0.323,0.323,0.323,0.323,0.323,0.323,0.323,0.323,0.323,0.323,0.323,0.323,0.323,0.323,0.322,0.322,0.322,0.321,0.321,0.321,0.321,0.321,0.32,0.32,0.32,0.32,0.319,0.319,0.319,0.319,0.319,0.318,0.318,0.317,0.317,0.317,0.317,0.316,0.316,0.316,0.316,0.316,0.316,0.316,0.316,0.316,0.316,0.316,0.316,0.316,0.316,0.315,0.315,0.315,0.315,0.315,0.315,0.315,0.315,0.315,0.315,0.315,0.315,0.315,0.315,0.315,0.315,0.315,0.315,0.315,0.315,0.315,0.315,0.315,0.315,0.315,0.315,0.315,0.315,0.315,0.315,0.315,0.315,0.315,0.315,0.315,0.315,0.315,0.315,0.315,0.315,0.315,0.315,0.316,0.316,0.316,0.316,0.316,0.316,0.317,0.317,0.317,0.317,0.317,0.317,0.318,0.318,0.318,0.318,0.318,0.318,0.318,0.318,0.318,0.318,0.318,0.318,0.318,0.319,0.319,0.318,0.318,0.319,0.319,0.319,0.319,0.319,0.319,0.319,0.32,0.32,0.32,0,0,0,0,0,0,0,0,0,0,0,0,0,0,0,0,0,0,0,0,0,0,0,0,0.318,0.318,0.318,0.318,0.319,0.319,0,0,0,0,0,0,0,0,0,0,0,0,0,0,0.333,0.335,0.336,0.337,0.339,0.341,0,0.345,0.347,0.349,0,0,0,0,0,0,0,0,0,0,0,0,0,0,0,0,0,0,0,0,0,0,0,0,0,0,0,0,0,0,0,0,0,0,0,0,0,0,0,0,0,0,0,0,0,0,0,0,0,0,0,0,0,0,0,0,0,0,0,0.443,0.443,0.443,0.443,0.443,0,0,0,0,0,0,0,0,0,0,0,0,0,0,0,0,0,0,0,0,0,0,0,0,0,0,0,0,0,0,0,0,0,0,0,0,0.734,0.736,0.738,0.74,0.74,0.743,0.745,0.747,0.748,0,0,0,0,0,0,0,0,0,0,0,0,0,0.74,0.74,0.74,0.74,0.739,0.739,0.739,0,0,0,1.157,1.155,1.155,1.153,1.151,1.149,1.147,1.147,1.144,1.138,0,0,1.126,0,0
0,0,0,0,7.23,7.146,7.064,6.984,6.828,6.68,6.608,0,0,0,0,0,0,0,0,0,0,0,0,0,0,0,0,0,0,0,0,0,0,0,0,0,0,0,0,0,0,0,0,0,0,0,0,0,0,0,0,0,0,0,0,0,0,0,0,0,0,0,0,0,0,0,0.338,0,0,0.337,0.337,0.337,0,0,0,0,0.336,0.336,0.335,0.335,0.335,0.335,0.335,0.335,0.335,0.335,0.335,0.336,0.336,0.336,0.337,0.337,0.337,0.338,0.338,0.338,0.339,0.339,0.339,0.339,0.338,0.338,0.338,0.338,0.338,0.338,0.338,0.338,0.337,0.338,0.338,0.338,0.338,0.338,0.338,0.337,0.337,0.337,0.337,0.337,0.337,0.337,0.336,0.336,0.336,0.336,0.335,0.335,0.335,0.335,0.335,0.335,0.335,0.335,0.335,0.334,0.334,0.334,0.335,0.335,0.335,0.335,0.335,0.335,0.335,0.335,0.336,0.336,0.336,0.336,0.336,0.336,0.336,0.335,0.335,0.335,0.334,0.334,0.334,0.334,0.333,0.333,0.333,0.333,0.333,0.333,0.334,0.334,0.334,0.333,0.333,0.333,0.333,0.333,0.333,0.332,0.332,0.332,0.332,0.332,0.332,0.332,0.332,0.332,0.333,0.333,0.333,0.333,0.333,0.333,0.333,0.333,0.333,0.333,0.333,0.333,0.333,0.333,0.333,0.333,0.333,0.333,0.333,0.332,0.332,0.332,0.332,0.332,0.332,0.332,0.332,0.332,0.332,0.332,0.332,0.332,0.332,0.332,0.331,0.331,0.331,0,0,0.331,0.331,0.331,0.33,0.33,0.33,0.33,0.33,0.33,0.33,0.33,0.33,0.329,0.329,0.329,0.329,0.329,0.328,0.328,0.328,0.328,0.328,0.328,0.328,0.328,0.328,0.328,0.328,0.328,0.328,0.328,0.328,0.328,0.328,0.328,0.328,0.328,0.328,0.327,0.327,0,0.327,0.327,0.327,0.327,0.327,0.327,0.327,0.327,0.327,0.328,0.328,0.328,0.328,0.328,0.328,0,0.328,0.328,0.328,0.328,0.328,0.328,0.328,0.328,0.328,0.327,0.327,0.327,0.327,0.327,0.327,0.327,0.326,0.326,0.326,0.325,0.325,0.325,0.324,0.324,0.323,0.323,0.323,0.322,0.322,0.322,0.322,0.322,0.322,0.322,0.323,0.323,0.323,0.323,0.322,0.322,0.322,0.322,0.322,0.322,0.321,0.321,0.321,0.321,0.32,0.32,0.32,0.32,0.32,0.32,0.319,0.319,0.319,0.319,0.318,0.318,0.318,0.317,0.317,0.317,0.316,0.316,0.316,0.316,0.316,0.316,0.316,0.316,0.316,0.316,0.316,0.316,0.316,0.315,0.315,0.315,0.315,0.315,0.315,0.315,0.315,0.315,0.315,0.315,0.315,0.315,0.315,0.315,0.315,0.315,0.315,0.315,0.315,0.315,0.315,0.315,0.315,0.315,0.315,0.315,0.315,0.315,0.315,0.315,0.315,0.315,0.315,0.315,0.315,0.315,0.315,0.315,0.315,0.315,0.315,0.315,0.316,0.316,0.316,0.316,0.316,0.316,0.316,0.317,0.317,0.317,0.317,0.317,0.317,0.317,0.318,0.318,0.318,0.318,0.318,0.318,0.318,0.318,0.318,0.318,0.318,0.318,0.318,0.318,0.318,0.318,0.318,0.318,0.319,0.319,0.319,0.319,0.319,0.319,0.32,0.32,0,0,0,0,0,0,0,0,0,0,0,0,0,0,0,0,0,0,0,0,0,0,0.317,0.317,0.317,0.318,0.318,0.318,0.319,0.319,0.32,0.321,0.322,0.323,0,0.324,0,0,0.326,0.327,0.328,0,0.33,0.332,0.334,0.335,0.337,0.339,0.341,0.344,0.346,0.348,0,0,0,0,0,0,0,0,0,0,0,0,0,0,0,1.262,1.259,0,0,0,0,0,0,0,0,0,0,0,0,0,0,0,0,0,0,0,0,0,0,0,0,0,0,0,0,0,0,0,0,0,0,0,0,0,0,0,0,0,0,0.444,0.443,0.443,0.443,0.443,0.443,0,0,0,0,0,0,0,0,0,0,0,0,0,0,0,0,0,0,0,0,0,0,0,0,0,0,0,0,0,0,0,0,0,0,0,0,0.733,0.735,0.738,0.74,0.74,0.741,0.744,0.747,0.748,0.749,0,0,0,0,0,0,0,0,0,0,0,0,0.742,0.74,0.74,0.74,0.74,0,0,0,0,0,1.16,1.16,1.16,1.157,1.155,1.155,1.164,1.155,1.164,1.16,0,0,0,0,0
0,0,0,0,7.23,7.146,6.984,6.905,6.608,6.402,6.271,0,0,0,0,0,0,0,0,0,0,0,0,0,0,0,0,0,0,0,0,0,0,0,0,0,0,0,0,0,0,0,0,0,0,0,0,0,0,0,0,0,0,0,0,0,0,0,0,0,0,0,0,0,0,0,0,0,0,0,0,0.335,0,0,0,0,0,0,0.334,0.334,0.334,0.334,0.334,0.334,0.334,0.334,0.334,0.334,0.335,0.335,0.335,0.336,0.336,0.336,0.337,0.337,0.337,0.337,0.337,0.338,0.337,0.337,0.337,0.337,0.337,0.337,0.337,0.337,0.337,0.337,0.337,0.337,0.337,0.337,0.337,0.337,0.336,0.336,0.335,0.335,0.335,0.335,0.335,0.334,0.334,0.334,0.334,0.334,0.334,0.333,0.333,0.333,0.333,0.333,0.333,0.333,0.333,0.333,0.333,0.333,0.333,0.333,0.333,0.333,0.334,0.334,0.334,0.334,0.334,0.334,0.334,0.334,0.334,0.334,0.334,0.333,0.333,0.332,0.332,0.332,0.332,0.332,0.332,0.332,0.332,0.332,0.332,0.332,0.332,0.332,0.332,0.332,0.332,0.332,0.331,0.331,0.331,0.331,0.331,0.331,0.331,0.331,0.331,0.331,0.332,0.332,0.332,0.332,0.332,0.332,0.332,0.333,0.333,0.332,0.332,0.332,0.332,0.332,0.332,0.332,0.332,0.331,0.331,0.331,0.331,0.331,0.331,0.331,0.331,0.331,0.331,0.331,0.331,0.331,0.331,0.331,0.331,0.33,0.33,0.33,0.33,0,0,0.33,0.33,0.33,0.329,0.33,0.33,0.329,0.329,0.329,0.329,0.329,0.328,0.328,0.328,0.328,0.328,0.327,0.327,0.327,0.327,0.327,0.326,0.326,0.326,0.326,0.326,0.326,0.326,0.326,0.326,0.326,0.326,0.326,0.326,0.326,0.326,0.326,0.326,0.325,0.325,0.325,0.325,0.325,0.325,0.325,0.325,0.326,0.326,0.326,0.326,0.326,0.327,0.327,0.327,0.327,0.327,0.327,0.327,0.327,0.327,0.327,0.327,0.327,0.327,0.327,0.326,0.326,0.326,0.326,0.325,0.325,0.325,0.325,0.325,0.325,0.324,0,0.324,0.323,0.323,0.322,0.322,0.322,0.322,0.321,0.322,0.322,0.322,0.322,0.322,0.322,0.322,0.322,0.322,0.322,0.322,0.322,0.322,0.322,0.322,0.321,0.321,0.321,0.321,0.321,0.321,0.32,0.32,0.32,0.32,0.32,0.319,0.319,0.319,0.319,0.318,0.318,0.318,0.317,0.317,0.317,0.316,0.316,0.316,0.316,0.316,0.316,0.316,0.316,0.316,0.316,0.316,0.316,0.316,0.315,0.315,0.315,0.315,0.315,0.315,0.315,0.315,0.315,0.315,0.315,0.315,0.315,0.315,0.315,0.315,0.315,0.315,0.315,0.315,0.315,0.315,0.315,0.314,0.315,0.315,0.315,0.315,0.315,0.314,0.315,0.315,0.315,0.315,0.315,0.315,0.315,0.315,0.315,0.315,0.315,0.315,0.315,0.315,0.316,0.316,0.316,0.316,0.316,0.316,0.316,0.317,0.317,0.317,0.317,0.317,0.317,0.317,0.317,0.317,0.317,0.317,0.317,0.317,0.317,0.317,0.317,0.317,0.317,0.317,0.317,0.317,0.317,0.317,0.318,0.318,0.318,0.318,0.318,0.319,0.319,0.319,0,0,0,0,0,0,0,0,0,0,0,0,0,0,0,0,0,0,0,0,0,0,0,0,0,0.316,0.316,0.317,0.318,0.318,0.319,0.32,0.321,0.322,0.322,0.323,0.324,0.325,0.325,0.326,0.327,0.328,0.329,0.331,0.332,0.334,0.335,0.337,0.339,0.342,0.344,0.347,0,0,0,0,0,0,0,0,0,0,0,0,0,0,0,0,1.267,0,0,0,0,0,0,0,0,0,0,0,0,0,0,0,0,0,0,0,0,0,0,0,0,0,0,0,0,0,0,0,0,0,0,0,0,0,0,0,0,0,0,0.445,0.444,0.444,0.444,0.444,0.444,0.444,0,0,0,0,0,0,0,0,0,0,0,0,0,0,0,0,0,0,0,0,0,0,0,0,0,0,0,0,0,0,0,0,0,0,0,0,0.732,0.734,0.736,0.738,0.74,0.742,0.744,0.746,0.747,0.749,0.749,0,0,0,0,0,0,0,0,0,0,0.744,0.743,0.741,0.741,0.741,0.74,0,0,0,0,0,1.162,1.162,1.16,1.16,1.16,1.162,1.177,1.18,1.184,0,0,0,0,0,0
0,0,0,0,0,0,6.984,6.905,6.538,6.271,5.909,0,0,0,0,0,0,0,0,0,0,0,0,0,0,0,0,0,0,0,0,0,0,0,0,0,0,0,0,0,0,0,0,0,0,0,0,0,0,0,0,0,0,0,0,0,0,0,0,0,0,0,0,0,0,0,0,0.335,0.334,0.334,0.334,0.334,0.334,0.333,0.333,0.333,0.333,0.333,0.333,0.333,0.333,0.333,0.333,0.333,0.333,0.333,0.333,0.333,0.334,0.334,0.334,0.334,0.335,0.335,0.335,0.336,0.336,0.336,0.336,0.336,0.336,0.336,0.336,0.335,0.335,0.336,0.335,0.335,0.335,0.336,0.336,0.336,0.336,0.336,0.335,0.335,0.335,0.334,0.334,0.334,0.333,0.333,0.333,0.333,0.333,0.332,0.332,0.332,0.332,0.332,0.332,0.332,0.332,0.332,0.332,0.332,0.332,0.332,0.332,0.332,0.332,0.332,0.332,0.332,0.332,0.332,0.333,0.333,0.333,0.333,0.333,0.333,0.333,0.332,0.332,0.332,0.331,0.331,0.331,0.331,0.331,0.331,0.331,0.331,0.331,0.331,0.331,0.331,0.331,0.331,0.331,0.331,0.331,0.331,0.331,0.33,0.33,0.33,0.33,0.331,0.331,0.33,0.331,0.331,0.331,0.331,0.331,0.331,0.331,0.331,0.332,0.332,0.332,0.332,0.331,0.331,0.331,0.331,0.331,0.331,0.331,0.33,0.33,0.33,0.33,0.33,0.33,0.33,0.33,0.33,0.33,0.33,0.33,0.33,0.33,0.33,0.329,0.329,0.329,0.329,0.329,0.329,0.329,0.329,0.328,0.329,0.328,0.329,0.329,0.328,0.328,0.328,0.328,0.328,0.327,0.327,0.327,0.327,0.326,0.326,0.326,0.326,0.325,0.325,0.325,0.325,0.325,0.325,0.325,0.325,0.325,0.325,0.325,0.325,0.325,0.325,0.324,0.324,0.324,0.324,0.323,0.323,0.323,0.323,0.323,0.323,0.323,0.324,0.324,0.324,0.324,0.324,0.324,0.325,0.325,0.325,0.325,0.325,0.325,0.325,0.325,0.325,0.325,0.325,0.325,0.325,0.325,0.325,0.324,0.324,0.324,0.324,0.324,0.324,0.323,0.324,0.323,0.323,0.323,0.322,0.322,0.322,0.321,0.321,0.321,0.321,0.32,0.32,0.321,0.321,0.321,0.321,0.321,0.321,0.321,0.321,0.321,0.321,0.321,0.321,0.321,0.321,0.321,0.321,0.321,0.321,0.32,0.32,0.32,0.32,0.32,0.32,0.32,0.319,0.319,0.319,0.319,0.318,0.318,0.318,0.318,0.317,0.317,0.317,0.317,0.317,0.316,0.316,0.317,0.317,0.317,0.317,0.316,0.316,0.316,0.316,0.315,0.315,0.315,0.315,0.315,0.315,0.315,0.315,0.315,0.315,0.315,0.315,0.315,0.315,0.315,0.315,0.315,0.315,0.315,0.314,0.314,0.314,0.314,0.314,0.314,0.314,0.314,0.314,0.314,0.314,0.314,0.314,0.314,0.315,0.315,0.315,0.315,0.315,0.315,0.315,0.315,0.315,0.315,0.315,0.315,0.315,0.315,0.316,0.316,0.316,0.316,0.316,0.316,0.316,0.316,0.317,0.317,0.317,0.317,0.316,0.316,0.316,0.316,0.316,0.316,0.316,0.316,0.316,0.316,0.316,0.316,0.316,0.316,0.316,0.317,0.317,0.317,0.318,0.318,0.318,0.318,0.318,0.319,0,0,0,0,0,0,0,0,0,0,0,0,0,0,0,0,0,0,0,0,0,0,0,0,0,0.315,0.316,0.316,0.317,0.317,0.318,0.319,0.32,0.321,0.322,0.323,0.324,0.324,0.325,0.326,0.327,0.328,0.329,0.33,0,0.333,0.335,0.337,0.339,0.342,0.345,0,0,0,0,0,0,0,0,0,0,0,0,0,0,0,1.278,1.278,1.275,1.272,1.27,0,0,0,0,0,0,0,0,0,0,0,0,0,0,0,0,0,0,0,0,0,0,0,0,0,0,0,0,0,0,0,0,0,0,0,0,0,0,0,0,0,0.445,0.445,0.445,0.445,0.444,0.444,0,0,0,0,0,0,0,0,0,0,0,0,0,0,0,0,0,0,0,0,0,0,0,0,0,0,0,0,0,0,0,0,0,0,0,0.729,0.731,0.732,0.734,0.737,0.739,0.74,0.742,0.745,0.746,0.748,0.749,0.748,0.749,0.749,0.749,0,0,0,0,0.748,0,0.746,0.745,0.744,0.744,0.744,0,0,0,0,0,0,0,1.16,1.16,1.157,1.157,1.164,1.184,1.2,1.207,0,0,0,0,0,0
0,0,0,0,0,0,0,0,0,0,0,0,0,0,0,0,0,0,0,0,0,0,0,0,0,0,0,0,0,0,0,0,0,0,0,0,0,0,0,0,0,0,0,0,0,0,0,0,0,0,0,0,0,0,0,0,0,0,0,0,0,0,0,0,0,0,0.333,0.333,0.333,0.333,0.332,0.332,0.332,0.332,0.332,0.332,0.332,0.332,0.332,0.332,0.332,0.332,0.332,0.332,0.332,0.332,0.332,0.332,0.333,0.333,0.333,0.333,0.333,0.334,0.334,0.334,0.334,0.335,0.335,0.335,0.335,0.334,0.334,0.334,0.334,0.334,0.334,0.334,0.334,0.334,0.334,0.334,0.334,0.334,0.334,0.334,0.333,0.333,0.333,0.332,0.332,0.332,0.332,0.331,0.331,0.331,0.331,0.331,0.331,0.331,0.331,0.331,0.331,0.331,0.331,0.331,0.331,0.331,0.331,0.331,0.331,0.331,0.331,0.331,0.331,0.331,0.331,0.331,0.331,0.331,0.331,0.331,0.331,0.331,0.33,0.33,0.33,0.33,0.33,0.329,0.329,0.329,0.329,0.329,0.33,0.33,0.33,0.33,0.33,0.33,0.33,0.33,0.33,0.329,0.329,0.329,0.329,0.329,0.329,0.33,0.33,0.33,0.33,0.33,0.33,0.33,0.331,0.331,0.331,0.331,0.331,0.331,0.331,0.331,0.331,0.331,0.331,0.33,0.33,0.33,0.33,0.329,0.329,0.329,0.328,0.328,0.328,0.328,0.328,0.328,0.328,0.328,0.328,0.328,0.328,0.328,0.328,0.328,0.328,0.328,0.328,0.328,0.328,0.328,0.328,0.328,0.328,0.328,0.328,0.327,0.327,0.327,0.327,0.326,0.326,0.326,0.326,0.325,0.325,0.325,0.325,0.324,0.324,0.324,0.324,0.324,0.324,0.324,0.324,0.323,0.323,0.323,0.323,0.323,0.323,0.323,0.323,0.323,0.322,0.322,0.322,0.322,0.322,0.322,0.322,0.322,0.322,0.322,0.322,0.322,0.323,0.323,0.323,0.323,0.323,0.323,0.323,0.323,0.323,0.323,0.323,0.323,0.323,0.323,0.323,0.323,0.323,0.323,0.323,0.323,0.323,0.322,0.322,0.322,0.322,0.322,0.322,0.321,0.321,0.321,0.32,0.32,0.32,0.32,0.32,0.32,0.319,0.319,0.32,0.32,0.32,0.32,0.32,0.32,0.32,0.32,0.32,0.32,0.32,0.32,0.32,0.32,0.32,0.32,0.32,0.32,0.32,0.32,0.32,0.32,0.32,0.319,0.319,0.319,0.319,0.319,0.319,0.318,0.318,0.318,0.318,0.317,0.317,0.317,0.317,0.317,0.317,0.317,0.317,0.317,0.317,0.317,0.316,0.316,0.316,0.316,0.315,0.315,0.315,0.315,0.315,0.315,0.315,0.315,0.315,0.315,0.315,0.315,0.315,0.315,0.314,0.314,0.314,0.314,0.314,0.314,0.314,0.314,0.314,0.314,0.314,0.314,0.314,0.314,0.314,0.314,0.314,0.314,0.314,0.314,0.314,0.314,0.314,0.314,0.315,0.315,0.315,0.315,0.315,0.315,0.315,0.315,0.315,0.315,0.315,0.315,0.316,0.316,0.316,0.316,0.316,0.316,0.316,0.316,0.316,0.316,0.316,0.316,0.315,0.315,0.315,0.315,0.315,0.315,0.315,0.315,0.315,0.315,0.316,0.316,0.316,0.316,0.316,0.317,0.317,0.317,0.318,0.318,0,0,0,0,0,0,0,0,0,0,0,0,0,0,0,0,0,0,0,0,0,0,0,0,0.314,0.314,0.314,0.315,0.315,0.316,0.317,0.318,0.319,0.32,0.321,0.322,0.323,0.323,0.324,0.325,0.326,0.327,0.328,0.329,0.33,0.331,0.333,0,0.337,0,0.343,0,0,0,0,0,0,0,0,0,1.302,1.302,1.299,1.299,1.297,1.291,1.286,1.286,1.283,1.283,1.28,1.278,1.275,0,0,0,0,0,0,0,0,0,0,0,0,0,0,0,0,0,0,0,0,0,0,0,0,0,0,0,0,0,0,0,0,0,0,0,0,0,0,0,0.446,0.445,0.445,0.445,0.445,0.445,0,0,0,0,0,0,0,0,0,0,0,0,0,0,0,0,0,0,0,0,0,0,0,0,0,0,0,0,0,0,0,0,0,0,0,0,0.729,0.731,0.732,0.734,0.736,0.738,0.74,0.742,0.744,0.746,0.748,0.749,0.749,0.749,0.749,0.749,0.749,0.749,0.749,0.749,0.749,0.747,0.747,0.747,0.746,0.746,0.747,0.748,0,0,0,0,0,0,0,0,1.162,1.16,1.166,1.189,0,0,0,0,0,0,0,0
0,0,0,0,0,0,0,0,0,0,0,0,0,0,0,0,0,0,0,0,0,0,0,0,0,0,0,0,0,0,0,0,0,0,0,0,0,0,0,0,0,0,0,0,0,0,0,0,0,0,0,0,0,0,0,0,0,0,0,0,0,0,0,0,0,0,0,0.331,0.331,0.331,0.331,0.331,0.331,0.331,0.331,0.331,0.33,0.331,0.331,0.331,0.331,0.331,0.331,0.331,0.331,0.331,0.331,0.332,0.332,0.332,0.332,0.332,0.333,0.333,0.333,0.333,0.333,0.333,0.333,0.333,0.333,0.333,0.333,0.333,0.332,0.332,0.332,0.333,0.332,0.333,0.333,0.332,0.332,0.332,0.332,0.331,0.331,0.331,0.331,0.33,0.33,0.33,0.33,0.33,0.33,0.33,0.33,0.33,0.329,0.329,0.329,0.329,0.329,0.329,0.329,0.329,0.329,0.33,0.33,0.33,0.329,0.329,0,0.329,0.329,0.329,0.329,0.329,0.329,0,0,0.329,0.329,0.329,0.329,0.329,0.328,0.328,0.328,0.328,0.328,0.328,0.328,0.328,0.328,0.328,0.329,0.329,0.329,0.329,0.329,0.329,0.328,0.328,0.328,0.328,0.328,0.328,0.328,0.328,0.328,0.328,0.329,0.329,0.329,0.329,0.329,0.329,0.33,0.33,0.33,0.33,0.33,0.33,0.33,0.33,0.329,0.329,0.329,0.329,0.328,0.328,0.328,0.328,0.327,0.327,0.327,0.327,0.327,0.327,0.327,0.327,0,0.328,0.327,0.327,0.327,0.327,0.327,0.327,0.327,0.327,0.327,0.327,0.326,0.327,0.326,0.327,0.327,0.326,0.326,0.326,0.326,0.325,0.325,0.324,0.324,0.324,0.324,0.324,0.323,0.323,0.323,0.323,0.323,0.323,0.323,0.322,0.323,0.322,0.322,0.322,0.322,0.322,0.322,0.322,0.322,0.321,0.321,0.321,0.321,0.321,0.321,0.321,0.321,0.321,0.321,0.321,0.321,0.321,0.321,0.322,0.322,0.322,0.322,0.322,0.322,0.322,0.322,0.322,0.322,0.322,0.322,0.322,0.322,0.322,0.322,0.322,0.322,0.321,0.321,0.321,0.321,0.321,0.32,0.32,0.32,0.32,0.32,0.319,0.319,0.319,0.319,0.319,0.319,0.319,0.319,0.318,0.319,0.319,0.319,0.319,0.319,0.319,0.319,0.319,0.319,0.319,0.319,0.319,0.319,0.319,0.319,0.319,0.319,0.319,0.319,0.319,0.319,0.319,0.319,0.319,0.319,0.319,0.319,0.319,0.318,0.318,0.318,0.318,0.318,0.317,0.317,0.317,0.317,0.317,0.317,0.317,0.317,0.317,0.317,0.317,0.316,0.316,0.316,0.316,0.315,0.315,0.315,0.315,0.314,0.314,0.314,0.314,0.314,0.314,0.314,0.314,0.314,0.314,0.314,0.314,0.314,0.314,0.314,0.314,0.314,0.313,0.313,0.313,0.313,0.313,0.313,0.313,0.313,0.313,0.313,0.314,0.314,0.314,0.314,0.314,0.314,0.314,0.314,0.314,0.314,0.314,0.314,0.315,0.315,0.315,0.315,0.315,0.315,0.315,0.315,0.315,0.315,0.316,0.316,0.316,0.316,0.316,0.315,0.315,0.315,0.315,0.315,0.315,0.315,0.315,0.315,0.315,0.315,0.315,0.315,0.315,0.315,0.315,0.315,0.316,0.316,0.316,0.317,0.317,0.317,0.318,0.318,0.319,0,0,0,0,0,0,0,0,0,0,0,0,0,0,0,0,0,0,0,0,0,0,0.314,0.314,0.314,0.315,0.315,0.316,0.316,0.317,0.318,0.319,0.321,0.322,0.322,0.323,0.324,0.325,0.326,0.327,0.328,0.329,0.33,0.331,0,0,0,0,0,0,0,0,0,0,1.308,1.308,1.305,1.305,1.302,1.302,1.299,1.299,1.297,1.294,1.291,1.288,1.286,1.286,1.286,1.283,1.28,1.278,1.278,0,0,0,0,0,0,0,0,0,0,0,0,0,0,0,0,0,0,0,0,0,0,0,0,0,0,0,0,0,0,0,0,0,0,0,0,0,0,0.446,0.445,0.445,0.445,0.445,0,0,0,0,0,0,0,0,0,0,0,0,0,0,0,0,0,0,0,0,0,0,0,0,0,0,0,0,0,0,0,0,0,0,0,0,0.728,0.73,0.732,0.733,0.735,0.737,0.74,0.741,0.744,0.745,0.748,0.749,0.748,0.749,0.749,0.749,0.749,0.749,0.749,0.749,0.749,0.749,0.748,0.748,0.747,0.747,0.748,0.749,0.749,0,0,0,0,0,1.164,1.164,1.162,1.164,1.173,0,0,0,0,0,0,0,0,0
0,0,0,0,0,0,0,0,0,0,0,0,0,0,0,0,0,0,0,0,0,0,0,0,0,0,0,0,0,0,0,0,0,0,0,0,0,0,0,0,0,0,0,0,0,0,0,0,0,0,0,0,0,0,0,0,0,0,0,0,0,0,0,0,0,0,0,0.33,0.33,0.329,0.33,0.33,0.33,0.33,0.33,0.33,0.33,0.33,0.33,0.33,0.33,0.33,0.33,0.33,0.331,0.331,0.331,0.331,0.331,0.331,0.331,0.331,0.331,0.332,0.332,0.332,0.332,0.332,0.332,0.332,0.332,0.331,0.331,0.331,0.331,0.331,0.331,0.331,0.331,0.331,0.331,0.33,0.33,0.33,0.33,0.33,0.329,0.329,0.329,0.329,0.329,0.328,0.328,0.328,0.328,0.328,0.328,0.328,0.328,0.328,0.328,0.328,0.328,0.328,0.328,0.328,0.328,0.328,0.328,0.328,0.328,0.328,0.328,0.328,0.328,0.328,0.328,0.328,0.328,0.328,0.328,0.328,0.327,0.327,0.327,0.327,0.327,0.327,0.327,0.327,0.326,0.326,0.326,0.326,0.327,0.327,0.327,0.327,0.327,0.327,0.327,0.327,0.327,0.327,0.327,0.326,0.327,0.327,0.327,0.327,0.327,0.327,0.327,0.327,0.328,0.328,0.328,0.328,0.328,0.328,0.328,0.328,0.328,0.328,0.328,0.328,0.328,0.328,0.327,0.327,0.327,0.327,0.327,0.326,0.326,0.326,0.326,0.326,0.326,0.326,0.326,0.326,0.326,0.327,0.327,0.326,0.326,0.326,0.326,0.326,0.326,0.326,0.326,0.326,0.326,0.326,0.326,0.326,0.326,0.325,0.325,0.325,0.324,0.324,0.324,0.323,0.323,0.323,0.322,0.322,0.322,0.322,0.322,0.322,0.322,0.322,0.322,0.322,0.322,0.321,0.321,0.321,0.321,0.321,0.321,0.321,0.32,0.32,0.32,0.32,0.32,0.32,0.32,0.32,0.32,0.32,0.32,0.32,0.32,0.32,0.32,0.32,0.32,0.321,0.321,0.321,0.321,0.321,0.321,0.321,0.321,0.321,0.321,0.321,0.321,0.321,0.321,0.32,0.32,0.32,0.32,0.32,0.32,0.319,0.319,0.319,0.319,0.318,0.318,0.318,0.318,0.318,0.318,0.318,0.318,0.318,0.317,0.318,0.318,0.318,0.318,0.318,0.318,0.318,0.318,0.318,0.318,0.318,0.318,0.317,0.317,0.317,0.317,0.318,0.318,0.318,0.318,0.318,0.318,0.318,0.319,0.318,0.318,0.318,0.318,0.318,0.318,0.318,0.318,0.317,0.317,0.317,0.317,0.317,0.317,0.317,0.317,0.317,0.317,0.317,0.317,0.317,0.316,0.316,0.316,0.315,0.315,0.315,0.314,0.314,0.314,0.314,0.314,0.314,0.314,0.314,0.314,0.314,0.314,0.314,0.313,0.313,0.313,0.313,0.313,0.313,0.313,0.313,0.313,0.313,0.313,0.312,0.312,0.312,0.313,0.313,0.313,0.313,0.313,0.313,0.313,0.313,0.313,0.314,0.314,0.314,0.314,0.314,0.314,0.314,0.314,0.314,0.314,0.314,0.315,0.315,0.315,0.315,0.315,0.315,0.315,0.315,0.315,0.315,0.315,0.315,0.315,0.315,0.314,0.314,0.314,0.314,0.314,0.314,0.314,0.314,0.314,0.314,0.315,0.315,0.315,0.315,0.315,0.316,0.316,0.317,0.317,0.318,0.319,0,0,0,0,0,0,0,0,0,0,0,0,0,0,0,0,0,0,0,0,0,0,0,0.314,0.314,0.314,0.314,0.315,0.316,0.316,0.317,0.318,0.319,0.32,0.321,0.322,0.323,0.324,0.325,0.326,0.327,0.328,0.329,0.33,0.331,0.333,0.335,0.337,0,0,0,0,0,0,0,0,1.308,1.308,1.305,1.305,1.302,1.302,1.299,1.299,1.297,1.294,1.291,1.288,1.288,1.288,1.286,1.28,1.28,1.28,0,0,0,0,0,0,0,0,0,0,0,0,0,0,0,0,0,0,0,0,0,0,0,0,0,0,0,0,0,0,0,0,0,0,0,0,0,0,0.446,0.445,0.445,0.445,0.446,0,0,0,0,0,0,0,0,0,0,0,0,0,0,0,0,0,0,0,0,0,0,0,0,0,0,0,0,0,0,0,0,0,0,0,0.726,0.728,0.729,0.732,0.732,0.734,0.737,0.739,0.741,0.743,0.745,0.748,0.749,0.749,0.749,0.749,0.749,0.749,0.749,0.75,0.749,0.749,0.749,0.749,0.749,0.748,0.748,0.749,0.749,0.75,0.753,0,0,0,0,0,0,0,0,0,0,0,0,0,0,0,0,0,0
0,0,0,0,0,0,0,0,0,0,0,0,0,0,0,0,0,0,0,0,0,0,0,0,0,0,0,0,0,0,0,0,0,0,0,0,0,0,0,0,0,0,0,0,0,0,0,0,0,0,0,0,0,0,0,0,0,0,0,0,0,0,0,0,0,0,0,0,0,0,0.329,0.329,0.329,0.329,0.329,0.329,0.329,0.33,0.33,0.33,0.33,0.33,0.33,0.33,0.33,0.33,0.33,0.33,0.33,0.331,0.331,0.331,0.331,0.331,0.331,0.331,0.331,0.331,0.331,0.331,0.33,0,0,0,0.329,0.329,0.329,0.329,0.329,0.329,0.329,0.329,0.328,0.328,0.328,0.328,0.328,0.327,0.327,0.327,0.327,0.327,0.327,0.327,0.327,0.327,0.327,0.327,0.327,0.327,0.327,0.327,0.327,0.327,0.327,0.327,0.327,0.327,0.327,0.327,0.326,0.326,0.326,0.326,0.326,0.326,0.326,0.326,0.326,0.326,0.326,0.326,0.326,0.326,0.326,0.326,0.326,0.325,0.325,0.325,0.325,0.325,0.325,0.325,0.325,0.326,0.326,0.326,0.326,0.326,0.326,0.326,0.326,0.326,0.325,0.325,0.325,0.325,0.325,0.325,0.326,0.326,0.326,0.326,0.326,0.326,0.327,0.327,0.327,0.327,0.327,0.327,0.327,0.327,0.327,0.327,0.327,0.326,0.326,0.326,0.326,0.326,0.326,0.325,0.325,0.325,0.325,0.325,0.325,0.325,0.326,0.325,0.325,0.325,0.325,0.325,0.325,0.325,0.325,0.325,0.325,0.325,0.325,0.325,0.325,0.325,0.325,0.325,0.324,0.324,0.324,0.323,0.323,0.323,0.322,0.322,0.322,0.321,0.321,0.321,0.321,0.321,0.321,0.321,0.321,0.321,0.321,0.321,0.321,0.32,0.32,0.32,0.32,0.32,0.319,0.319,0.319,0.319,0.319,0.319,0.319,0.319,0.319,0.319,0.319,0.319,0.319,0.319,0.319,0.319,0.319,0.319,0.319,0.319,0.32,0.32,0.32,0.32,0.32,0.32,0.32,0.32,0.32,0.319,0.319,0.319,0.319,0.319,0.319,0.319,0.318,0.318,0.318,0.318,0.318,0.317,0.317,0.317,0.317,0.317,0.317,0.317,0.317,0.317,0.317,0.317,0.317,0.317,0.317,0.317,0.317,0.316,0.316,0.316,0.316,0.316,0.316,0.316,0.316,0.316,0.316,0.316,0.316,0.316,0.316,0.316,0.317,0.317,0.317,0.317,0.317,0.317,0.317,0.317,0.317,0.317,0.317,0.317,0.317,0.317,0.317,0.317,0.317,0.317,0.317,0.317,0.317,0.317,0.317,0.317,0.317,0.316,0.316,0.315,0.315,0.315,0.314,0.314,0.314,0.314,0.313,0.313,0.313,0.313,0.313,0.313,0.313,0.313,0.313,0.313,0.313,0.313,0.313,0.313,0.313,0.312,0.312,0.312,0.312,0.312,0.312,0.312,0.312,0.312,0.312,0.312,0.312,0.312,0.312,0.312,0.312,0.312,0.312,0.313,0.313,0.313,0.313,0.313,0.313,0.313,0.313,0.314,0.314,0.314,0.314,0.314,0.314,0.314,0.314,0.315,0.314,0.314,0.314,0.315,0.314,0.314,0.314,0.314,0.314,0.314,0.313,0.313,0.313,0.313,0.313,0.314,0.314,0.314,0.314,0.314,0.314,0.315,0.315,0.315,0.316,0.316,0,0.317,0,0,0,0,0,0,0,0,0,0,0,0,0,0,0,0,0,0,0,0,0,0,0,0,0,0,0.313,0.314,0.314,0.315,0.316,0,0,0.318,0.32,0.321,0.322,0.323,0.324,0.325,0.326,0.327,0.328,0.329,0.33,0.332,0.333,0,0,0,0,0,0,1.313,1.313,1.31,1.308,1.308,1.308,1.305,1.305,1.302,1.299,1.299,1.299,1.297,1.294,1.294,1.291,1.291,1.286,1.286,1.283,1.28,1.278,1.278,0,0,0,0,0,0,0,0,0,0,0,0,0,0,0,0,0,0,0,0,0,0,0,0,0,0,0,0,0,0,0,0,0,0,0,0,0.446,0.446,0.446,0.446,0.446,0,0,0,0,0,0,0,0,0,0,0,0,0,0,0,0,0,0,0,0,0,0,0,0,0,0,0,0,0,0,0,0,0,0,0,0,0,0.728,0.729,0.732,0.732,0.733,0.736,0.739,0.741,0,0,0,0,0,0,0,0,0.75,0.75,0.75,0.75,0.75,0.749,0.749,0.749,0.748,0.749,0.749,0.75,0.751,0.755,0,0,0,0,0,0,0,0,0,0,0,0,1.322,0,0,0,0,0
0,0,0,0,0,0,0,0,0,0,0,0,0,0,0,0,0,0,0,0,0,0,0,0,0,0,0,0,0,0,0,0,0,0,0,0,0,0,0,0,0,0,0,0,0,0,0,0,0,0,0,0,0,0,0,0,0,0,0,0,0,0,0,0,0,0,0,0,0,0,0.328,0.328,0.328,0.328,0.328,0.328,0.328,0.329,0.329,0.329,0.329,0.329,0.329,0.329,0.33,0.33,0.33,0.33,0.33,0.33,0.33,0.33,0.33,0.33,0.33,0.33,0.33,0.33,0.329,0.329,0.328,0.328,0.328,0.328,0.328,0.328,0.328,0.328,0.328,0.327,0,0,0.327,0.326,0.326,0.326,0.326,0.326,0.326,0.326,0.326,0.326,0.326,0.326,0.326,0.325,0.326,0.325,0.325,0.325,0.325,0.325,0.325,0.325,0.325,0.325,0.325,0.325,0.325,0.325,0.325,0.325,0.325,0.325,0.325,0.325,0.325,0.325,0.324,0.324,0.324,0.324,0.324,0.324,0.324,0.324,0.324,0.324,0.324,0.324,0.324,0.323,0.323,0.324,0.324,0.324,0.324,0.325,0.325,0.325,0.325,0.325,0.324,0.324,0.324,0.324,0.324,0.324,0.324,0.324,0.324,0.324,0.324,0.324,0.324,0.324,0.325,0.325,0.325,0.325,0.325,0.325,0.325,0,0.325,0.325,0.325,0.325,0.325,0.325,0.324,0.324,0.324,0.324,0.324,0.324,0.324,0.324,0.324,0.325,0.324,0.324,0.324,0.324,0.324,0.324,0.324,0.324,0.324,0.324,0.324,0.324,0.324,0.324,0.323,0.324,0.324,0.323,0.323,0.323,0.322,0.322,0.322,0.321,0.321,0.321,0.32,0.32,0.32,0.32,0.32,0.32,0.32,0.32,0.32,0.32,0.32,0.32,0.32,0.319,0.319,0.319,0.319,0.318,0.318,0.318,0.318,0.318,0.318,0.318,0.318,0.318,0.318,0.318,0.318,0.318,0.318,0.318,0.318,0.318,0.318,0.318,0.318,0.318,0.318,0.318,0.318,0.318,0.318,0.318,0.318,0.318,0.318,0.318,0.318,0.318,0.317,0.317,0.317,0.317,0.317,0.317,0.316,0.316,0.316,0.316,0.316,0.316,0.316,0.316,0.316,0.315,0.316,0.316,0.316,0.316,0.316,0.316,0.316,0.316,0.315,0.315,0.315,0.315,0.315,0.315,0.315,0.315,0.315,0.314,0.314,0.314,0.315,0.315,0.315,0.315,0.315,0,0.315,0.316,0.316,0.316,0.316,0.316,0.316,0.317,0.317,0.317,0.317,0.317,0.317,0.317,0.317,0.317,0.317,0.317,0.317,0.317,0.317,0.317,0.316,0.316,0.316,0.315,0.315,0.314,0.314,0.313,0.313,0.313,0.313,0.312,0.312,0.312,0.312,0.312,0.312,0.312,0.312,0.312,0.312,0.312,0.312,0.312,0.312,0.312,0.312,0.311,0.311,0.311,0.311,0.311,0.311,0.311,0.311,0.311,0.311,0.311,0.311,0.311,0.311,0.311,0.311,0.312,0.312,0.312,0.312,0.312,0.312,0.312,0.312,0.313,0.313,0.313,0.313,0.313,0.314,0.314,0.314,0.314,0.314,0.314,0.314,0.314,0.314,0.313,0.313,0.313,0.313,0.313,0.313,0.313,0.313,0.313,0.313,0.313,0.313,0.313,0.314,0.314,0.314,0.314,0.315,0.315,0.315,0,0,0,0,0,0,0,0,0,0,0,0,0,0,0,0,0,0,0,0,0,0,0,0,0,0,0,0.313,0.313,0.313,0.313,0.314,0.315,0.315,0.316,0.317,0.318,0.319,0.32,0.321,0.322,0.323,0.325,0.326,0.327,0.328,0.329,0.331,0.332,0,0,0,0,0,1.313,1.313,1.313,1.313,1.31,1.308,1.308,1.305,1.305,1.305,1.302,1.299,1.299,1.299,1.299,1.297,1.294,1.294,1.291,1.288,1.286,1.283,1.278,1.278,1.275,0,0,0,0,0,0,0,0,0,0,0,0,0,0,0,0,0,0,0,0,0,0,0,0,0,0,0,0,0,0,0,0,0,0,0,0,0,0.446,0.446,0.446,0.446,0.445,0,0,0,0,0,0,0,0,0,0,0,0,0,0,0,0,0,0,0,0,0,0,0,0,0,0,0,0,0,0,0,0,0,0,0,0,0,0.73,0.732,0.732,0.733,0.736,0.739,0.74,0,0,0,0,0,0,0,0,0,0,0.751,0.751,0.751,0.75,0.75,0.749,0.749,0.749,0.75,0.751,0.752,0,0,0,0,0,0,0,0,0,0,0,0,0,0,0,0,0,0,0
0,0,0,0,0,0,0,0,0,0,0,0,0,0,0,0,0,0,0,0,0,0,0,0,0,0,0,0,0,0,0,0,0,0,0,0,0,0,0,0,0,0,0,0,0,0,0,0,0,0,0,0,0,0,0,0,0,0,0,0,0,0,0,0,0,0,0.327,0,0.327,0.327,0.327,0.327,0.327,0.327,0.327,0.328,0.328,0.328,0.328,0.328,0.328,0.328,0.328,0.329,0.329,0.329,0.329,0.329,0.329,0.329,0.329,0.329,0.329,0.329,0.329,0.329,0.328,0.328,0.328,0.327,0.327,0.327,0.327,0.327,0.326,0.326,0.326,0.326,0.326,0.326,0.326,0.326,0.325,0.325,0.325,0.325,0.324,0.324,0.324,0.324,0.324,0.324,0.324,0.324,0.324,0.324,0.324,0.324,0.324,0.324,0.324,0.324,0.324,0.324,0.324,0.324,0.323,0.324,0.324,0.323,0.323,0.323,0.323,0.323,0.323,0.324,0.323,0.323,0.323,0.323,0.323,0.323,0.323,0.323,0.323,0.323,0.323,0.323,0.322,0.323,0.322,0.322,0.322,0.323,0.323,0.323,0.323,0.323,0.323,0.323,0.323,0.323,0.323,0.323,0.323,0.323,0.322,0.322,0.322,0.322,0.323,0.322,0.323,0.323,0.323,0.323,0.323,0.323,0.323,0.323,0.323,0.323,0.324,0.323,0.324,0.324,0.324,0.324,0.323,0.323,0.323,0.323,0.323,0.323,0.323,0.323,0.324,0.324,0.323,0.323,0.323,0.323,0.323,0.323,0.323,0.322,0.322,0.322,0.322,0.322,0.322,0.322,0.322,0.322,0.322,0.322,0.322,0.322,0.321,0.321,0.321,0.32,0.32,0.32,0.319,0.319,0.319,0.319,0.319,0.319,0.319,0.319,0.319,0.319,0.319,0.319,0.319,0.318,0.318,0.318,0.318,0.318,0.317,0.317,0.317,0.317,0.317,0.317,0.317,0.317,0.317,0.317,0.317,0.317,0.317,0.317,0.317,0.317,0.318,0.317,0.317,0.317,0.317,0.317,0.317,0.317,0.317,0.317,0.317,0.317,0.317,0.317,0.317,0.317,0.316,0.316,0.316,0.316,0.316,0.316,0.316,0.315,0.315,0.315,0.315,0.315,0.315,0.315,0.315,0.315,0.315,0.315,0.315,0.315,0.315,0.315,0.315,0.315,0.315,0.315,0.315,0.314,0.314,0.314,0.314,0.313,0.313,0.313,0.313,0.313,0.313,0.313,0.313,0.313,0.313,0.313,0.313,0,0,0.314,0.315,0.315,0.315,0.315,0.315,0,0.316,0.316,0.316,0.316,0.317,0.317,0.317,0.317,0.317,0.317,0.317,0.317,0.316,0.316,0.316,0.316,0.315,0.315,0.314,0.313,0.313,0.312,0.312,0.312,0.312,0.312,0.312,0.311,0.311,0.311,0.311,0.311,0.311,0.311,0.311,0.311,0.311,0.311,0.311,0.311,0.311,0.311,0.311,0.311,0.31,0.31,0.31,0.31,0.31,0.31,0.31,0.311,0.311,0.311,0.311,0.311,0.311,0.311,0.311,0.311,0.311,0.311,0.311,0.311,0.311,0.311,0.311,0.312,0.312,0.312,0.312,0.312,0.312,0.312,0.312,0.312,0.312,0.313,0.312,0.312,0.312,0.312,0.312,0.312,0.312,0.312,0.312,0.312,0.312,0.312,0.312,0.313,0.313,0.313,0.314,0.314,0.314,0.315,0,0,0,0,0,0,0,0,0,0,0,0,0,0,0,0,0,0,0,0,0,0,0,0,0,0,0,0,0.312,0.312,0.313,0.313,0.314,0.314,0.315,0.315,0.316,0.317,0.319,0.32,0.321,0.322,0.323,0.324,0.326,0.327,0.328,0.329,0.331,0.332,0,0,1.305,1.308,1.31,1.313,1.313,1.313,1.313,1.31,1.308,1.308,1.308,1.305,1.305,1.302,1.302,1.299,1.299,1.297,1.297,1.294,1.294,1.291,1.288,1.283,1.28,1.275,1.275,1.27,1.267,1.265,0,0,0,0,0,0,0,0,0,0,0,0,0,0,0,0,0,0,0,0,0,0,0,0,0,0,0,0,0,0,0,0,0,0,0,0,0,0,0,0,0,0,0,0,0,0,0,0,0,0,0,0,0,0,0,0,0,0,0,0,0,0,0,0,0,0,0,0,0,0,0,0,0,0,0,0,0,0.73,0.732,0.732,0.733,0.736,0.738,0.74,0,0,0,0,0,0,0,0,0,0.752,0.753,0.752,0.751,0.752,0.751,0.751,0.75,0.75,0.752,0.752,0.753,0,0,0,0,0,0,0,0,0,0,0,0,0,0,0,0,0,0,0
0,0,0,0,0,0,0,0,0,0,0,0,0,0,0,0,0,0,0,0,0,0,0,0,0,0,0,0,0,0,0,0,0,0,0,0,0,0,0,0,0,0,0,0,0,0,0,0,0,0,0,0,0,0,0,0,0,0,0,0,0,0,0,0,0.326,0.326,0.326,0.326,0.326,0.326,0.326,0.326,0.326,0.326,0.327,0.327,0.327,0.327,0.327,0.327,0.327,0.327,0.328,0.328,0.328,0.328,0.328,0.328,0.328,0.328,0.328,0.328,0.327,0.327,0.327,0.327,0.327,0.326,0.326,0.326,0.325,0.325,0.325,0.325,0.325,0.324,0.325,0.325,0.324,0.324,0.324,0.324,0.324,0.323,0.323,0.323,0.323,0.323,0.323,0.323,0.323,0.323,0.323,0.323,0.323,0.323,0.323,0.323,0.323,0.323,0.323,0.323,0.323,0.322,0.322,0.322,0.322,0.322,0.322,0.322,0.322,0.322,0.322,0.322,0.322,0.322,0.322,0.322,0.322,0.322,0.322,0.322,0.322,0.322,0.322,0.321,0.321,0.321,0.321,0.321,0.321,0.321,0.321,0.322,0.322,0.322,0.322,0.322,0.322,0.322,0.322,0.322,0.322,0.322,0.321,0.321,0.321,0.321,0.321,0.321,0.321,0.321,0.321,0.321,0.321,0.321,0.321,0.321,0.321,0.322,0.322,0.322,0.322,0.322,0.322,0.322,0.322,0.322,0.322,0.322,0.322,0.322,0.322,0.322,0.322,0.323,0.323,0.323,0.323,0.323,0.322,0.322,0.322,0.322,0.321,0.321,0.321,0.321,0.321,0.321,0.321,0.321,0.321,0.321,0.321,0.321,0.32,0.32,0.32,0.32,0.319,0.319,0.318,0.318,0.318,0.318,0.317,0.317,0.317,0.317,0.317,0.318,0.318,0.317,0.318,0.317,0.317,0.317,0.317,0.317,0.317,0.316,0.316,0.316,0.316,0.316,0.316,0.316,0.316,0.316,0.316,0.317,0.316,0.317,0.317,0.317,0.317,0.317,0.317,0.317,0.317,0.316,0.316,0.316,0.316,0.316,0.316,0.316,0.316,0.316,0.316,0.316,0.315,0.315,0.315,0.315,0.315,0.315,0.314,0.314,0.314,0.314,0.314,0.314,0.314,0.314,0.314,0.314,0.314,0.314,0.314,0.314,0.314,0.314,0.314,0.314,0.314,0.314,0.314,0.314,0.314,0.313,0.313,0.313,0.312,0.312,0.312,0.312,0.312,0.311,0.311,0.311,0.311,0.312,0.312,0.312,0.312,0,0.312,0.313,0.313,0.313,0.314,0.314,0.314,0.315,0.315,0.315,0.316,0.316,0.316,0.316,0.316,0.316,0.316,0.316,0.316,0.316,0.316,0.315,0.315,0.315,0.314,0.314,0.313,0.312,0.312,0.311,0.311,0.311,0.311,0.311,0.311,0.311,0.311,0.311,0.31,0.31,0.31,0.31,0.31,0.31,0.31,0.31,0.31,0.31,0.31,0.31,0.31,0.31,0.31,0.31,0.31,0.31,0.309,0.309,0.309,0.309,0.31,0.31,0.309,0.309,0.309,0.31,0.309,0.309,0.309,0.309,0.309,0.31,0.31,0.31,0.31,0.311,0.311,0.311,0.311,0.311,0.311,0.311,0.311,0.311,0.311,0.311,0.311,0.311,0.311,0.311,0.311,0.311,0.311,0.311,0.311,0.311,0.311,0.312,0.312,0.312,0.313,0.313,0.313,0.313,0,0.314,0,0,0,0,0,0,0,0,0,0,0,0,0,0,0,0,0,0,0,0,0,0,0,0,0,0,0,0.312,0.312,0.312,0.312,0.313,0.313,0.314,0.314,0.315,0.316,0.317,0.318,0.319,0.32,0.321,0.323,0.324,0.325,0.327,0.328,0.329,0.331,0,0,1.302,1.302,1.302,1.305,1.308,1.31,1.31,1.31,1.31,1.308,1.308,1.305,1.305,1.302,1.299,1.299,1.297,1.297,1.294,1.294,1.291,1.288,1.288,1.286,1.28,1.278,1.272,1.27,1.267,1.265,1.259,0,0,0,0,0,0,0,0,0,0,0,0,0,0,0,0,0,0,0,0,0,0,0,0,0,0,0,0,0,0,0,0,0,0,0,0,0,0,0,0,0,0,0,0,0,0,0,0,0,0,0,0,0,0,0,0,0,0,0,0,0,0,0,0,0,0,0,0,0,0,0,0,0,0,0,0.726,0.728,0.73,0.732,0.732,0.733,0.735,0.737,0.74,0,0,0,0,0,0,0,0,0,0.753,0.753,0.753,0.753,0.753,0.752,0.752,0,0,0,0,0,0,0,1.265,0,0,0,0,0,0,0,0,0,0,1.372,1.39,0,0,0,0
0,0,0,0,0,0,0,0,0,0,0,0,0,0,0,0,0,0,0,0,0,0,0,0,0,0,0,0,0,0,0,0,0,0,0,0,0,0,0,0,0,0,0,0,0,0,0,0,0,0,0,0,0,0,0,0,0,0,0,0,0,0,0,0,0.325,0.325,0.325,0.324,0.324,0.324,0.324,0.324,0.325,0.325,0.325,0.326,0.326,0.326,0.326,0.326,0.327,0.327,0.327,0.327,0.327,0.327,0.327,0.327,0.327,0.327,0.326,0.326,0,0.326,0.326,0.325,0.325,0.325,0.324,0.324,0.324,0.323,0.323,0.323,0.323,0.323,0.323,0.323,0.323,0.323,0.322,0.322,0.322,0.322,0.322,0.322,0.322,0.322,0.321,0.321,0.321,0.321,0.321,0.321,0.322,0.322,0.322,0.322,0.322,0.322,0.322,0.321,0.321,0.321,0.321,0.321,0.321,0.321,0.321,0.321,0.321,0.321,0.321,0.321,0.321,0.321,0.321,0.321,0.321,0.321,0.321,0.321,0.321,0.321,0.32,0.32,0.32,0.32,0.32,0.32,0.32,0.32,0.32,0.32,0.321,0.321,0.321,0.321,0.321,0.321,0.321,0.321,0.321,0.321,0.321,0.32,0.32,0.32,0.32,0.32,0.32,0.32,0.319,0.319,0.319,0.319,0.319,0.32,0.32,0.32,0.32,0.32,0.32,0.32,0.32,0.321,0.321,0.321,0.321,0.321,0.321,0.321,0.321,0.321,0.321,0.321,0.321,0.321,0.321,0.321,0.321,0.321,0.32,0.32,0.32,0.32,0.32,0.32,0,0.319,0.319,0.32,0.32,0.319,0.319,0.319,0.319,0.319,0.318,0.318,0.318,0.317,0.317,0.317,0.316,0.316,0.316,0.316,0.316,0.316,0.316,0.316,0.316,0.316,0.316,0.316,0.316,0.316,0.316,0.316,0.315,0.315,0.315,0.315,0.315,0.315,0.315,0.315,0.316,0.316,0.316,0.316,0.316,0.316,0.316,0.316,0.316,0.316,0.316,0.316,0.316,0.316,0.315,0.315,0.315,0.315,0.315,0.315,0.315,0.315,0.314,0.314,0.314,0.314,0.313,0.313,0.313,0.313,0.313,0.313,0.313,0.313,0.313,0.312,0.312,0.312,0.313,0.313,0.313,0.313,0.313,0.313,0.313,0.313,0.313,0.313,0.313,0.313,0.313,0.313,0.312,0.312,0.312,0.311,0.311,0.311,0.311,0.311,0.31,0.31,0.31,0.31,0.31,0.31,0.31,0.31,0.311,0.311,0.311,0.311,0.312,0.312,0.312,0.312,0.313,0.313,0.314,0.314,0.314,0.314,0.315,0.315,0.315,0.315,0.315,0.315,0.315,0.315,0.315,0.314,0.314,0.314,0.313,0.312,0.312,0.311,0.311,0.31,0.31,0.31,0.31,0.31,0.31,0.31,0.31,0.31,0.31,0.31,0.309,0.309,0.309,0.309,0.309,0.309,0.309,0.309,0.309,0.309,0.309,0.309,0.309,0.309,0.309,0.309,0.309,0.309,0.309,0.309,0.309,0.309,0.309,0.309,0.309,0.309,0.308,0.308,0.308,0.308,0.308,0.308,0.309,0.309,0.309,0.309,0.309,0.309,0.31,0.31,0.31,0.31,0.31,0.309,0.31,0.31,0.31,0.31,0.309,0.31,0.31,0.31,0.31,0.31,0.31,0.31,0.311,0.311,0.311,0,0,0,0,0,0.313,0,0,0,0,0,0,0,0,0,0,0,0,0,0,0,0,0,0,0,0,0,0,0,0,0,0,0,0,0.311,0.311,0.312,0.312,0.313,0.313,0.314,0.315,0.315,0.316,0.317,0.318,0.319,0.32,0.321,0.322,0.323,0.325,0.326,0.327,0.329,0,1.294,1.297,1.299,1.299,1.299,1.302,1.305,1.308,1.305,1.308,1.305,1.308,1.305,1.305,1.302,1.299,1.299,1.297,1.294,1.294,1.291,1.288,1.288,1.286,1.283,1.28,1.275,1.272,1.267,1.265,1.262,1.259,1.259,1.254,0,0,0,0,0,0,0,0,0,0,0,0,0,0,0,0,0,0,0,0,0,0,0,0,0,0,0,0,0,0,0,0,0,0,0,0,0,0,0,0,0,0,0,0,0,0,0,0,0,0,0,0,0,0,0,0,0,0,0,0,0,0,0,0,0,0,0,0,0,0,0,0,0,0.726,0.727,0.728,0.731,0.732,0.733,0.734,0.735,0.737,0.739,0,0,0,0,0,0,0,0,0,0.753,0.754,0.753,0.753,0.753,0.753,0.753,0,0,0,1.265,0,1.265,1.267,1.267,1.27,1.27,1.27,1.272,0,0,0,0,0,0,1.357,0,1.384,0,0,0
0,0,0,0,0,0,0,0,0,0,0,0,0,0,0,0,0,0,0,0,0,0,0,0,0,0,0,0,0,0,0,0,0,0,0,0,0,0,0,0,0,0,0,0,0,0,0,0,0,0,0,0,0,0,0,0,0,0,0,0,0,0,0,0,0.325,0.324,0.324,0.324,0.324,0.323,0.323,0.324,0.324,0.324,0.324,0.324,0.325,0.325,0.325,0.325,0.325,0.326,0.326,0.326,0.326,0.326,0.326,0.325,0.325,0.325,0.325,0.324,0.324,0.324,0.324,0.324,0.324,0.323,0.323,0.322,0.322,0.322,0.322,0.322,0.322,0.322,0.322,0.321,0.321,0.321,0.321,0.321,0.321,0.321,0.32,0.321,0.32,0.32,0.32,0.32,0.32,0.32,0.32,0.32,0.32,0.32,0.321,0.321,0.32,0.321,0.32,0.32,0.32,0.32,0.32,0.32,0.32,0.32,0.319,0.319,0.319,0.32,0.32,0.319,0.32,0.32,0.32,0.32,0.32,0.32,0.32,0.32,0.32,0.319,0.319,0.319,0.319,0.319,0.319,0.319,0.319,0.319,0.319,0.319,0.319,0.32,0.32,0.32,0.32,0.32,0.32,0.32,0.32,0.32,0.32,0.32,0.319,0.319,0.319,0.319,0.318,0.318,0.318,0.318,0.318,0.318,0.318,0.318,0.318,0.318,0.318,0.318,0.318,0.319,0.319,0.319,0.319,0.319,0.319,0.319,0.319,0.319,0.32,0.32,0.32,0.32,0.32,0.32,0,0,0.32,0.319,0.319,0.319,0.318,0.318,0.318,0.318,0.318,0.318,0.318,0.318,0.318,0.318,0.318,0.318,0.317,0.317,0.317,0.317,0.316,0.316,0.316,0.315,0.315,0.315,0.315,0.315,0.315,0.315,0.315,0.315,0.315,0.315,0.315,0.315,0.315,0.315,0.315,0.315,0.315,0.314,0.314,0.315,0.315,0.315,0.315,0.315,0.315,0.315,0.315,0.315,0.315,0.315,0.315,0.315,0.315,0.315,0.315,0.315,0.315,0.315,0.315,0.315,0.315,0.314,0.314,0.314,0.313,0.313,0.313,0.313,0.312,0.312,0.312,0.312,0.312,0.312,0.311,0.311,0.311,0.311,0.311,0.311,0.311,0.311,0.311,0.311,0.312,0.312,0.312,0.312,0.312,0.312,0.312,0.312,0.312,0.312,0.312,0.312,0.311,0.311,0.311,0.31,0.31,0.31,0.31,0.309,0.309,0.309,0.309,0.309,0.309,0.309,0.309,0.309,0.309,0.309,0.309,0.31,0.31,0.31,0.311,0.311,0.311,0.312,0.312,0.313,0.313,0.313,0.313,0.314,0.314,0.314,0.314,0.314,0.314,0.314,0.313,0.313,0.313,0.312,0.312,0,0,0,0.31,0.309,0.309,0.309,0.309,0.309,0.309,0.309,0.309,0.309,0.309,0.309,0.309,0.309,0.309,0.309,0.309,0.309,0.309,0.309,0.308,0.308,0.308,0.308,0.308,0.308,0.308,0.308,0.308,0.308,0.308,0.308,0.308,0.308,0.308,0.307,0.307,0.307,0.307,0.307,0.307,0.307,0.307,0.307,0.307,0.308,0.308,0.308,0.308,0.308,0.308,0.308,0.308,0.308,0,0.308,0.308,0.308,0.308,0.308,0.308,0,0,0.309,0.309,0.309,0.31,0.31,0.31,0,0,0,0,0,0,0,0,0,0,0,0,0,0,0,0,0,0,0,0,0,0,0,0,0,0,0,0,0,0,0,0,0,0,0.31,0.311,0.311,0.311,0.311,0.312,0.312,0.313,0.314,0.315,0.315,0.316,0.317,0.318,0.319,0.319,0.321,0.322,0.323,0.324,0.326,0.327,0,0,1.291,1.294,1.294,1.294,1.297,1.297,1.302,1.302,1.302,1.302,1.302,1.302,1.302,1.299,1.299,1.297,1.294,1.291,1.291,1.288,1.286,1.286,1.283,1.28,1.278,1.275,1.27,1.267,1.262,1.262,1.259,1.257,1.254,0,0,0,0,0,0,0,0,0,0,0,0,0,0,0,0,0,0,0,0,0,0,0,0,0,0,0,0,0,0,0,0,0,0,0,0,0,0,0,0,0,0,0,0,0,0,0,0,0,0,0,0,0,0,0,0,0,0,0,0,0,0,0,0,0,0,0,0,0,0,0,0,0,0,0.726,0.727,0.729,0.731,0.732,0.733,0.734,0.735,0.737,0.739,0,0,0,0,0,0,0,0,0.753,0.753,0.754,0.754,0.754,0.754,0.754,0,0,0,1.265,1.265,1.265,1.267,1.267,1.27,1.272,1.272,1.275,1.278,1.28,1.288,1.305,0,1.319,0,0,0,1.372,0,0,0
0,0,0,0,0,0,0,0,0,0,0,0,0,0,0,0,0,0,0,0,0,0,0,0,0,0,0,0,0,0,0,0,0,0,0,0,0,0,0,0,0,0,0,0,0,0,0,0,0,0,0,0,0,0,0,0,0,0,0,0,0,0,0,0,0.324,0.324,0.323,0.323,0.323,0.323,0.322,0.323,0.323,0.323,0.323,0.323,0.324,0.324,0.324,0.324,0.324,0.324,0.324,0.325,0.325,0.324,0.324,0.324,0.324,0.324,0.323,0.323,0.323,0.322,0.322,0.322,0.322,0.321,0.321,0.321,0.321,0.32,0.32,0.32,0.32,0.32,0.32,0.32,0.32,0.32,0.32,0.32,0.32,0.32,0.32,0.319,0.319,0.319,0.319,0.319,0.319,0.319,0.319,0.319,0.319,0.319,0.319,0.319,0.319,0.319,0.319,0.319,0.319,0.319,0.319,0.318,0.318,0.318,0.318,0.318,0.318,0.318,0.318,0,0.318,0.318,0.318,0.318,0.318,0.318,0.319,0.319,0.319,0.318,0.318,0.318,0.318,0.318,0.318,0.318,0.318,0.318,0.318,0.318,0.318,0.318,0.318,0.318,0.318,0.319,0.319,0.319,0.319,0.318,0.318,0.318,0.318,0.318,0.318,0.317,0.317,0.317,0.316,0.316,0.316,0.316,0.316,0.316,0.316,0.316,0.316,0.317,0.317,0.317,0.317,0.317,0.318,0.318,0.318,0.318,0.318,0.318,0.318,0.318,0.319,0.319,0.319,0,0,0,0.318,0.318,0.317,0.317,0.317,0.317,0.317,0.317,0.317,0.316,0.316,0.316,0.317,0.317,0.316,0.316,0.316,0.315,0.315,0.315,0.315,0.315,0.314,0.314,0.314,0.314,0.314,0.314,0.314,0.314,0.314,0.314,0.314,0.313,0.314,0.314,0.313,0.314,0.314,0.314,0.314,0.313,0.314,0.314,0.314,0.314,0.314,0.314,0.314,0.315,0.315,0.315,0.315,0.315,0.315,0.315,0.315,0.315,0.315,0.315,0.314,0.314,0.314,0.314,0.313,0.313,0.313,0.312,0.312,0.312,0.311,0.311,0.311,0.311,0.311,0.31,0.31,0.31,0.31,0.31,0.31,0.31,0.31,0.31,0.31,0.31,0.31,0.31,0.311,0.311,0.311,0.311,0.311,0.311,0.311,0.311,0.311,0.311,0.311,0.311,0.311,0.31,0.31,0.31,0.309,0.309,0.309,0.309,0.308,0.308,0.308,0.308,0.308,0.308,0.308,0.308,0.308,0.308,0.309,0.309,0.309,0.309,0.31,0.31,0.311,0.311,0.311,0.312,0.312,0.312,0.312,0.312,0.312,0.312,0.312,0.312,0.312,0.312,0.312,0.312,0.312,0.311,0,0.31,0.31,0.309,0.309,0.308,0.308,0.308,0.308,0.308,0.308,0.308,0.308,0.308,0.308,0.308,0.308,0.308,0.308,0.308,0.308,0.308,0.308,0.308,0.307,0.307,0.307,0.307,0.307,0.307,0.307,0.307,0.307,0.307,0.307,0.307,0.307,0.307,0.307,0.306,0.306,0.306,0.306,0.306,0.306,0.306,0.306,0.306,0.306,0.306,0.306,0.307,0.307,0.307,0.307,0.307,0.307,0.307,0,0.307,0.307,0.307,0.307,0.307,0.307,0,0,0,0,0,0,0,0,0,0,0,0,0,0,0,0,0,0,0,0,0,0,0,0,0,0,0,0,0,0,0,0,0,0,0,0,0,0,0,0,0,0,0.309,0.309,0.31,0.31,0.311,0.312,0.312,0.313,0.314,0.315,0.315,0.316,0.317,0.318,0.318,0.319,0.32,0.321,0.322,0.324,0.325,0,0,0,0,1.286,1.288,1.288,1.288,1.291,1.294,1.297,1.297,1.294,1.297,1.297,1.297,1.294,1.294,1.291,1.288,1.286,1.286,1.283,1.28,1.278,1.275,1.272,1.27,1.267,1.265,1.259,1.257,1.254,1.252,1.249,1.249,1.247,0,0,0,0,0,0,0,0,0,0,0,0,0,0,0,0,0,0,0,0,0,0,0,0,0,0,0,0,0,0,0,0,0,0,0,0,0,0,0,0,0,0,0,0,0,0,0,0,0,0,0,0,0,0,0,0,0,0,0,0,0,0,0,0,0,0,0,0,0,0,0,0,0,0.726,0.727,0.728,0.731,0.732,0.733,0.734,0.735,0.737,0,0,0,0,0,0,0,0,0.753,0.753,0.753,0.754,0.754,0.754,0.754,0.754,0,0,1.265,1.267,1.267,1.267,1.27,1.27,1.272,1.272,1.275,1.278,1.28,1.283,1.291,1.305,1.313,1.322,1.336,1.351,0,1.372,0,0,0
0,0,0,0,0,0,0,0,0,0,0,0,0,0,0,0,0,0,0,0,0,0,0,0,0,0,0,0,0,0,0,0,0,0,0,0,0,0,0,0,0,0,0,0,0,0,0,0,0,0,0,0,0,0,0,0,0,0,0,0,0,0,0,0,0,0,0.323,0.322,0.322,0.322,0.322,0.322,0.322,0.322,0.322,0.322,0.323,0.323,0.323,0.323,0.323,0.323,0.323,0.324,0.324,0.323,0.323,0.323,0.323,0.322,0.322,0.321,0.321,0.321,0.32,0.32,0.32,0.319,0.319,0.319,0.319,0.319,0.319,0.319,0.319,0.319,0.319,0.319,0.319,0.319,0.319,0.319,0.318,0.318,0.318,0.318,0.318,0.318,0.318,0.318,0.318,0.318,0.318,0.318,0.318,0.318,0.318,0.318,0.318,0.318,0.318,0.318,0.318,0.318,0.317,0.317,0.317,0.317,0.317,0.317,0.317,0.317,0.317,0.317,0.317,0.317,0.317,0.317,0.317,0.317,0.317,0.317,0.317,0.317,0.317,0.317,0.317,0.317,0.317,0.317,0.317,0.317,0.317,0.317,0.317,0.317,0.317,0.317,0.317,0.318,0.318,0.318,0.317,0.317,0.317,0.317,0.317,0.317,0.316,0.316,0.316,0.316,0.315,0.315,0.315,0.315,0.315,0.315,0.315,0.315,0.315,0.315,0.316,0.316,0.316,0.316,0.316,0.316,0.317,0.317,0.317,0.317,0.317,0.317,0.317,0.317,0.317,0,0,0,0.317,0.316,0.316,0.316,0.316,0.315,0.316,0.315,0.315,0.315,0.315,0.315,0.315,0.315,0.315,0.315,0.314,0.314,0.314,0.314,0.313,0.313,0.313,0.313,0.313,0.313,0.313,0.313,0.313,0.313,0.313,0.312,0.312,0.312,0.312,0.312,0.312,0.312,0.313,0.313,0.313,0.313,0.313,0.313,0.313,0.313,0.313,0.314,0.314,0.314,0.314,0.314,0.314,0.314,0.314,0.314,0.314,0.314,0.314,0.314,0.313,0.313,0.313,0.313,0.312,0.312,0.311,0.311,0.311,0.31,0.31,0.31,0.309,0.309,0.309,0.309,0.309,0.309,0.309,0.309,0.309,0.309,0.309,0.309,0.309,0.309,0.309,0.309,0.309,0.31,0.31,0.31,0.31,0.31,0.31,0.31,0.31,0.31,0.31,0.31,0.31,0.309,0.309,0.309,0.308,0.308,0.308,0.308,0.307,0.307,0.307,0.307,0.307,0.307,0.307,0.307,0.308,0.307,0.308,0.308,0.308,0.309,0.309,0.309,0.309,0.31,0.31,0.311,0.311,0.311,0.311,0.311,0.311,0,0,0.311,0.311,0.311,0.311,0.31,0.31,0.31,0.309,0.309,0.308,0.308,0.307,0.307,0.307,0.307,0.308,0.308,0.308,0.307,0.308,0.308,0.308,0.308,0.308,0.308,0.308,0.308,0.307,0.307,0.307,0.307,0.307,0.306,0.306,0.306,0.306,0.306,0.306,0.306,0.306,0.306,0.306,0.306,0.306,0.306,0.305,0.305,0.305,0.305,0.305,0.305,0.304,0.305,0.305,0.305,0.305,0.305,0.305,0.305,0.305,0.306,0.305,0.305,0.305,0.305,0.305,0.305,0.305,0.305,0.305,0.305,0.305,0.306,0,0.306,0.307,0,0.307,0,0,0,0,0,0,0,0,0,0,0,0,0,0,0,0,0,0,0,0,0,0,0,0,0,0,0,0,0,0,0,0,0,0,0,0,0,0.309,0.309,0.31,0.31,0.311,0.312,0.313,0.313,0.314,0.315,0.316,0.316,0.318,0.318,0.319,0.32,0.321,0.322,0.323,0,0,0,0,0,1.28,1.283,1.283,1.286,1.286,1.288,1.291,1.291,1.291,1.291,1.291,1.291,1.288,1.288,1.286,1.283,1.283,1.28,1.278,1.275,1.272,1.27,1.265,1.262,1.259,1.257,1.252,1.249,1.247,1.244,1.242,1.242,1.242,1.242,1.239,0,0,0,0,0,0,0,0,0,0,0,0,0,0,0,0,0,0,0,0,0,0,0,0,0,0,0,0,0,0,0,0,0,0,0,0,0,0,0,0,0,0,0,0,0,0,0,0,0,0,0,0,0,0,0,0,0,0,0,0,0,0,0,0,0,0,0,0,0,0,0,0.726,0.727,0.728,0.731,0.731,0.732,0.733,0.734,0.736,0,0,0,0,0,0,0,0.754,0.754,0.754,0.754,0.754,0.754,0.755,0.754,0,0,1.265,1.265,1.265,1.267,1.267,1.27,1.27,1.272,1.275,1.278,1.278,1.28,1.286,1.294,1.305,1.313,1.322,1.336,1.348,0,0,0,0,0
0,0,0,0,0,0,0,0,0,0,0,0,0,0,0,0,0,0,0,0,0,0,0,0,0,0,0,0,0,0,0,0,0,0,0,0,0,0,0,0,0,0,0,0,0,0,0,0,0,0,0,0,0,0,0,0,0,0,0,0,0,0,0,0,0,0.322,0.321,0.321,0.321,0.321,0.321,0.321,0.321,0.321,0.321,0.322,0.322,0.322,0.322,0.322,0.322,0.322,0.322,0.322,0.322,0.322,0.322,0.322,0.321,0.321,0.32,0.32,0.319,0.319,0.319,0.318,0.318,0.318,0.318,0.317,0.317,0.317,0.317,0.317,0.317,0.317,0.318,0.318,0.318,0.318,0.317,0.318,0.317,0.317,0.317,0.317,0.317,0.317,0.317,0.317,0.317,0.317,0.317,0.317,0.317,0.317,0.317,0.317,0.317,0.317,0.317,0.317,0.317,0.316,0.316,0.316,0.316,0.316,0.316,0.316,0.315,0.315,0.315,0.315,0.315,0.315,0.316,0.316,0.316,0.316,0.316,0.316,0.316,0.316,0.316,0.316,0.316,0.316,0.316,0.316,0.316,0.316,0.316,0.316,0.316,0.316,0.316,0.316,0.316,0.316,0.316,0.316,0.316,0.316,0.316,0.316,0.316,0.315,0.315,0.315,0.315,0.314,0.314,0.314,0.314,0.314,0.314,0.314,0.314,0.314,0.314,0.314,0.315,0.315,0.315,0.315,0.315,0.315,0.316,0.316,0.316,0.316,0.316,0.316,0.316,0.316,0.316,0.316,0.315,0.315,0.315,0.315,0.315,0.315,0.314,0.314,0.315,0.314,0.314,0.314,0.314,0.314,0.314,0.314,0.313,0.313,0.313,0.313,0.312,0.312,0.312,0.312,0.312,0.312,0.311,0.312,0.312,0.311,0.311,0.311,0.311,0.311,0.311,0.311,0.311,0.311,0.311,0.311,0.311,0.312,0.312,0.312,0.312,0.312,0.312,0.312,0.313,0.313,0.313,0.313,0.313,0.313,0.313,0.313,0.313,0.313,0.313,0.313,0.313,0.312,0.312,0.312,0.311,0.311,0.311,0.311,0.31,0.309,0.309,0.309,0.309,0.308,0.308,0.308,0.308,0.308,0.308,0.308,0.307,0.308,0.308,0.308,0.308,0.308,0.308,0.308,0.308,0.308,0.308,0.309,0.309,0.309,0.309,0.309,0.309,0.309,0.309,0.309,0.309,0.309,0.309,0.308,0.308,0.308,0.307,0.307,0.307,0.307,0.307,0.306,0.306,0.306,0.306,0.306,0.307,0.307,0.307,0.307,0.307,0.307,0.307,0.307,0.308,0.308,0.308,0.308,0.309,0.309,0.309,0.309,0.309,0.309,0.309,0.309,0.309,0.309,0.309,0.309,0.309,0.309,0.309,0.308,0.308,0.307,0.307,0.307,0.306,0.306,0.306,0.307,0.307,0.307,0.307,0.307,0.307,0.307,0.307,0.307,0.307,0.307,0.307,0.307,0.307,0.307,0.306,0.306,0.306,0.306,0.306,0.305,0.305,0.305,0.305,0.305,0.305,0.305,0.305,0.305,0.305,0.305,0.305,0.304,0.304,0.304,0.304,0.304,0.304,0.304,0.304,0.304,0.304,0.304,0.304,0.304,0.304,0.304,0.304,0.304,0.304,0.304,0.304,0.304,0.304,0.304,0.304,0.304,0.304,0.305,0.305,0.305,0.305,0.306,0,0,0,0,0,0,0,0,0,0,0,0,0,0,0,0,0,0,0,0,0,0,0,0,0,0,0,0,0,0,0,0,0,0,0,0,0,0,0,0.309,0.309,0.309,0.31,0.311,0.312,0.313,0.314,0.315,0.315,0.316,0.317,0.318,0.319,0.32,0.321,0.322,0.323,0,0,0,0,1.272,1.275,1.278,1.278,1.28,1.28,1.283,1.283,1.286,1.286,1.286,1.283,1.286,1.286,1.283,1.28,1.278,1.275,1.275,1.272,1.27,1.265,1.262,1.257,1.254,1.252,1.249,1.244,1.239,1.239,1.237,1.234,1.234,1.234,1.234,1.234,1.232,0,0,0,0,0,0,0,0,0,0,0,0,0,0,0,0,0,0,0,0,0,0,0,0,0,0,0,0,0,0,0,0,0,0,0,0,0,0,0,0,0,0,0,0,0,0,0,0,0,0,0,0,0,0,0,0,0,0,0,0,0,0,0,0,0,0,0,0,0,0,0.726,0.727,0.728,0.731,0.731,0.732,0.732,0.733,0.735,0,0,0,0,0,0,0,0,0.755,0.754,0.755,0.755,0.755,0.755,0.755,0,0,1.265,1.265,1.265,1.265,1.265,1.267,1.27,1.272,1.275,1.275,1.278,1.28,1.286,1.294,1.305,1.313,1.322,1.336,1.351,0,0,0,0,0
0,0,0,0,0,0,0,0,0,0,0,0,0,0,0,0,0,0,0,0,0,0,0,0,0,0,0,0,0,0,0,0,0,0,0,0,0,0,0,0,0,0,0,0,0,0,0,0,0,0,0,0,0,0,0,0,0,0,0,0,0,0,0,0,0,0,0.32,0.32,0.32,0.32,0.32,0.32,0.32,0.32,0.32,0.321,0.321,0.321,0.321,0.321,0.321,0.321,0.321,0.321,0.321,0.321,0.32,0.32,0.32,0.319,0.319,0.318,0.318,0.317,0.317,0.317,0.316,0.316,0.316,0.316,0.316,0.316,0.316,0.316,0.316,0.316,0.316,0.316,0.316,0.316,0.316,0.316,0.316,0.316,0.316,0.316,0.316,0.316,0.316,0.316,0.316,0.316,0.315,0,0,0,0.316,0.316,0.316,0.316,0.316,0.316,0.316,0.315,0.315,0.315,0.315,0.315,0.315,0.314,0.314,0.314,0.314,0.314,0.314,0.314,0.314,0.314,0.314,0.315,0.315,0.315,0.315,0.315,0.315,0.315,0.315,0.315,0.315,0.315,0.315,0.315,0.315,0.315,0.315,0.315,0.315,0.315,0.315,0.315,0.315,0.315,0.315,0.315,0.315,0.315,0.314,0.314,0.314,0.314,0.313,0.313,0.313,0.313,0.313,0.313,0.313,0.313,0.313,0.313,0.313,0.313,0.314,0.314,0.314,0.314,0.314,0.314,0.314,0.315,0.315,0.315,0.315,0.315,0.314,0.314,0.314,0.314,0.314,0.314,0.314,0.313,0.313,0.313,0.313,0.313,0.313,0.313,0.313,0.313,0.313,0.312,0.312,0.312,0.312,0.312,0.311,0.311,0.311,0.311,0.311,0.311,0.311,0.311,0.311,0.311,0.311,0.311,0.31,0.31,0.31,0.31,0.31,0.31,0.31,0.31,0.31,0.31,0.31,0.311,0.311,0.311,0.311,0.311,0.311,0.311,0.312,0.312,0.312,0.312,0.312,0.312,0.312,0.312,0.312,0.312,0.311,0.311,0.311,0.311,0.311,0.31,0.31,0.31,0.309,0.309,0.308,0.308,0.308,0.307,0.307,0.307,0.307,0.307,0.307,0.307,0.306,0.306,0.306,0.306,0.306,0.307,0.307,0.307,0.307,0.307,0.307,0.307,0.307,0.308,0.308,0.308,0.308,0.308,0.308,0.308,0.308,0.308,0.307,0.307,0.307,0.307,0.307,0.307,0.306,0.306,0.306,0.306,0.306,0.305,0.305,0.305,0.305,0.305,0.306,0.306,0.306,0.306,0.306,0.306,0.306,0.306,0.306,0.306,0.306,0,0.307,0.307,0.307,0.307,0.307,0.307,0.307,0.307,0.307,0.308,0.308,0.308,0.307,0.307,0.307,0.307,0.306,0.306,0.306,0.305,0.305,0.305,0.305,0.305,0.306,0.306,0.306,0.306,0.306,0.306,0.306,0.306,0.306,0.306,0.306,0.306,0.306,0.306,0.306,0.305,0.305,0.305,0.305,0.305,0.304,0.304,0.304,0.304,0.304,0.304,0.304,0.304,0.304,0.304,0.304,0.303,0.303,0.303,0.303,0.303,0.303,0.303,0.303,0.303,0.303,0.303,0.303,0.303,0.303,0.303,0.303,0.303,0.303,0.303,0.303,0.303,0.303,0.303,0.303,0.303,0.303,0.303,0.304,0.304,0.304,0,0,0,0,0,0,0,0,0,0,0,0,0,0,0,0,0,0,0,0,0,0,0,0,0,0,0,0,0,0,0,0,0,0,0,0,0,0,0.307,0.307,0.308,0.308,0.309,0.31,0.311,0.311,0.312,0.313,0.314,0.315,0.316,0.317,0.318,0.319,0.32,0.321,0,0,0,0,1.262,1.265,1.267,1.27,1.272,1.272,1.275,1.275,1.278,1.278,1.278,1.278,1.28,1.278,1.278,1.278,1.275,1.275,1.272,1.272,1.27,1.267,1.262,1.259,1.254,1.249,1.247,1.244,1.239,1.237,1.232,1.232,1.229,1.229,1.229,1.229,1.229,1.229,1.229,0,0,0,0,0,0,0,0,0,0,0,0,0,0,0,0,0,0,0,0,0,0,0,0,0,0,0,0,0,0,0,0,0,0,0,0,0,0,0,0,0,0,0,0,0,0,0,0,0,0,0,0,0,0,0,0,0,0,0,0,0,0,0,0,0,0,0,0,0,0,0,0.727,0.728,0.73,0.731,0.732,0.732,0.733,0,0,0,0,0,0,0,0,0,0.756,0.755,0.756,0.756,0.755,0.756,0,0,1.262,1.259,1.262,1.259,1.262,1.267,1.267,1.27,1.272,1.275,1.275,1.28,1.283,1.288,1.297,1.308,1.313,1.322,1.336,1.351,1.369,0,0,0,0
0,0,0,0,0,0,0,0,0,0,0,0,0,0,0,0,0,0,0,0,0,0,0,0,0,0,0,0,0,0,0,0,0,0,0,0,0,0,0,0,0,0,0,0,0,0,0,0,0,0,0,0,0,0,0,0,0,0,0,0,0,0,0,0,0,0,0.319,0.319,0.319,0.319,0.319,0.319,0.319,0.319,0.319,0.32,0.32,0.32,0.32,0.32,0.32,0.32,0.32,0.32,0.319,0.319,0.319,0.318,0.318,0.318,0.317,0.317,0.316,0.316,0.316,0.315,0.315,0.315,0.315,0.315,0.315,0.315,0.315,0.315,0.315,0.315,0.315,0.315,0.315,0.315,0.315,0.315,0.315,0.315,0.315,0.315,0.315,0.315,0.315,0.315,0.315,0.315,0.315,0.314,0.314,0.315,0.315,0.315,0.315,0.315,0.315,0.315,0.315,0.315,0.315,0.314,0.314,0.314,0.313,0.313,0.313,0.313,0.313,0.313,0.313,0.313,0.313,0.313,0.313,0.314,0.314,0.314,0.314,0.314,0.314,0.314,0.314,0.314,0.314,0.314,0.314,0.314,0.314,0.314,0.314,0.314,0.314,0.314,0.314,0.314,0.314,0.314,0.313,0.313,0.313,0.313,0.313,0.313,0.312,0,0.312,0.312,0.312,0.312,0.312,0.312,0.312,0.312,0.312,0.312,0.312,0.312,0.312,0.313,0.313,0.313,0.313,0.313,0.313,0.313,0.313,0.313,0.313,0.313,0.313,0.313,0.313,0.313,0.313,0.312,0.312,0.312,0.312,0.312,0.312,0.312,0.312,0.312,0.312,0.311,0.311,0.311,0.311,0.311,0.311,0.31,0.31,0.31,0.31,0.31,0.31,0.31,0.31,0.31,0.31,0.31,0.309,0.309,0.309,0.309,0.309,0.309,0.309,0.309,0.309,0.309,0.309,0.309,0.31,0.31,0.31,0.31,0.31,0.31,0.31,0.311,0.311,0.311,0.311,0.311,0.311,0.311,0.311,0.311,0.311,0.31,0.31,0.31,0.31,0.309,0.309,0.309,0.309,0.308,0.308,0.307,0.307,0.307,0.306,0.306,0.306,0.306,0.306,0.305,0.306,0.306,0.306,0.306,0.305,0.306,0.306,0.306,0.306,0.306,0.306,0.306,0.306,0.306,0.306,0.307,0.307,0.307,0.306,0.307,0.307,0.307,0.307,0.307,0.306,0.306,0.306,0.306,0.306,0.306,0.305,0.305,0.305,0.305,0.305,0.305,0.305,0.305,0.305,0.305,0.305,0.305,0.305,0.305,0.305,0.305,0.305,0.305,0.305,0.305,0,0,0.305,0.305,0.306,0.306,0.305,0.305,0.305,0.305,0.305,0.305,0.306,0.306,0.305,0.306,0.305,0.305,0.305,0.305,0.305,0.304,0.304,0.304,0.304,0.305,0.305,0.305,0.305,0.305,0.305,0.306,0.306,0.306,0.305,0.305,0.305,0.305,0.305,0.305,0.305,0.304,0.304,0.304,0.304,0.303,0.303,0.303,0.303,0.303,0.303,0.303,0.303,0.303,0.303,0.303,0.303,0.303,0.302,0.302,0.302,0.302,0.302,0.302,0.302,0.302,0.302,0.302,0.302,0.302,0.302,0.302,0.302,0.302,0.302,0.302,0.302,0.302,0.302,0.302,0.302,0.302,0.302,0.303,0.303,0.303,0.304,0,0,0,0,0,0,0,0,0,0,0,0,0,0,0,0,0,0,0,0,0,0,0,0,0,0,0,0,0,0,0,0,0,0,0,0,0,0,0.306,0.307,0.307,0.308,0.308,0.309,0.31,0.311,0.312,0.313,0.314,0.315,0.316,0.317,0.318,0.319,0.319,0.32,0,0,0,1.259,1.259,1.259,1.262,1.265,1.265,1.267,1.267,1.267,1.27,1.27,1.27,1.272,1.272,1.272,1.272,1.272,1.27,1.27,1.27,1.267,1.262,1.259,1.257,1.252,1.247,1.244,1.239,1.237,1.232,1.229,1.224,1.224,1.224,1.224,1.224,1.224,1.224,1.227,1.227,0,0,0,0,0,0,0,0,0,0,0,0,0,0,0,0,0,0,0,0,0,0,0,0,0,0,0,0,0,0,0,0,0,0,0,0,0,0,0,0,0,0,0,0,0,0,0,0,0,0,0,0,0,0,0,0,0,0,0,0,0,0,0,0,0,0,0,0,0,0,0,0,0,0.73,0.73,0.73,0.731,0.732,0,0,0,0,0,0,0,0,0.758,0.757,0.757,0.757,0.756,0.757,0,0,1.257,1.257,1.257,1.257,1.257,1.259,1.265,1.265,1.267,1.27,1.272,1.275,1.283,1.286,1.291,1.302,1.313,1.322,1.327,1.342,1.357,1.369,0,0,0,0
0,0,0,0,0,0,0,0,0,0,0,0,0,0,0,0,0,0,0,0,0,0,0,0,0,0,0,0,0,0,0,0,0,0,0,0,0,0,0,0,0,0,0,0,0,0,0,0,0,0,0,0,0,0,0,0,0,0,0,0,0,0,0,0,0,0.318,0.318,0.318,0.318,0.318,0.318,0.318,0.318,0.318,0.318,0.319,0.319,0.319,0.319,0.319,0.319,0.319,0.318,0.318,0.318,0.317,0.317,0.317,0.316,0.316,0.315,0.315,0.315,0.315,0.314,0.314,0.314,0.314,0.314,0.314,0.314,0.314,0.314,0.314,0.314,0.314,0.314,0.314,0.314,0.314,0.314,0.314,0.314,0.314,0.314,0.314,0.314,0.314,0.314,0.314,0.313,0.313,0.313,0.313,0.313,0.313,0.313,0.313,0.313,0.313,0.313,0.313,0.313,0.313,0.313,0.313,0.313,0.313,0.312,0.312,0.312,0.312,0.312,0.312,0.312,0.312,0.312,0.312,0.312,0.312,0.312,0.312,0.312,0.312,0.312,0.312,0.312,0.312,0.312,0.312,0.312,0.312,0.312,0.312,0.312,0.312,0.312,0.312,0,0.312,0.312,0.312,0.312,0.312,0.312,0.312,0.311,0.311,0.311,0.311,0.311,0.311,0.311,0.311,0.31,0.311,0.311,0.311,0.311,0.311,0.311,0.311,0.311,0.311,0.312,0.312,0.312,0,0,0.312,0.312,0.312,0.312,0.312,0.312,0.312,0.312,0.312,0.311,0.311,0.311,0.311,0.311,0.311,0.311,0.311,0.311,0.311,0.31,0.31,0.31,0.31,0.31,0.31,0.309,0.309,0.309,0.309,0.309,0.309,0.309,0.309,0.309,0.309,0.309,0.309,0.308,0.308,0.308,0.308,0.308,0.308,0.308,0.308,0.308,0.308,0.308,0.308,0.309,0.309,0.309,0.309,0.309,0.309,0.31,0.31,0.31,0.31,0.31,0.31,0.31,0.31,0.31,0.31,0.309,0.309,0.309,0.309,0.308,0.308,0.307,0.307,0.307,0.307,0.306,0.306,0.306,0.305,0.305,0.305,0.305,0.305,0.305,0.305,0.305,0.305,0.305,0.305,0.305,0.305,0.305,0.305,0.305,0.305,0.305,0.305,0.305,0.305,0.305,0.305,0.305,0.305,0.305,0.305,0.305,0.305,0.306,0.305,0.305,0.305,0.305,0.305,0.305,0.305,0.304,0.304,0.304,0.304,0.304,0.304,0.304,0.304,0.304,0.304,0.304,0.304,0.304,0.304,0.304,0.304,0.303,0.303,0.303,0.303,0.303,0.303,0.303,0.304,0.304,0.304,0.304,0.304,0.304,0.304,0.304,0.304,0.304,0.304,0.304,0.304,0.304,0.304,0.304,0.304,0.303,0.303,0.303,0.303,0.303,0.304,0.304,0.304,0.304,0.304,0.305,0.305,0.305,0.305,0.305,0.304,0.304,0.304,0.304,0.304,0.303,0,0,0.303,0.303,0.302,0.302,0.302,0.302,0.302,0.302,0.302,0.302,0.302,0.302,0.302,0.302,0.302,0.302,0.301,0.301,0.301,0.302,0.302,0.302,0.302,0.302,0.302,0.302,0.302,0.302,0.302,0.302,0.302,0.301,0.301,0.302,0.302,0.302,0.302,0.302,0.302,0.302,0.302,0.303,0,0,0,0,0,0,0,0,0,0,0,0,0,0,0,0,0,0,0,0,0,0,0,0,0,0,0,0,0,0,0,0,0,0,0,0,0,0,0,0,0,0.307,0.307,0.307,0.308,0.309,0.31,0.311,0.312,0.313,0.314,0.315,0.315,0.316,0.317,0,0,0,0,0,0,1.254,1.257,1.257,1.257,1.259,1.262,1.262,1.262,1.262,1.262,1.262,1.262,1.265,1.267,1.267,1.267,1.267,1.267,1.265,1.262,1.262,1.259,1.257,1.252,1.249,1.244,1.239,1.237,1.232,1.227,1.224,1.219,1.222,1.219,1.222,1.222,1.222,1.222,1.224,0,0,0,0,0,0,0,0,0,0,0,0,0,0,0,0,0,0,0,0,0,0,0,0,0,0,0,0,0,0,0,0,0,0,0,0,0,0,0,0,0,0,0,0,0,0,0,0,0,0,0,0,0,0,0,0,0,0,0,0,0,0,0,0,0,0,0,0,0,0,0,0,0.726,0.726,0.729,0.73,0.73,0.731,0,0,0,0,0,0,0,0,0,0.76,0.759,0.758,0.758,0.758,0.758,0,1.249,1.249,1.249,1.252,1.252,1.254,1.252,1.259,1.259,1.262,1.267,1.27,1.275,1.28,1.286,1.294,1.305,1.313,1.324,1.33,1.342,0,0,0,0,0,0
0,0,0,0,0,0,0,0,0,0,0,0,0,0,0,0,0,0,0,0,0,0,0,0,0,0,0,0,0,0,0,0,0,0,0,0,0,0,0,0,0,0,0,0,0,0,0,0,0,0,0,0,0,0,0,0,0,0,0,0,0,0,0,0,0,0.318,0.317,0.317,0.317,0.317,0.317,0.317,0.317,0.317,0.317,0.318,0.318,0.318,0.318,0.317,0.317,0.317,0.317,0.316,0.316,0.316,0.315,0.315,0.315,0.314,0.314,0.314,0.314,0.313,0.313,0.313,0.312,0.312,0.312,0.312,0.312,0.312,0.312,0.312,0.312,0.312,0.313,0.313,0.313,0.313,0.313,0.313,0.313,0.312,0.312,0.312,0.312,0.312,0.312,0.312,0.312,0.312,0.312,0.312,0.311,0.311,0.311,0.312,0.312,0.312,0.312,0.312,0.312,0.312,0.312,0.312,0.312,0.311,0.311,0.311,0.311,0.311,0.311,0.311,0.311,0.311,0.311,0.311,0.311,0.311,0.311,0.311,0.311,0.311,0.311,0.311,0.311,0.311,0.311,0.311,0.311,0.311,0.311,0.311,0.311,0.311,0.311,0.311,0.311,0.311,0.311,0.311,0.311,0.311,0.311,0.31,0.31,0.31,0.31,0.31,0.309,0.309,0.309,0.309,0.309,0.309,0.31,0.31,0.31,0.31,0.31,0.31,0.31,0.31,0.311,0.311,0.311,0,0.311,0.311,0.311,0.311,0.311,0.311,0.311,0.311,0.311,0.31,0.31,0.31,0.31,0.31,0.31,0.31,0.31,0.31,0.31,0.31,0,0,0,0.309,0.309,0.309,0.308,0.308,0.308,0,0.308,0.308,0.308,0.308,0.308,0.308,0.308,0.308,0.307,0.307,0.307,0.307,0.307,0.307,0.307,0.307,0.307,0.307,0.307,0.307,0.307,0.308,0.308,0.308,0.308,0.308,0.309,0.309,0.309,0.309,0.309,0.309,0.309,0.309,0.309,0.308,0.308,0.307,0.307,0.307,0.307,0.306,0.306,0.305,0.305,0.305,0.305,0.305,0.304,0.304,0.304,0.304,0.304,0.304,0.304,0.304,0.304,0.304,0.304,0.304,0.304,0.304,0.304,0.304,0.304,0.304,0.304,0.304,0.304,0.304,0.304,0.304,0.304,0.304,0.304,0.304,0.304,0.304,0.305,0.304,0.304,0.304,0.304,0.304,0.304,0.303,0.303,0.303,0.303,0.303,0.303,0.303,0.303,0.303,0.303,0.303,0.303,0.303,0.303,0.303,0.303,0.303,0.302,0.302,0.302,0.302,0.302,0.302,0.302,0.302,0.302,0.302,0.302,0.302,0.303,0.303,0.303,0.303,0.303,0.303,0.303,0.303,0.303,0.303,0.303,0.302,0.302,0.302,0.302,0.302,0.302,0.303,0.303,0.303,0.303,0.303,0.304,0.304,0.304,0.303,0.303,0.303,0.303,0.302,0.302,0.302,0.302,0,0,0.301,0.301,0.301,0.301,0.301,0.301,0.301,0.301,0.301,0.301,0.301,0.301,0.301,0.301,0.301,0.301,0.301,0.301,0.301,0.301,0.301,0.301,0.301,0.301,0.301,0.301,0.301,0.301,0.301,0.301,0.301,0.301,0.301,0.301,0.301,0.301,0.301,0,0.301,0.302,0,0,0,0,0,0,0,0,0,0,0,0,0,0,0,0,0,0,0,0,0,0,0,0,0,0,0,0,0,0,0,0,0,0,0,0,0,0,0,0,0,0,0,0,0.307,0.307,0.308,0.308,0.31,0.311,0.311,0.312,0.314,0.314,0.315,0.316,0.317,0.318,0,0,0,0,0,1.252,1.252,1.254,1.257,1.254,1.254,1.257,1.257,1.257,1.257,1.257,1.257,1.257,1.259,1.259,1.259,1.259,1.259,1.257,1.257,1.257,1.254,1.252,1.249,1.247,1.242,1.237,1.234,1.229,1.224,1.219,1.217,1.217,1.217,1.215,1.217,1.217,1.219,1.219,0,0,0,0,0,0,0,0,0,0,0,0,0,0,0,0,0,0,0,0,0,0,0,0,0,0,0,0,0,0,0,0,0,0,0,0,0,0,0,0,0,0,1.286,1.288,1.288,1.288,1.291,0,0,0,0,0,0,0,0,0,0,0,0,0,0,0,0,0,0,0,0,0,0,0.72,0,0,0.726,0.726,0.73,0.73,0.732,0.732,0,0,0,0,0,0,0,0,0.762,0.762,0.761,0.76,0.76,0.759,0.759,0,1.242,1.244,1.244,1.244,1.244,1.247,1.247,1.252,1.254,1.257,1.262,1.265,1.272,1.28,0,0,0,0,0,0,0,0,0,0,0,0,0
0,0,0,0,0,0,0,0,0,0,0,0,0,0,0,0,0,0,0,0,0,0,0,0,0,0,0,0,0,0,0,0,0,0,0,0,0,0,0,0,0,0,0,0,0,0,0,0,0,0,0,0,0,0,0,0,0,0,0,0,0,0,0,0,0,0,0.316,0.316,0.316,0.316,0.316,0.316,0.316,0.316,0.316,0.316,0.316,0.316,0.316,0.316,0.316,0.316,0.315,0.315,0.315,0.315,0.314,0.314,0.313,0.313,0.313,0.312,0.312,0.312,0.312,0.311,0.311,0.311,0.311,0.311,0.311,0.311,0.311,0.311,0.311,0.311,0.311,0.312,0.312,0.312,0.312,0.312,0.311,0.311,0.311,0.311,0.311,0.311,0.311,0.311,0.311,0.311,0.31,0.31,0.31,0.31,0.31,0.31,0.31,0.31,0.311,0.31,0.311,0.31,0.311,0.31,0.31,0.31,0.31,0.31,0.31,0.31,0.31,0.31,0.31,0.31,0.31,0.31,0.31,0.31,0.31,0.31,0.31,0.31,0.31,0.31,0.31,0.31,0.31,0.31,0.31,0.31,0.31,0.31,0.31,0.31,0.31,0.31,0.31,0.309,0.309,0.309,0.309,0.309,0.309,0.309,0.309,0.309,0.309,0.308,0.308,0.308,0.308,0.308,0.309,0.309,0.309,0.309,0.309,0.309,0.309,0.309,0.309,0.309,0.31,0.31,0.31,0.31,0.31,0.31,0.31,0.31,0.31,0.309,0.309,0.309,0.309,0.309,0.309,0.309,0.309,0.309,0.309,0.309,0.309,0.309,0.309,0.308,0.308,0,0,0.308,0.308,0.307,0.307,0.307,0.307,0.307,0.307,0.307,0.307,0.307,0.307,0.307,0.307,0.307,0.306,0.306,0.306,0.306,0.306,0.306,0.306,0.306,0.306,0.306,0.306,0.306,0.306,0.306,0.307,0.307,0.307,0.307,0.307,0.307,0.308,0.308,0.308,0.308,0.308,0.307,0.307,0.307,0.307,0.306,0.306,0.306,0.305,0.305,0.304,0.304,0.304,0.304,0.304,0.303,0.303,0.303,0.303,0.303,0.303,0.303,0.303,0.303,0.303,0.303,0.303,0.303,0.303,0.303,0.303,0.303,0.303,0.303,0.303,0.303,0.303,0.303,0.303,0.303,0.303,0.303,0.303,0.303,0.303,0.303,0.303,0.303,0.303,0.303,0.303,0.303,0.303,0.303,0.302,0.302,0.302,0.302,0.302,0.302,0.302,0.302,0.302,0.302,0.302,0.302,0.302,0.302,0.302,0.301,0.301,0.301,0.301,0.301,0.301,0.301,0.301,0.301,0.301,0.301,0.301,0.301,0.301,0.301,0.301,0.302,0.302,0.301,0.302,0.301,0.302,0.302,0.301,0.301,0.301,0.301,0.301,0.301,0.302,0.302,0.302,0.302,0.302,0.302,0.302,0.302,0.302,0.302,0,0.301,0.301,0.301,0.3,0.3,0.3,0.3,0.3,0.299,0.3,0.3,0.3,0.3,0.3,0.3,0.3,0.3,0.3,0.3,0.3,0.3,0.3,0.3,0.3,0.3,0.3,0.3,0.3,0.3,0.3,0.301,0.301,0.301,0.301,0.301,0.301,0.301,0.301,0.301,0.301,0.301,0.301,0.301,0.301,0.301,0.301,0.301,0,0,0,0,0,0,0,0,0,0,0,0,0,0,0,0,0,0,0,0,0,0,0,0,0,0,0,0,0,0,0,0,0,0,0,0,0,0,0,0,0,0,0,0,0,0,0.307,0.307,0.308,0.309,0.31,0.311,0.312,0.313,0.314,0.315,0.316,0.317,0.318,0,0,0,0,0,0,1.252,1.252,1.252,1.254,1.252,1.252,1.252,1.252,1.252,1.252,1.252,1.252,1.252,1.252,1.252,1.252,1.252,1.252,1.252,1.252,1.252,1.249,1.247,1.244,1.239,1.237,1.232,1.227,1.222,1.219,1.212,1.212,1.212,1.212,1.212,1.212,0,0,0,0,0,0,0,0,0,0,0,0,0,0,0,0,0,0,0,0,0,0,0,0,0,0,0,0,0,0,0,0,0,0,0,0,0,0,0,0,0,0,1.291,1.288,1.288,1.291,1.291,1.291,1.291,1.294,0,0,0,0,0,0,0,0,0,0,0,0,0,0,0,0,0,0,0,0,0,0,0,0,0.726,0.727,0.731,0.732,0.734,0.735,0,0,0,0,0,0,0,0.763,0.763,0.762,0.762,0.761,0.76,0,0,0,1.237,1.237,1.239,1.237,1.239,1.239,1.239,1.244,1.247,1.252,1.254,1.259,1.265,0,0,0,0,0,0,0,0,0,0,0,0,0,0
0,0,0,0,0,0,0,0,0,0,0,0,0,0,0,0,0,0,0,0,0,0,0,0,0,0,0,0,0,0,0,0,0,0,0,0,0,0,0,0,0,0,0,0,0,0,0,0,0,0,0,0,0,0,0,0,0,0,0,0,0,0,0,0,0,0,0,0,0,0.315,0.315,0.315,0.315,0.315,0.315,0.315,0.315,0.315,0.315,0.315,0.314,0.314,0.314,0.314,0.313,0.313,0.313,0.312,0.312,0.312,0.311,0.311,0.311,0.311,0.311,0.31,0.31,0.31,0.31,0.31,0.31,0.31,0.31,0.31,0.31,0.31,0.311,0.311,0.311,0.31,0.31,0.31,0.31,0.31,0.31,0.31,0.31,0.31,0.31,0.309,0.309,0.309,0.309,0.309,0.309,0.309,0.309,0.309,0.309,0.309,0.309,0.309,0,0.309,0.309,0.309,0.309,0.309,0.309,0.309,0.309,0.309,0.309,0.309,0.309,0.309,0.309,0.309,0.309,0.309,0.309,0.309,0.309,0.309,0.309,0.309,0.309,0.309,0.309,0.309,0.309,0.309,0.309,0.309,0.309,0.309,0.309,0.308,0.308,0.308,0.308,0.308,0.308,0.308,0.308,0.307,0.307,0.307,0.307,0.307,0.307,0.307,0.307,0.307,0.307,0.308,0.308,0.308,0.308,0.309,0.309,0.309,0.309,0.309,0.309,0.309,0.309,0.309,0.309,0.309,0.309,0.308,0.308,0.308,0.308,0.308,0.307,0.307,0.307,0,0,0.307,0.307,0.307,0.307,0.307,0.307,0.307,0.307,0.307,0.307,0.307,0.307,0.306,0.306,0.306,0.306,0.306,0.306,0.306,0.306,0.306,0.306,0.306,0.306,0.305,0.305,0.305,0.305,0.305,0.305,0.305,0.305,0.305,0.305,0.305,0.305,0.305,0,0.305,0.305,0.305,0.306,0.306,0.306,0.306,0.306,0.306,0.306,0.306,0.306,0.306,0.306,0.305,0.305,0.305,0.304,0.304,0.304,0.303,0.303,0.303,0.303,0.303,0.302,0.302,0.302,0.302,0.302,0.302,0.302,0.302,0.302,0.302,0.302,0.302,0.303,0.303,0.303,0.303,0.303,0.303,0.303,0.302,0.302,0.302,0.302,0.302,0.302,0.302,0.302,0.302,0.302,0.302,0.302,0.302,0.302,0.302,0.302,0.302,0.302,0.302,0.302,0.302,0.301,0.301,0.301,0.301,0.301,0.301,0.301,0.301,0.301,0.301,0.301,0.301,0.301,0.301,0.3,0.3,0.3,0.299,0.3,0.3,0.3,0.299,0.3,0.3,0.3,0.3,0.3,0.3,0.3,0.3,0.3,0.3,0.3,0.3,0.3,0.3,0.3,0.3,0.3,0.3,0.3,0.3,0.301,0.301,0.301,0.301,0.301,0.301,0.301,0.301,0.301,0.301,0.301,0,0,0.3,0.299,0.299,0.299,0.299,0.298,0.298,0.298,0.298,0.298,0.299,0.299,0.299,0.299,0.299,0.299,0.299,0.299,0.299,0.299,0.299,0.299,0.299,0.299,0.299,0.299,0.299,0.299,0.3,0.3,0.3,0.3,0.3,0.3,0.3,0.301,0.3,0.301,0.3,0.3,0.3,0.3,0.3,0.3,0.3,0.3,0,0,0,0,0,0,0,0,0,0,0,0,0,0,0,0,0,0,0,0,0,0,0,0,0,0,0,0,0,0,0,0,0,0,0,0,0,0,0,0,0,0,0,0,0,0,0,0,0,0,0,0,0.311,0.312,0.314,0.314,0.315,0.316,0.317,0,0,0,0,0,0,0,1.247,1.249,1.247,1.247,1.247,1.247,1.247,1.247,1.247,1.247,1.247,1.247,1.247,1.249,1.249,1.249,1.249,1.247,1.247,1.247,1.247,1.247,1.244,1.242,1.239,1.234,1.229,1.224,1.222,1.217,1.215,1.21,1.21,1.207,1.207,0,0,0,0,0,0,0,0,0,0,0,0,0,0,0,0,0,0,0,0,0,0,0,0,0,0,0,0,0,0,0,0,0,0,0,0,0,0,0,0,0,0,0,1.294,1.297,1.294,1.294,1.294,1.297,1.294,1.297,0,0,0,0,0,0,0,0,0,0,0,0,0,0,0,0,0,0,0,0,0,0.72,0,0.725,0.726,0.728,0.731,0.732,0.735,0.739,0,0,0,0,0,0,0,0.765,0.764,0.763,0.762,0.762,0.762,0,0,0,1.229,1.232,1.232,1.232,1.232,1.232,1.232,1.237,1.239,1.242,1.244,1.249,0,0,0,0,0,0,0,2.364,2.364,0,0,0,0,0,0
0,0,0,0,0,0,0,0,0,0,0,0,0,0,0,0,0,0,0,0,0,0,0,0,0,0,0,0,0,0,0,0,0,0,0,0,0,0,0,0,0,0,0,0,0,0,0,0,0,0,0,0,0,0,0,0,0,0,0,0,0,0,0,0,0,0,0,0,0,0,0.313,0.313,0.314,0.314,0.313,0.314,0.314,0.314,0.313,0,0,0.313,0.313,0.312,0.312,0.312,0.312,0.311,0.311,0.311,0.31,0.31,0.31,0.31,0.31,0.309,0.309,0.309,0.309,0.309,0.309,0.309,0.309,0.309,0,0.309,0.309,0.31,0.31,0.309,0.309,0.309,0.309,0.309,0.309,0.309,0.309,0.309,0.308,0.308,0.308,0.308,0.308,0.308,0.307,0.307,0.307,0.307,0.307,0.307,0.307,0.307,0.307,0.307,0.308,0.308,0.308,0.308,0.308,0.308,0.308,0.308,0.308,0.308,0.308,0.308,0.308,0.308,0.308,0.308,0.308,0.308,0.308,0.307,0.307,0.307,0.307,0.308,0.308,0.308,0.308,0.308,0.308,0.308,0.308,0.307,0.307,0.307,0.307,0.307,0.307,0.307,0.307,0.307,0.307,0.307,0.307,0.306,0.306,0.306,0.306,0.306,0.307,0.306,0.307,0.307,0.307,0.307,0.307,0.307,0.308,0.308,0.308,0.307,0.308,0.307,0.307,0.307,0.307,0.307,0.307,0.307,0.307,0.306,0.306,0.306,0.306,0.306,0.306,0.306,0.306,0.306,0.306,0.306,0.306,0.306,0.306,0.306,0.306,0.306,0.305,0.305,0.305,0.305,0.305,0.305,0.305,0.305,0.305,0.305,0.305,0.305,0.305,0.305,0.305,0.305,0.304,0.304,0.304,0.304,0.304,0.304,0.304,0.304,0.304,0.304,0.304,0.304,0.304,0.304,0.304,0.304,0.304,0.304,0.305,0.305,0.305,0.305,0.305,0.305,0.305,0.304,0.304,0.304,0.303,0.303,0.303,0.302,0.302,0.302,0.302,0.301,0.301,0.301,0.301,0.301,0.301,0.301,0.301,0.301,0.301,0.301,0.301,0.301,0.302,0.302,0.302,0.302,0.302,0.302,0.302,0.302,0.302,0.302,0.301,0.301,0.301,0.301,0.301,0.301,0.301,0.301,0.301,0.301,0.301,0.301,0.301,0.301,0.301,0.301,0.301,0.301,0.301,0.3,0.3,0.3,0.3,0.3,0.299,0.3,0.3,0.3,0.3,0.3,0.299,0.299,0.299,0.299,0.299,0.298,0.298,0.298,0.298,0.299,0.299,0.299,0.298,0.299,0.299,0.298,0.298,0.298,0.298,0.299,0.299,0.299,0.299,0.299,0.299,0.299,0.299,0.299,0.299,0.299,0.299,0.299,0.299,0.299,0.299,0.299,0.299,0.299,0.299,0.299,0.299,0.299,0.299,0,0,0.298,0.298,0.297,0.297,0.297,0.297,0.297,0.297,0.297,0.297,0.297,0.298,0.298,0.298,0.298,0.298,0.298,0.299,0.299,0.299,0.298,0.298,0.298,0.298,0.298,0.298,0.298,0.299,0.299,0,0.299,0.299,0.3,0.3,0.3,0.3,0.3,0.3,0.3,0,0,0.3,0.3,0.3,0.299,0,0,0,0,0,0,0,0,0,0,0,0,0,0,0,0,0,0,0,0,0,0,0,0,0,0,0,0,0,0,0,0,0,0,0,0,0,0,0,0,0,0,0,0,0,0,0,0.307,0,0,0,0,0,0,0.312,0.313,0.314,0.315,0,0,0,0,0,0,1.249,0,1.247,1.249,1.247,1.247,1.247,1.247,1.247,1.244,1.244,1.244,1.242,1.242,1.244,1.244,1.244,1.244,1.244,1.244,1.244,1.244,1.244,1.244,1.242,1.242,1.239,1.237,1.232,1.229,1.224,1.219,1.215,1.21,1.21,1.207,1.205,0,0,0,0,0,0,0,0,0,0,0,0,0,0,0,0,0,0,0,0,0,0,0,0,0,0,0,0,0,0,0,0,0,0,0,0,0,0,0,0,0,0,0,0,1.291,1.291,1.291,1.291,1.291,1.291,1.294,1.294,0,0,0,0,0,0,0,0,0,0,0,0,0,0,0,0,0,0,0,0,0,0.721,0,0.725,0.727,0.729,0.732,0.733,0.737,0.741,0.746,0,0,0,0,0,0.766,0.765,0.765,0.765,0.764,0.763,0.763,0.762,0,0,1.224,1.222,1.224,1.224,1.224,1.224,1.224,1.227,1.232,1.234,1.234,1.239,0,0,0,0,0,2.346,2.355,2.364,2.355,2.355,0,0,0,0,0
0,0,0,0,0,0,0,0,0,0,0,0,0,0,0,0,0,0,0,0,0,0,0,0,0,0,0,0,0,0,0,0,0,0,0,0,0,0,0,0,0,0,0,0,0,0,0,0,0,0,0,0,0,0,0,0,0,0,0,0,0,0,0,0,0,0,0,0,0,0.312,0.312,0.312,0.312,0.312,0.312,0.312,0.312,0.312,0.312,0.312,0.312,0.311,0.311,0.311,0.311,0.311,0.311,0.31,0.31,0.31,0.309,0.309,0.309,0.309,0.309,0.309,0.309,0.308,0.308,0.309,0.309,0.308,0.308,0.309,0.309,0.309,0.309,0.309,0.309,0.308,0.308,0.308,0.308,0.308,0.308,0.308,0.308,0.308,0.307,0.307,0.307,0.307,0.307,0.306,0.306,0.306,0.306,0.306,0.306,0.306,0.306,0.306,0.306,0.306,0.306,0.306,0.306,0.306,0.307,0.307,0.307,0.307,0.307,0.307,0.307,0.307,0.307,0.307,0.307,0.307,0.307,0.307,0.307,0.306,0.306,0.306,0.306,0.306,0.306,0.306,0.307,0.307,0.307,0.307,0.306,0.306,0.306,0.306,0.306,0.306,0.306,0.306,0.306,0.306,0.306,0.306,0.306,0.306,0.306,0.305,0.306,0.305,0.305,0.306,0.306,0.306,0.306,0.306,0.306,0.306,0.307,0.306,0.306,0.306,0.306,0.306,0.306,0.306,0.306,0.305,0.305,0.305,0.305,0.305,0.304,0.304,0.304,0.304,0.304,0.304,0.304,0.304,0.305,0.305,0.305,0.305,0.305,0.305,0.305,0.305,0.305,0.305,0.304,0.304,0.304,0.304,0.304,0.304,0.304,0.304,0.304,0.304,0.303,0.303,0.303,0.303,0.303,0.303,0.303,0.303,0.302,0.303,0.303,0.302,0.302,0.302,0.302,0.302,0.302,0.302,0.302,0.302,0.303,0.303,0.303,0.303,0.303,0.303,0.303,0.303,0.303,0.303,0.303,0.302,0.302,0.301,0.301,0.301,0.301,0.301,0.3,0.3,0.3,0.3,0.3,0.3,0.3,0.3,0.3,0.3,0.3,0.301,0.301,0.301,0.301,0.301,0.301,0.301,0.301,0.301,0.301,0.301,0.301,0.301,0.3,0.3,0.3,0.3,0.3,0.3,0.3,0.3,0.3,0.3,0.3,0.3,0.3,0.3,0.299,0.299,0.299,0.299,0.299,0.299,0.299,0.299,0.298,0.298,0.298,0.298,0.298,0.298,0.298,0.298,0.298,0.298,0.297,0.298,0.297,0.297,0.297,0.297,0.297,0.297,0.298,0.298,0.297,0.297,0.297,0.297,0.297,0.297,0.297,0.297,0.297,0.297,0.297,0.297,0.298,0.298,0.298,0.298,0.298,0.298,0.298,0.298,0.298,0.298,0.298,0.298,0.298,0.298,0.298,0.298,0.298,0.297,0.297,0.297,0.297,0.297,0.296,0.296,0.296,0.296,0.296,0.296,0.296,0.296,0.296,0.296,0.297,0.297,0,0,0.297,0.297,0.297,0.298,0.297,0.297,0.297,0.297,0.297,0.297,0.297,0.298,0.298,0.298,0,0,0,0.299,0.299,0.299,0.299,0.299,0.299,0,0,0,0,0,0,0,0,0,0,0,0,0,0,0,0,0,0,0,0,0,0,0,0,0,0,0,0,0,0,0,0,0,0,0,0,0,0,0,0,0,0,0,0,0,0,0,0,0,0,0,0,0,0,0,0,0,0,0,0.309,0,0,0,0.314,0,0,0,0,0,0,1.252,1.249,1.249,1.247,1.247,1.247,1.244,1.244,1.244,1.244,1.242,1.242,1.239,1.239,1.239,1.239,1.239,1.239,1.242,1.242,1.242,1.242,1.242,1.242,1.242,1.239,1.239,1.237,1.237,1.232,1.229,1.224,1.222,1.217,1.215,1.21,1.21,1.207,1.203,0,0,0,0,0,0,0,0,0,0,0,0,0,0,0,0,0,0,0,0,0,0,0,0,0,0,0,0,0,0,0,0,0,0.446,0.446,0.445,0.445,0.445,0.445,0.445,0,0,0,1.286,1.286,1.286,1.286,1.286,1.286,1.288,1.288,0,0,0,0,0,0,0,0,0,0,0,0,0,0,0,0,0,0,0,0,0,0.721,0.724,0.726,0.728,0.73,0.733,0.735,0.739,0.743,0.748,0.753,0.758,0.763,0,0.767,0.767,0.767,0.766,0.766,0.766,0.765,0.765,0,0,0,0,1.217,1.217,1.217,1.217,1.217,1.217,1.222,1.224,1.224,1.227,1.227,0,0,0,0,0,2.328,0,0,0,2.31,2.293,2.293,0,0,0
0,0,0,0,0,0,0,0,0,0,0,0,0,0,0,0,0,0,0,0,0,0,0,0,0,0,0,0,0,0,0,0,0,0,0,0,0,0,0,0,0,0,0,0,0,0,0,0,0,0,0,0,0,0,0,0,0,0,0,0,0,0,0,0,0,0,0.311,0.311,0.311,0.311,0.311,0.311,0.311,0.311,0.311,0.311,0.311,0.311,0.311,0.311,0.31,0.31,0.31,0.31,0.31,0.31,0.31,0.309,0.309,0.309,0.309,0.308,0.308,0.308,0.308,0.308,0.308,0.308,0.308,0.308,0.308,0.308,0.308,0.308,0.308,0.308,0.308,0.308,0.308,0.307,0.307,0.307,0.307,0.307,0.307,0.307,0.307,0.307,0.306,0.306,0.306,0.305,0.305,0.305,0.305,0.305,0.305,0.305,0.304,0.305,0.304,0.305,0.305,0.305,0.305,0.305,0.305,0.305,0.305,0.306,0.306,0.306,0.306,0.306,0.306,0.306,0.306,0.306,0.306,0.306,0.306,0.305,0.305,0.305,0.305,0.305,0.305,0.305,0.305,0.305,0.305,0.305,0.305,0.305,0.305,0.305,0.305,0.305,0.305,0.305,0.305,0.305,0.305,0.305,0.305,0.305,0.305,0.305,0.305,0.305,0.305,0.305,0.305,0.305,0.305,0.305,0.305,0.305,0.305,0.305,0.305,0.305,0.305,0.305,0.305,0.305,0.305,0.304,0.304,0.304,0.304,0.304,0.303,0.303,0.303,0.303,0.302,0.302,0.302,0.302,0.302,0.303,0.303,0.303,0.303,0.303,0.303,0.303,0.303,0.303,0.303,0.303,0.303,0.303,0.303,0.303,0.303,0.303,0.303,0.303,0.303,0.303,0.303,0.302,0.302,0.302,0.302,0.302,0.302,0.302,0.302,0.302,0.302,0.302,0.301,0.301,0.301,0.301,0.301,0.301,0.301,0.301,0.301,0.301,0.302,0.302,0.302,0.302,0.302,0.302,0.302,0.301,0.301,0.301,0.301,0,0.3,0.3,0.299,0.299,0.299,0.299,0.299,0.299,0.299,0.299,0.299,0.299,0.299,0.299,0.3,0.3,0.3,0.3,0.3,0.301,0.301,0.301,0.301,0.3,0.3,0.3,0.3,0.3,0.299,0.299,0.299,0.299,0.299,0.299,0.298,0.298,0.298,0.298,0.298,0.298,0.298,0.298,0.298,0.298,0.298,0.298,0.298,0.298,0.298,0.298,0.297,0.297,0.297,0.297,0.297,0.297,0.297,0.297,0.297,0.296,0.296,0.296,0.296,0.296,0.296,0.296,0.296,0.296,0.296,0.296,0.296,0.296,0.296,0.296,0.296,0.296,0.296,0.296,0.296,0.296,0.296,0.296,0.296,0.297,0.297,0.297,0.297,0.297,0.297,0.297,0.297,0.297,0.297,0.297,0.297,0.297,0.297,0.297,0.296,0.296,0.296,0.296,0.295,0.295,0.295,0.295,0.295,0.295,0.295,0.295,0.295,0.295,0.295,0.295,0.295,0.296,0.296,0.296,0,0.296,0.296,0.296,0.296,0.296,0.296,0.296,0.296,0.296,0.297,0.297,0.297,0.297,0,0,0.298,0,0.298,0.298,0.298,0,0.298,0,0,0,0,0,0,0,0,0,0,0,0,0,0,0,0,0,0,0,0,0,0,0,0,0,0,0,0,0,0,0,0,0,0,0,0,0,0,0,0,0,0,0,0,0,0,0,0,0,0,0,0,0,0,0,0,0,0,0,0,0,0,0,0,0,0,0,0,0,0,1.252,1.252,1.249,1.249,1.247,1.244,1.247,1.244,1.244,1.242,1.242,1.239,1.239,1.239,1.237,1.237,1.237,1.237,1.239,1.239,1.239,1.239,1.239,1.239,1.239,1.239,1.239,1.237,1.234,1.234,1.229,1.227,1.224,1.219,1.217,1.212,1.21,1.207,0,0,0,0,0,0,0,0,0,0,0,0,0,0,0,0,0,0,0,0,0,0,0,0,0,0,0,0,0,0,0,0,0,0,0.446,0.446,0.446,0.446,0.446,0.445,0.446,0,0,0,1.283,1.283,1.28,1.28,1.28,1.283,1.283,1.283,0,0,0,0,0,0,0,0,0,0,0,0,0,0,0,0,0,0,0,0,0,0.722,0.726,0.727,0.73,0.732,0.735,0.738,0.741,0.745,0.75,0.756,0.761,0.764,0.768,0.768,0.768,0.768,0.768,0.768,0.768,0,0,0,0,0,1.21,1.212,1.21,1.21,1.21,1.21,1.21,1.215,1.217,1.217,1.217,1.219,0,0,0,0,2.328,2.328,0,0,0,0,0,2.259,0,0,0
0,0,0,0,0,0,0,0,0,0,0,0,0,0,0,0,0,0,0,0,0,0,0,0,0,0,0,0,0,0,0,0,0,0,0,0,0,0,0,0,0,0,0,0,0,0,0,0,0,0,0,0,0,0,0,0,0,0,0,0,0,0,0,0,0,0.309,0.309,0.31,0.31,0.31,0.31,0.31,0.31,0.31,0.31,0.31,0.31,0.31,0.309,0.309,0.309,0.309,0.309,0.309,0.309,0.309,0.309,0.308,0.309,0.308,0.308,0.308,0.308,0.308,0.307,0.307,0.307,0.307,0.307,0.307,0.307,0.307,0.307,0.307,0.307,0.307,0.307,0.307,0.307,0.307,0.307,0.307,0.306,0.306,0.306,0.306,0.306,0.305,0.305,0.305,0.304,0.304,0.304,0.304,0.304,0.303,0.303,0.303,0.303,0.303,0.303,0.303,0.303,0.303,0.304,0.304,0.304,0.304,0.304,0.305,0.305,0.305,0.305,0.305,0.305,0.305,0.305,0.305,0.305,0.305,0.304,0.304,0.304,0.304,0.304,0.304,0.304,0.304,0.304,0.304,0.304,0.304,0.305,0.304,0.304,0.304,0.304,0.304,0.304,0.304,0.304,0.304,0.304,0.304,0.304,0.304,0.304,0.304,0.304,0.304,0.304,0.304,0.304,0.304,0.304,0.304,0.304,0.304,0.304,0.304,0.304,0.304,0.304,0.304,0.304,0.303,0.303,0.303,0.303,0.303,0.303,0.302,0.302,0.301,0.301,0.301,0.301,0.301,0.301,0.301,0.301,0.301,0.301,0.301,0.302,0.302,0.302,0.302,0.302,0.302,0.302,0.302,0.302,0.302,0.302,0.302,0.302,0.302,0.302,0.302,0.302,0.301,0.301,0.301,0.301,0.301,0.301,0.301,0.301,0.301,0.301,0.301,0.301,0.301,0.3,0.3,0.3,0.3,0.3,0.3,0.3,0.3,0.3,0.3,0.3,0,0.3,0.3,0.3,0.3,0.3,0.3,0.3,0.3,0.299,0,0.299,0.298,0.298,0.298,0.298,0.298,0.298,0.298,0.298,0.298,0.298,0.298,0.298,0.298,0.299,0.299,0.299,0.3,0.3,0.3,0.3,0.3,0.3,0.3,0.299,0.299,0.299,0.299,0.298,0.298,0.298,0.298,0.298,0.298,0.297,0.297,0.297,0.297,0.297,0.297,0.297,0.297,0.297,0.297,0.297,0.297,0.297,0.296,0.296,0.296,0.296,0.296,0.296,0.296,0.296,0.296,0.296,0.295,0.295,0.295,0.295,0.295,0.295,0.295,0.295,0.295,0.295,0.295,0.295,0.295,0.295,0.295,0.295,0.295,0.295,0.295,0.295,0.295,0.295,0.295,0.295,0.295,0.295,0.296,0.296,0.296,0.296,0.296,0.296,0.296,0.296,0.296,0.296,0.296,0.296,0.296,0.296,0.295,0.295,0.295,0.295,0.295,0.294,0.294,0.294,0.294,0.294,0.294,0.294,0.294,0.294,0.294,0.294,0.294,0.294,0.294,0,0,0,0,0,0.295,0.295,0.295,0.295,0.295,0.295,0.295,0.296,0.296,0.296,0.296,0.296,0.296,0,0,0,0,0,0,0,0,0,0,0,0,0,0,0,0,0,0,0,0,0,0,0,0,0,0,0,0,0,0,0,0,0,0,0,0,0,0,0,0,0,0,0,0,0,0,0,0,0,0,0,0,0,0,0,0,0,0,0,0,0,0,0,0,0,0,0,0,0,0,0,0,0,0,1.257,1.254,1.254,1.254,1.252,1.252,1.249,1.249,1.247,1.247,1.244,1.244,1.242,1.239,1.239,1.237,1.237,1.237,1.237,1.237,1.237,1.237,1.237,1.239,1.237,1.237,1.239,1.239,1.237,1.237,1.237,1.237,1.234,1.232,1.229,1.224,1.219,1.219,1.215,1.215,1.21,0,0,0,0,0,0,0,0,0,0,0,0,0,0,0,0,0,0,0,0,0,0,0,0,0,0,0,0,0,0,0,0,0,0,0.447,0.446,0.446,0.446,0.446,0.446,0.446,0,0,0,1.275,1.278,1.275,1.275,1.275,1.278,1.278,1.278,0,0,0,0,0,0,0,0,0,0,0,0,0,0,0,0,0,0,0,0,0,0,0,0.728,0.731,0.733,0.737,0.739,0.743,0.748,0.753,0.758,0.762,0.765,0.768,0.769,0.769,0.769,0.768,0.769,0,0,0,0,0,1.205,1.203,1.205,1.205,1.205,1.203,1.203,1.203,1.207,1.207,1.21,1.21,1.212,0,0,0,0,2.302,2.285,0,2.276,0,0,0,2.211,0,0,0
0,0,0,0,0,0,0,0,0,0,0,0,0,0,0,0,0,0,0,0,0,0,0,0,0,0,0,0,0,0,0,0,0,0,0,0,0,0,0,0,0,0,0,0,0,0,0,0,0,0,0,0,0,0,0,0,0,0,0,0,0,0,0,0,0,0,0.309,0.309,0.309,0.309,0.309,0.309,0.309,0.309,0.309,0.309,0.309,0.309,0.309,0.309,0.309,0.308,0.308,0.308,0.308,0.308,0.308,0.308,0.308,0.308,0.307,0.307,0.307,0.307,0.307,0.307,0.307,0.307,0.306,0.306,0.306,0.306,0.306,0.306,0.306,0.305,0.305,0.305,0.305,0.305,0.305,0.305,0.305,0.305,0.305,0.304,0.304,0.304,0.303,0.303,0.303,0.303,0.303,0.302,0.302,0.302,0.302,0.302,0.302,0.302,0.302,0.302,0.303,0.303,0.303,0.303,0.303,0.303,0.303,0.303,0.304,0.304,0.304,0.304,0.304,0.304,0.303,0.303,0.303,0.303,0.303,0.303,0.303,0.303,0.303,0.303,0.303,0.303,0.303,0.303,0.303,0.303,0.303,0.303,0.303,0.303,0.303,0.303,0.303,0.303,0.303,0.303,0.304,0.304,0.304,0.304,0.304,0.304,0.304,0.303,0.303,0.303,0.303,0.303,0.303,0.303,0.303,0.303,0.302,0.302,0.302,0.302,0.302,0.302,0.302,0.302,0.302,0.302,0.301,0.301,0.301,0.301,0.301,0.3,0.3,0.3,0.3,0.3,0.3,0.3,0.3,0.3,0.3,0.301,0.3,0.301,0.301,0.301,0.301,0.301,0.301,0.301,0.301,0.301,0.301,0.301,0.301,0.301,0.301,0.3,0.3,0.3,0.3,0.3,0.3,0.3,0.3,0.3,0.3,0.3,0.3,0.3,0.3,0.299,0.299,0.299,0.299,0.299,0.299,0.299,0.299,0.299,0.299,0.299,0.299,0.299,0.299,0.299,0.299,0.299,0.299,0.299,0.299,0.298,0.298,0.298,0.297,0.297,0.297,0.297,0.297,0.297,0.297,0.297,0.297,0.297,0.297,0.297,0.297,0.298,0.298,0.298,0.299,0.299,0.299,0.299,0.299,0.299,0.299,0.299,0.298,0.298,0.298,0.298,0.297,0.297,0.297,0.297,0.297,0.297,0.296,0.296,0.296,0.296,0.296,0.296,0.296,0.296,0.296,0.296,0.295,0.295,0.295,0.295,0.295,0.295,0.295,0.295,0.295,0.295,0.295,0.294,0.294,0.294,0.294,0.294,0.294,0.294,0.294,0.294,0.294,0.294,0.294,0.294,0.294,0.294,0.294,0.294,0.294,0.294,0.294,0.294,0.294,0.294,0.294,0.294,0.294,0.294,0.294,0.294,0.295,0.295,0.295,0.295,0.295,0.295,0.295,0.295,0.295,0.295,0.295,0.294,0.294,0.294,0.294,0.294,0.294,0.293,0.293,0.293,0.293,0.293,0.293,0.293,0.293,0.293,0.293,0.293,0.293,0.293,0.293,0.293,0.293,0,0,0,0,0.294,0.294,0.294,0.294,0,0,0.294,0.295,0.295,0.295,0.295,0.295,0.295,0,0,0,0,0,0,0,0,0,0,0,0,0,0,0,0,0,0,0,0,0,0,0,0,0,0,0,0,0,0,0,0,0,0,0,0,0,0,0,0,0,0,0,0,0,0,0,0,0,0,0,0,0,0,0,0,0,0,0,0,0,0,0,0,0,0,0,0,0,0,0,0,0,0,1.257,1.254,1.254,1.254,1.252,1.252,1.252,1.249,1.247,1.247,1.244,1.244,1.242,1.239,1.237,1.237,1.237,1.237,1.234,1.237,1.237,1.234,1.237,1.237,1.237,1.237,1.237,1.237,1.237,1.237,1.234,1.234,1.234,1.232,1.229,1.227,1.224,1.222,1.217,1.217,1.215,0,0,0,0,0,0,0,0,0,0,0,0,0,0,0,0,0,0,0,0,0,0,0,0,0,0,0,0,0,0,0,0,0,0,0.447,0.447,0.446,0.446,0.446,0.446,0.446,0,0,0,1.27,1.267,1.267,1.267,1.27,1.27,1.27,1.27,0,0,0,0,0,0,0,0,0,0,0,0,0,0,0,0,0,0,0,0,0,0,0,0,0.733,0.736,0.74,0.742,0.747,0.751,0.756,0.761,0.763,0.766,0.768,0.77,0.77,0.77,0.77,0.77,0,0,0,0,0,1.2,1.2,1.2,1.2,1.198,1.198,1.198,1.198,1.2,1.203,1.203,1.203,1.205,1.207,0,0,0,2.268,2.243,2.227,2.227,2.219,2.187,2.164,2.156,2.149,0,0
0,0,0,0,0,0,0,0,0,0,0,0,0,0,0,0,0,0,0,0,0,0,0,0,0,0,0,0,0,0,0,0,0,0,0,0,0,0,0,0,0,0,0,0,0,0,0,0,0,0,0,0,0,0,0,0,0,0,0,0,0,0,0,0,0,0,0.309,0.309,0.308,0.308,0.308,0.308,0.308,0.308,0.308,0.308,0.308,0.308,0.308,0.308,0.308,0.308,0.308,0.308,0.307,0.307,0.307,0.307,0.307,0.307,0.306,0.306,0.306,0.306,0.306,0.306,0.306,0.306,0.306,0.305,0.305,0.305,0.305,0.305,0.305,0.305,0.304,0.304,0.304,0.304,0.304,0.304,0.303,0.303,0.303,0.303,0.302,0.302,0.302,0.302,0.301,0.301,0.301,0.301,0.301,0.301,0.301,0.302,0.302,0.301,0.302,0.302,0.302,0.302,0.302,0.302,0.302,0.302,0.302,0.302,0.303,0.303,0.303,0.303,0.303,0.303,0.302,0.302,0.302,0.302,0.302,0.302,0.302,0.302,0.302,0.302,0.302,0.302,0.302,0.302,0.302,0.302,0.302,0.302,0.303,0.303,0.303,0.303,0.303,0.303,0.303,0.303,0.303,0.303,0.303,0.303,0.303,0.303,0.303,0.303,0.303,0.303,0.303,0.302,0.302,0.302,0.302,0.302,0.301,0.301,0.301,0.301,0.301,0.301,0.301,0.301,0.3,0.3,0.3,0.3,0.3,0.3,0.299,0.299,0.299,0.299,0.299,0.299,0.299,0.299,0.299,0.299,0.299,0.299,0.299,0.299,0.299,0.299,0.299,0.3,0.3,0.3,0.3,0.3,0.3,0.3,0.3,0.299,0.299,0.299,0.299,0.299,0.299,0.299,0.299,0.299,0.299,0.299,0.299,0.299,0.299,0.299,0.299,0.298,0.298,0.298,0.298,0.298,0.298,0.298,0.298,0.297,0.297,0.297,0.297,0.298,0.298,0.298,0.298,0.298,0.298,0.298,0.298,0.297,0.297,0.297,0.296,0.296,0.296,0.296,0.296,0.296,0.296,0.296,0.296,0.296,0.296,0.296,0.296,0.297,0.297,0.297,0.298,0.298,0.298,0.298,0.298,0.298,0.298,0.297,0.297,0.297,0.297,0.296,0.296,0.296,0.296,0.296,0.296,0.295,0.295,0.295,0.295,0.295,0.295,0.295,0.294,0.294,0.294,0.294,0.294,0.294,0.294,0.294,0.294,0.294,0.294,0.294,0.294,0.294,0.293,0.293,0.293,0.293,0.293,0.293,0.293,0.293,0.293,0.293,0.293,0.293,0.293,0.293,0.293,0.293,0.293,0.293,0.293,0.293,0.293,0.293,0.293,0.293,0.293,0.293,0.293,0,0,0.293,0.294,0.294,0.294,0.294,0.294,0.294,0.294,0.294,0.294,0.294,0.293,0.293,0.293,0.293,0.293,0.293,0.292,0.292,0.292,0.292,0.292,0.292,0.292,0.292,0.292,0.292,0.292,0.292,0.292,0.292,0.292,0.293,0.292,0.293,0.293,0.292,0.293,0.293,0.293,0.293,0.293,0,0.293,0.294,0.294,0.294,0.294,0.294,0.295,0.295,0.295,0,0,0.295,0,0.295,0,0,0,0,0,0,0,0,0,0,0,0,0,0,0,0,0,0,0,0,0,0,0,0,0,0,0,0,0,0,0,0,0,0,0,0,0,0,0,0,0,0,0,0,0,0,0,0,0,0,0,0,0,0,0.306,0.307,0.307,0,0,0,0,0,0,0,0,0,0,0,1.254,1.252,1.252,1.252,1.252,1.252,1.249,1.249,1.247,1.247,1.244,1.242,1.242,1.239,1.237,1.234,1.234,1.234,1.232,1.234,1.232,1.232,1.232,1.232,1.232,1.232,1.232,1.234,1.234,1.232,1.234,1.232,1.232,1.232,1.229,1.227,1.224,1.222,1.219,1.219,1.219,0,0,0,0,0,0,0,0,0,0,0,0,0,0,0,0,0,0,0,0,0,0,0,0,0,0,0,0,0,0,0,0,0,0,0.447,0.447,0.447,0.447,0.447,0.446,0,0,0,0,1.259,1.259,1.259,1.259,1.259,1.259,1.259,1.259,0,0,0,0.379,0.379,0.379,0.379,0.379,0,0,0,0,0,0,0,0,0,0,0,0,0,0,0,0,0.736,0.739,0.742,0.746,0.749,0.754,0.759,0.762,0,0.768,0.769,0.77,0.77,0.77,0.77,0.77,0,0,0,0,1.196,1.196,1.196,1.196,1.193,1.196,1.193,1.193,1.193,1.196,1.198,1.198,1.2,1.2,1.203,0,0,0,0,2.187,2.172,2.172,2.164,2.134,2.105,2.105,2.097,0,0
0,0,0,0,0,0,0,0,0,0,0,0,0,0,0,0,0,0,0,0,0,0,0,0,0,0,0,0,0,0,0,0,0,0,0,0,0,0,0,0,0,0,0,0,0,0,0,0,0,0,0,0,0,0,0,0,0,0,0,0,0,0,0,0,0,0,0,0.308,0.308,0.308,0.308,0.307,0.307,0.307,0.307,0.307,0.307,0.307,0.307,0.307,0.307,0.307,0.307,0.307,0.307,0.306,0.306,0.306,0.306,0.306,0.305,0.305,0.305,0.305,0.305,0.305,0.305,0.305,0.305,0.305,0.305,0.304,0.304,0.304,0.304,0.304,0.304,0.303,0.303,0.303,0.303,0.302,0.302,0.302,0.302,0.302,0.301,0.301,0.301,0.301,0.3,0.3,0.3,0.301,0.3,0.301,0.301,0.301,0.301,0.301,0.301,0.301,0.301,0.301,0.301,0.301,0.301,0.301,0.301,0.302,0.302,0.302,0.302,0.302,0.302,0.301,0.301,0.301,0.301,0.301,0.301,0.301,0.301,0.301,0.301,0.301,0.301,0.301,0.301,0.301,0.301,0.301,0.302,0.302,0.302,0.302,0.302,0.302,0.302,0.302,0.302,0.302,0.302,0.302,0.302,0.302,0.302,0.302,0.302,0.302,0.302,0.302,0.302,0.301,0.301,0.301,0.301,0.3,0.3,0.299,0.299,0.299,0.299,0.299,0.299,0.299,0.299,0.299,0.299,0.299,0.299,0.299,0.298,0.298,0.298,0.298,0.298,0.298,0.298,0.298,0.298,0.298,0.298,0.298,0.298,0.298,0.298,0.298,0.298,0.298,0.298,0.298,0.298,0.298,0.298,0.298,0.298,0.298,0.298,0.298,0.298,0.298,0.298,0.298,0.298,0.298,0.298,0.298,0.298,0.298,0.298,0.298,0.298,0.297,0.297,0.297,0.297,0.297,0.297,0.297,0.297,0.297,0.296,0.296,0.296,0.296,0.297,0.297,0.297,0.297,0.297,0.297,0.297,0.296,0.296,0.296,0.295,0.295,0.295,0.295,0.295,0.295,0.295,0.295,0.295,0.295,0.295,0.295,0.296,0.296,0.296,0.296,0.297,0.297,0.297,0.297,0.297,0.297,0.297,0.296,0.296,0.296,0.296,0.295,0.295,0.295,0.295,0.295,0.295,0.294,0.294,0.294,0.294,0.294,0.294,0.294,0.293,0.293,0.293,0.293,0.293,0.293,0.293,0.293,0.293,0.293,0.293,0.293,0.293,0.293,0.293,0.292,0.292,0.292,0,0.292,0.292,0.292,0.292,0.292,0.292,0.292,0.292,0.292,0.292,0.292,0.292,0.292,0.292,0.292,0.292,0.292,0.292,0.292,0.292,0.292,0.292,0.292,0.292,0.292,0.292,0.293,0.293,0.293,0.293,0.293,0.293,0.293,0.293,0.292,0.292,0.292,0.292,0.291,0.291,0.291,0.291,0.291,0.291,0.291,0.291,0.291,0.291,0.291,0.291,0.291,0.292,0.292,0.292,0.292,0.292,0.292,0.292,0.292,0.292,0.292,0.292,0.292,0.292,0.292,0.292,0.293,0.293,0.293,0.293,0.294,0.294,0.294,0.294,0.294,0.295,0.295,0.295,0.295,0.295,0.295,0,0,0,0,0,0,0,0,0,0,0,0,0,0,0,0,0,0,0,0,0,0,0,0,0,0,0,0,0,0,0,0,0,0,0,0,0,0,0,0,0,0,0,0,0,0,0.292,0,0,0,0,0,0.303,0.304,0.305,0.306,0.307,0.307,0,0,0,0,0,0,0,0,0,1.252,1.252,1.252,1.252,1.252,1.252,1.249,1.249,1.247,1.247,1.247,1.244,1.242,1.239,1.239,1.237,1.234,1.232,1.232,1.229,1.229,1.229,1.229,1.227,1.229,1.229,1.229,1.229,1.229,1.229,1.229,1.232,1.232,1.232,1.232,1.229,1.229,1.227,1.224,1.224,1.224,1.222,1.219,0,0,0,0,0,0,0,0,0,0,0,0,0,0,0,0,0,0,0,0,0,0,0,0,0,0,0,0,0,0,0,0,0,0.447,0.447,0.447,0.447,0.447,0.446,0.446,0,0,0,1.249,1.249,1.247,1.247,1.249,1.249,1.247,1.249,0,0,0,0,0,0,0,0,0,0,0,0,0,0,0,0,0,0,0,0,0,0,0,0,0,0.742,0.746,0.749,0.752,0.757,0.762,0.764,0.766,0.768,0.77,0.771,0.771,0.772,0.771,0,0,0,0,1.191,1.191,1.191,1.191,1.191,1.191,1.189,1.189,1.189,1.191,1.191,1.193,1.193,1.193,1.196,1.198,0,0,0,0,0,0,0,2.134,2.097,2.069,2.069,0,0,0
0,0,0,0,0,0,0,0,0,0,0,0,0,0,0,0,0,0,0,0,0,0,0,0,0,0,0,0,0,0,0,0,0,0,0,0,0,0,0,0,0,0,0,0,0,0,0,0,0,0,0,0,0,0,0,0,0,0,0,0,0,0,0,0,0,0,0,0,0.308,0.308,0.307,0.307,0.307,0.307,0.307,0.307,0.307,0.307,0.307,0.307,0.307,0.307,0.307,0.306,0.306,0.306,0.305,0.305,0.305,0.305,0.304,0.304,0.304,0.304,0.304,0.304,0.304,0.303,0.303,0.303,0.303,0.303,0.303,0.303,0.303,0.303,0.302,0.302,0.302,0.302,0.302,0.301,0.301,0.301,0.301,0.301,0.3,0.3,0.3,0.3,0.299,0.3,0.3,0.3,0.3,0.3,0.3,0.3,0.3,0.3,0.3,0.3,0.3,0.3,0.3,0.3,0.301,0.301,0.301,0.301,0.301,0.301,0.301,0.301,0.3,0.3,0.3,0.3,0.3,0.3,0.3,0.3,0.299,0.3,0.3,0.3,0.3,0.3,0.3,0.3,0.3,0.301,0.301,0.301,0.301,0.301,0.301,0.301,0.301,0.301,0.301,0.301,0.301,0.301,0.301,0.301,0.301,0.301,0.301,0.301,0.301,0.301,0.3,0.3,0.3,0.299,0.299,0.299,0.298,0.298,0.298,0.298,0.298,0.297,0.297,0.297,0.298,0.298,0.298,0.298,0.298,0.298,0.298,0.297,0.297,0.297,0.297,0.297,0.297,0.297,0.297,0.297,0.297,0.297,0.297,0.297,0.297,0.297,0.297,0.297,0.297,0.297,0.297,0.297,0.297,0.297,0.297,0.297,0.297,0.297,0.297,0.297,0.297,0.297,0.297,0.297,0.297,0.297,0.297,0.297,0.297,0.297,0.296,0.296,0.296,0.296,0.296,0.296,0.296,0.296,0.296,0.296,0.296,0.296,0.296,0.295,0.296,0.296,0.296,0.296,0.296,0.296,0.295,0.295,0.295,0.295,0.295,0.295,0.295,0.294,0.294,0.294,0.294,0.294,0.294,0.294,0.294,0.294,0.295,0.295,0.295,0.295,0.296,0.296,0.296,0.296,0.296,0.296,0.295,0.295,0.295,0.295,0.295,0.295,0.294,0.294,0.294,0.294,0.293,0.293,0.293,0.293,0.293,0.293,0.293,0.292,0.292,0.292,0.292,0.292,0.292,0.292,0.292,0.292,0.292,0.292,0.292,0.292,0.292,0.292,0.292,0.291,0.291,0.291,0.291,0.291,0.291,0.291,0.291,0.291,0.291,0.291,0.291,0.291,0.291,0.291,0.291,0.291,0.291,0.291,0.291,0.291,0.291,0.291,0.291,0.291,0.291,0.291,0.291,0.291,0.291,0.292,0.292,0.292,0.292,0.292,0.292,0.292,0.291,0.291,0.291,0.291,0.29,0.29,0.29,0.29,0.29,0,0.29,0.29,0.29,0.29,0.29,0.29,0.29,0.291,0.291,0.291,0.291,0.291,0.291,0.291,0.291,0.291,0.291,0.291,0.291,0.291,0.291,0.291,0.291,0.291,0.292,0.292,0.293,0.293,0.293,0.294,0.294,0.294,0.294,0.295,0.294,0.294,0.294,0.293,0,0,0,0,0,0,0,0,0,0,0,0,0,0,0,0,0,0,0,0,0,0,0,0,0,0,0,0,0,0,0,0,0,0,0,0,0,0,0,0,0,0,0,0,0.291,0.291,0.292,0,0,0,0,0.301,0.302,0.304,0.305,0.306,0.306,0.307,0,0,0,0,0,0,0,0,0,0,1.247,1.247,1.249,1.249,1.247,1.247,1.247,1.247,1.244,1.244,1.242,1.239,1.237,1.237,1.234,1.232,1.229,1.229,1.227,1.227,1.224,1.224,1.224,1.224,1.224,1.224,1.224,1.224,1.227,1.227,1.227,1.229,1.229,1.229,1.229,1.229,1.229,1.229,1.227,1.227,1.227,1.224,1.224,1.222,0,0,0,0,0,0,0,0,0,0,0,0,0,0,0,0,0,0,0,0,0,0,0,0,0,0,0,0,0,0,0,0,0.447,0.447,0.447,0.447,0.446,0.446,0.446,0,1.239,1.239,1.239,1.239,1.239,1.239,1.239,1.237,1.239,0,0,0,0,0,0,0,0,0,0,0,0,0,0,0,0,0,0,0,0,0,0,0,0,0,0.746,0.749,0,0.755,0.759,0.762,0.765,0.767,0.77,0.771,0.772,0.772,0.772,0,0,1.182,0,1.186,1.184,1.189,1.186,1.186,1.186,1.186,1.184,1.184,1.184,1.184,1.186,1.186,1.189,1.189,1.191,0,0,0,0,0,0,0,2.112,2.112,2.076,2.062,0,0,0,0
0,0,0,0,0,0,0,0,0,0,0,0,0,0,0,0,0,0,0,0,0,0,0,0,0,0,0,0,0,0,0,0,0,0,0,0,0,0,0,0,0,0,0,0,0,0,0,0,0,0,0,0,0,0,0,0,0,0,0,0,0,0,0,0,0,0,0,0.308,0.308,0.307,0.306,0.306,0.306,0.305,0.305,0.305,0.305,0.305,0.305,0.305,0.305,0.305,0.305,0.305,0.304,0.304,0.304,0.304,0.303,0.303,0.303,0.303,0.302,0.302,0.302,0.302,0.303,0.303,0.303,0.303,0.302,0.302,0.302,0.302,0.302,0.302,0.301,0.301,0.301,0.301,0.3,0.3,0.3,0.3,0.299,0.299,0.299,0.299,0.299,0.299,0.299,0.299,0.299,0.299,0.299,0.299,0.299,0.299,0.299,0.299,0.299,0.299,0.299,0.299,0.3,0.3,0.3,0.3,0.3,0.3,0.3,0.3,0.3,0.3,0.299,0.299,0.299,0.299,0.299,0.299,0.299,0.299,0.299,0.299,0.299,0.299,0.299,0.299,0.299,0.299,0.299,0.3,0.3,0.3,0.3,0.3,0.301,0.301,0.301,0.301,0.301,0.301,0.301,0.301,0.301,0.3,0.3,0.3,0.3,0.3,0.299,0.299,0.299,0.299,0.298,0.298,0.298,0.297,0.297,0.297,0.297,0.296,0.296,0.296,0.296,0.296,0.296,0.296,0.296,0.296,0.297,0.297,0.297,0.297,0.297,0.297,0.297,0.297,0.296,0.296,0.296,0.296,0.296,0.296,0.296,0.296,0.296,0.296,0.296,0.296,0.296,0.296,0.296,0.296,0.296,0.296,0.296,0.296,0.296,0.296,0.296,0.296,0.296,0.295,0.295,0.296,0.296,0.296,0.296,0.296,0.296,0.296,0.296,0.295,0.295,0.295,0.295,0.295,0.295,0.295,0.295,0.295,0.295,0.295,0.295,0.295,0.295,0.295,0.295,0.295,0.295,0.295,0.295,0.295,0.295,0.295,0.294,0.294,0.294,0.294,0.294,0.294,0.294,0.293,0.293,0.293,0.294,0.294,0.294,0.294,0.294,0.295,0.295,0.295,0.295,0.295,0.295,0.294,0.294,0.294,0.294,0.294,0.294,0.294,0.293,0.293,0.293,0.293,0.293,0.293,0.292,0.292,0.292,0.292,0.292,0.292,0.291,0.291,0.291,0.291,0.291,0.291,0.291,0.291,0.291,0.291,0.291,0.291,0.291,0.291,0.291,0.29,0.29,0.29,0.29,0.29,0.29,0.29,0.29,0.29,0.29,0.29,0.29,0.29,0.29,0.29,0.29,0.29,0.29,0.29,0.291,0.29,0.29,0.29,0.29,0.29,0.29,0.29,0.29,0.29,0.29,0.29,0.291,0.291,0.291,0.291,0.29,0.29,0.29,0.29,0.29,0.289,0.289,0.289,0.289,0.289,0.289,0,0.289,0.289,0.289,0.289,0.289,0.289,0.289,0.29,0.29,0.29,0.29,0.291,0.291,0.291,0.291,0.291,0.291,0.29,0.29,0.29,0.29,0.29,0.291,0.291,0.291,0.292,0.292,0.293,0.293,0.293,0.294,0.294,0.294,0.294,0.294,0.293,0.293,0.293,0,0,0,0,0,0,0,0,0,0,0,0,0,0,0,0,0,0,0,0,0,0,0,0,0,0,0,0,0,0,0,0,0,0,0,0,0,0,0,0,0,0,0.29,0.29,0.291,0.291,0.292,0.294,0.295,0.296,0.298,0.3,0.302,0.303,0.304,0.305,0.306,0.306,0.307,0,0,0,0,0,0,0,1.242,1.242,1.242,1.244,1.242,1.244,1.244,1.244,1.244,1.242,1.242,1.239,1.239,1.237,1.234,1.232,1.229,1.227,1.227,1.224,1.224,1.222,1.222,1.219,1.219,1.219,1.219,1.219,1.219,1.222,1.222,1.224,1.227,1.227,1.229,1.229,1.232,1.229,1.229,1.229,1.229,1.227,1.227,1.227,1.227,1.227,0,0,0,0,0,0,0,0,0,0,0,0,0,0,0,0,0,0,0,0,0,0,0,0,0,0,0,0,0,0,0,0.447,0.447,0.446,0.446,0.446,0.446,0.446,0,0,1.229,1.229,1.229,1.229,1.232,1.229,1.229,1.229,1.232,0,0,0,0.378,0.378,0.378,0.378,0,0,0,0,0,0,0,0,0,0,0,0,0,0,0,0,0,0,0,0,0.756,0.758,0.761,0.764,0.767,0.769,0.771,0.773,0.773,0.773,0,0,0,1.18,1.182,1.18,1.182,1.182,1.18,1.18,1.182,1.182,1.18,1.18,1.18,1.18,1.182,1.182,1.184,1.186,1.189,0,0,0,0,0,0,0,0,2.083,0,0,0,0,0,0
0,0,0,0,0,0,0,0,0,0,0,0,0,0,0,0,0,0,0,0,0,0,0,0,0,0,0,0,0,0,0,0,0,0,0,0,0,0,0,0,0,0,0,0,0,0,0,0,0,0,0,0,0,0,0,0,0,0,0,0,0,0,0,0,0,0,0,0,0,0,0.305,0.305,0.304,0.304,0.304,0.303,0.303,0.303,0.303,0.303,0.303,0.303,0.303,0.303,0.303,0.303,0.302,0.302,0.302,0.302,0.302,0,0,0.301,0.301,0.301,0.301,0.301,0.302,0.301,0.301,0.301,0.301,0.301,0.301,0.3,0.3,0.3,0.3,0.299,0.299,0.299,0.299,0.298,0.298,0.298,0.298,0.298,0.298,0.298,0.298,0.298,0.298,0.298,0.298,0.299,0.299,0.299,0.299,0.299,0.299,0.298,0.298,0.298,0.298,0.298,0.299,0.299,0.299,0.299,0.299,0.298,0.298,0.298,0.298,0.298,0,0.298,0.298,0.298,0.298,0.298,0.298,0.298,0.298,0.298,0.298,0.298,0.298,0.298,0.299,0.299,0.299,0.299,0.299,0.3,0.3,0.3,0.3,0.3,0.3,0.3,0.299,0.299,0.299,0.299,0.299,0.299,0.299,0.298,0.298,0.298,0.298,0.297,0.297,0.297,0.296,0.296,0.296,0.295,0.295,0.295,0.295,0.295,0.295,0.295,0.295,0.295,0.295,0.296,0.296,0.296,0.296,0.296,0.296,0.296,0.296,0.296,0.296,0.296,0.296,0.295,0.295,0.295,0.295,0.295,0.295,0.295,0.295,0.295,0.295,0.295,0.295,0.295,0.295,0.295,0.294,0.294,0.294,0.294,0.294,0.294,0.294,0.294,0.294,0.295,0.295,0.295,0.295,0.295,0.295,0.294,0.294,0.294,0.294,0.294,0.294,0.294,0.294,0.294,0.294,0.294,0.294,0.294,0.294,0.294,0.294,0.294,0.294,0.294,0,0.294,0.294,0.294,0.294,0.294,0.294,0.294,0.294,0.294,0.294,0.293,0.293,0.293,0.293,0.293,0.293,0.293,0.293,0.293,0.293,0.294,0.294,0,0.294,0.294,0.294,0.293,0.293,0.293,0.293,0.293,0.293,0.293,0.293,0.293,0.292,0.292,0.292,0.292,0.291,0.291,0.291,0.291,0.291,0.291,0.29,0.29,0.29,0.29,0.29,0.29,0.29,0.29,0.29,0.29,0.29,0.29,0.29,0.29,0.29,0.29,0.289,0.289,0.289,0.289,0.289,0.289,0.289,0.289,0.289,0.289,0.289,0.289,0.289,0.289,0.289,0.289,0.289,0.289,0.289,0.289,0.289,0.289,0.289,0.289,0.289,0.289,0.289,0.289,0.289,0.289,0.289,0.29,0.29,0.289,0.289,0.289,0.289,0.289,0.289,0.288,0.288,0.288,0.288,0.288,0.288,0.287,0.287,0.287,0.288,0.288,0.288,0.288,0.288,0.289,0.289,0.289,0.289,0.29,0.29,0.29,0.29,0.29,0.29,0.29,0.29,0.29,0.29,0.29,0.29,0.29,0.291,0.291,0.292,0.292,0.293,0.293,0.293,0.294,0.293,0.294,0.293,0.293,0.293,0,0,0,0,0,0,0,0,0,0,0,0,0,0,0,0,0,0,0,0,0,0,0,0,0,0,0,0,0,0,0,0,0,0,0,0,0,0,0,0,0,0,0.289,0.29,0.29,0.291,0.292,0.292,0.294,0.295,0.297,0.298,0.3,0,0,0.304,0.305,0.306,0.306,0.307,0,0,0,0,0,0,0,0,0,1.237,1.237,1.237,1.242,1.239,1.239,1.239,1.239,1.237,1.237,1.234,1.232,1.229,1.227,1.227,1.224,1.222,1.219,1.219,1.217,1.217,1.215,1.215,1.215,1.215,1.215,1.215,1.215,1.217,1.222,1.222,1.224,1.227,1.227,1.229,1.229,1.229,1.229,1.229,1.229,1.227,1.227,1.227,1.227,0,0,0,0,0,0,0,0,0,0,0,0,0,0,0,0,0,0,0,0,0,0,0,0,0,0,0,0,0,0,0,0.446,0.446,0.446,0.446,0.446,0.446,0.446,0,0,0,1.227,1.224,1.227,1.227,1.224,1.227,1.227,1.227,0,0,0,0.378,0.378,0.378,0.378,0,0,0,0,0,0,0,0,0,0,0,0,0,0,0,0,0,0,0,0,0.758,0.761,0.762,0.765,0.768,0.77,0.772,0.774,0.775,0,0,0,1.173,1.177,1.175,1.177,1.175,1.175,1.175,1.177,1.175,1.175,1.173,1.173,1.173,1.177,1.177,1.177,1.18,1.182,1.184,0,0,0,0,0,0,0,0,0,0,0,0,0,0,0
0,0,0,0,0,0,0,0,0,0,0,0,0,0,0,0,0,0,0,0,0,0,0,0,0,0,0,0,0,0,0,0,0,0,0,0,0,0,0,0,0,0,0,0,0,0,0,0,0,0,0,0,0,0,0,0,0,0,0,0,0,0,0,0,0,0,0,0,0,0,0,0,0,0.302,0.302,0.301,0.301,0.301,0.301,0.301,0.301,0.301,0.301,0,0,0,0.301,0.301,0.301,0.301,0.3,0.3,0.3,0.3,0.3,0.3,0.3,0.3,0.301,0.301,0.301,0.3,0.3,0.3,0.3,0.3,0.299,0.299,0.299,0.298,0.298,0.298,0.298,0.297,0.297,0.297,0.297,0.297,0.297,0.297,0.297,0.298,0.298,0.298,0.298,0.298,0.298,0.298,0.298,0.298,0.298,0.298,0.297,0.297,0.297,0.297,0.297,0.298,0.298,0.297,0.297,0.297,0.297,0.297,0.297,0.297,0.297,0.297,0.297,0.297,0.297,0.297,0.297,0.297,0.297,0.297,0.297,0.297,0.297,0.297,0.298,0.298,0.298,0.298,0.299,0.299,0.299,0.299,0.299,0.299,0.298,0.298,0.298,0,0,0.298,0.298,0.298,0.297,0.297,0.297,0,0,0.296,0.296,0.295,0.295,0.295,0.295,0.294,0.294,0.294,0.294,0.294,0.294,0.294,0.294,0.294,0.294,0.295,0.295,0.295,0.295,0.295,0.295,0.295,0.295,0.295,0.295,0.295,0.295,0.295,0.295,0.295,0.294,0.294,0.294,0.294,0.294,0.294,0.294,0.294,0.294,0.294,0.294,0.293,0.293,0,0,0.293,0.293,0.293,0.294,0.293,0.294,0.294,0.294,0.294,0.294,0.294,0.293,0.293,0.293,0.293,0.293,0.293,0.293,0.293,0.293,0.293,0.293,0.293,0.293,0.293,0.293,0.293,0.293,0.293,0.293,0.293,0.293,0.293,0.293,0.293,0.294,0.293,0.293,0.293,0.293,0.293,0.293,0.293,0.293,0.292,0.292,0.292,0.292,0.292,0.293,0.292,0.292,0.293,0.293,0,0.293,0.293,0.293,0.293,0.293,0.293,0.293,0.292,0.292,0.292,0.292,0.292,0.291,0.291,0.291,0.291,0.29,0.29,0.29,0.29,0.29,0.29,0.289,0.289,0.289,0.289,0.289,0.289,0.289,0.289,0.289,0.289,0.289,0.289,0.289,0.289,0.289,0.288,0.288,0.288,0.288,0.288,0.288,0.288,0.288,0.288,0.288,0.288,0.288,0.288,0.288,0.288,0.288,0.288,0.288,0.288,0.288,0.288,0.288,0.288,0.288,0.288,0.289,0.289,0.288,0.288,0.288,0.288,0.289,0.289,0.289,0.289,0.288,0.288,0.288,0.288,0.288,0.287,0.287,0.287,0.287,0.287,0.287,0.286,0.286,0.286,0.286,0.287,0.287,0.287,0.287,0.287,0.288,0.288,0.288,0.288,0.288,0.289,0.289,0.289,0.289,0.289,0.289,0.289,0.289,0.289,0.289,0.289,0.29,0.29,0.291,0.292,0.292,0.292,0.293,0.293,0.293,0.293,0.293,0.292,0,0,0.291,0,0,0,0,0,0,0,0,0,0,0,0,0,0,0,0,0,0,0,0,0,0,0,0,0,0,0,0,0,0,0,0,0,0,0,0,0,0,0,0.289,0.289,0.29,0.29,0.291,0.292,0.293,0.294,0.295,0.297,0.298,0.3,0.301,0.302,0.303,0.305,0.305,0.306,0,0,0,0,0,0,0,0,1.229,1.229,1.232,1.232,1.234,1.234,1.234,1.234,1.234,1.232,1.232,1.232,1.229,1.229,1.227,1.224,1.222,1.219,1.217,1.215,1.212,1.212,1.21,1.21,1.207,1.207,1.207,1.207,1.21,1.212,1.212,1.217,1.219,1.222,1.224,1.224,1.227,1.229,1.229,1.229,1.229,1.227,1.227,1.227,1.224,1.224,0,0,0,0,0,0,0,0,0,0,0,0,0,0,0,0,0,0,0,0,0,0,0,0,0,0,0,0,0,0,0,0.446,0.446,0.446,0.446,0.446,0.445,0.445,0.445,0,0,0,1.215,1.217,1.219,1.219,1.219,1.219,1.222,0,0,0,0.378,0.378,0.378,0.378,0.378,0,0,0,0,0,0,0,0,0,0,0,0,0,0,0,0,0,0,0.759,0.762,0.763,0.764,0.766,0.769,0.771,0.773,0.775,0,0,0,0,1.173,1.173,1.173,1.173,1.171,1.171,1.171,1.171,1.168,1.168,1.168,1.168,1.171,1.173,1.173,1.173,1.177,1.18,1.182,0,0,0,0,0,0,0,0,0,0,0,0,0,0,0
0,0,0,0,0,0,0,0,0,0,0,0,0,0,0,0,0,0,0,0,0,0,0,0,0,0,0,0,0,0,0,0,0,0,0,0,0,0,0,0,0,0,0,0,0,0,0,0,0,0,0,0,0,0,0,0,0,0,0,0,0,0,0,0,0,0,0,0,0,0,0,0,0,0,0,0,0,0,0,0.299,0.299,0,0,0,0,0,0,0.299,0.299,0.299,0.299,0.299,0.299,0.299,0.299,0.299,0.299,0.299,0.299,0.299,0.299,0.299,0.299,0.299,0.299,0.299,0.298,0.298,0.298,0.297,0.297,0.297,0.297,0.297,0.296,0.296,0.296,0.297,0.297,0.297,0.297,0.297,0.297,0.297,0.297,0.297,0.297,0.297,0.297,0.297,0.297,0.297,0.296,0.296,0.296,0.296,0.296,0.296,0.296,0.296,0.296,0.296,0.296,0.296,0.296,0.296,0.296,0.296,0.295,0.296,0.296,0.296,0.296,0.296,0.296,0.296,0.296,0.296,0.296,0.296,0.297,0.297,0.297,0.297,0.298,0.298,0.298,0.298,0.298,0.298,0.297,0.297,0.297,0,0.296,0.296,0.296,0.296,0.296,0.296,0.296,0,0.295,0.295,0.294,0.294,0.294,0.293,0.293,0.293,0.293,0.293,0.293,0.293,0.293,0.293,0.293,0.294,0.294,0.294,0.294,0.294,0.294,0.294,0.294,0.294,0.294,0.294,0.294,0.294,0.294,0.294,0.294,0.294,0.294,0.294,0.294,0.294,0.293,0.293,0.293,0.293,0.293,0.293,0.293,0.293,0.292,0,0,0.292,0.292,0.292,0.292,0.292,0.292,0.292,0.293,0.293,0.293,0.293,0.292,0.292,0.292,0.292,0.292,0.292,0.292,0.292,0.292,0.293,0.293,0.293,0.293,0.292,0.292,0.292,0.292,0.292,0.292,0.292,0.292,0.293,0.293,0.293,0.293,0.293,0.293,0.293,0.293,0.293,0.293,0.292,0.292,0.292,0.292,0.292,0.291,0.292,0.292,0.292,0.292,0.292,0.292,0.292,0.292,0.292,0.292,0.292,0.292,0.292,0.292,0.292,0.291,0.291,0.291,0.291,0.291,0.29,0.29,0.29,0.289,0.289,0.289,0.289,0.289,0.289,0.289,0.289,0.288,0.288,0.288,0.288,0.288,0.288,0.288,0.288,0.288,0.288,0.288,0.288,0.288,0.287,0.287,0.287,0.287,0.287,0.287,0.287,0.287,0.287,0.287,0.287,0.287,0.287,0.287,0.287,0.287,0.287,0.287,0.287,0.288,0.287,0.287,0.287,0.287,0.287,0.287,0.287,0.287,0.287,0.287,0.287,0.288,0.287,0.288,0.287,0.287,0.287,0.287,0.287,0.287,0.286,0.286,0.286,0.286,0.286,0.285,0.285,0.285,0.285,0.285,0.285,0.286,0.286,0.286,0.286,0.286,0.287,0.287,0.287,0.287,0.287,0.287,0.287,0.288,0.288,0.288,0.288,0.288,0.288,0.288,0.288,0.289,0,0,0,0.29,0.291,0.291,0.291,0,0,0,0,0.29,0,0.29,0.289,0,0,0,0,0,0,0,0,0,0,0,0,0,0,0,0,0,0,0,0,0,0,0,0,0,0,0,0,0,0,0,0,0,0,0,0,0,0.289,0.289,0.289,0.29,0.291,0.291,0.292,0.293,0.294,0.296,0.297,0.298,0.3,0.301,0.302,0.303,0.304,0.304,0.305,0.306,0,0,0,0,0,0,1.224,1.227,1.224,1.224,1.224,1.227,1.227,1.229,1.229,1.229,1.227,1.227,1.224,1.224,1.222,1.219,1.217,1.215,1.212,1.21,1.21,1.207,1.205,1.205,1.203,1.203,1.203,1.203,1.203,1.203,1.205,1.207,1.212,1.215,1.217,1.222,1.222,1.224,1.224,1.227,1.227,1.227,1.224,1.224,1.224,1.224,1.222,0,0,0,0,0,0,0,0,0,0,0,0,0,0,0,0,0,0,0,0,0,0,0,0,0,0,0,0,0,0,0,0.446,0.446,0,0,0.445,0.445,0.445,0.445,0,0,0,0,1.21,1.212,1.215,1.215,1.217,1.219,0,0,0,0.377,0.377,0.377,0.377,0.377,0,0,0,0,0,0,0,0,0,0,0,0,0,0,0,0,0,0,0.762,0.764,0.766,0.767,0.768,0.77,0.773,0.774,0.776,0,0,0,0,1.171,1.171,1.171,1.168,1.168,1.168,1.166,1.164,1.164,1.164,1.162,1.164,1.166,1.168,1.171,1.171,1.173,1.177,1.177,0,0,0,0,0,0,0,0,0,0,0,0,0,0,0
0,0,0,0,0,0,0,0,0,0,0,0,0,0,0,0,0,0,0,0,0,0,0,0,0,0,0,0,0,0,0,0,0,0,0,0,0,0,0,0,0,0,0,0,0,0,0,0,0,0,0,0,0,0,0,0,0,0,0,0,0,0,0,0,0,0,0,0,0,0,0,0,0.299,0.299,0.298,0.298,0.298,0.297,0.297,0.297,0.297,0.297,0.297,0,0,0.297,0.297,0.297,0.297,0.297,0.297,0.297,0.297,0.297,0.297,0.297,0.298,0.298,0.298,0.298,0.298,0.298,0.298,0.297,0.297,0.297,0.297,0.297,0.296,0.296,0.296,0.296,0.296,0.296,0.296,0.296,0.296,0.296,0.296,0.296,0.296,0.296,0.296,0.296,0.296,0.296,0.296,0.296,0.296,0.296,0.296,0.296,0.295,0.295,0.295,0.295,0.295,0.295,0.295,0.295,0.295,0.295,0.295,0.295,0.294,0.295,0.295,0.294,0.294,0.295,0.295,0.295,0.295,0.295,0.295,0.295,0.295,0.295,0.295,0.296,0.296,0.296,0.296,0.296,0.297,0.297,0.297,0.297,0.297,0.296,0.296,0.296,0.295,0.295,0.295,0.295,0.295,0.295,0.294,0.294,0.294,0.294,0.294,0.293,0.293,0.293,0.293,0.292,0.292,0.292,0.292,0.292,0.292,0.292,0.292,0.293,0.293,0.293,0.293,0.293,0.293,0.293,0.293,0.293,0.293,0.293,0.294,0.294,0.294,0.294,0.294,0.294,0.294,0.294,0.293,0.293,0.293,0.293,0.293,0.293,0.293,0.293,0.292,0.292,0.292,0.292,0.291,0.291,0,0.291,0.291,0.291,0.291,0.291,0.291,0.291,0.291,0.291,0.292,0.291,0.291,0.291,0.291,0.291,0.291,0.291,0.291,0.292,0.291,0.292,0.292,0.292,0.292,0.292,0.291,0.291,0.291,0.291,0.291,0.291,0.291,0.292,0.292,0.292,0.292,0.292,0.292,0.292,0.292,0.292,0.292,0.291,0.291,0.291,0.291,0.291,0.291,0.291,0.291,0.291,0.291,0.291,0.291,0.291,0.291,0.291,0.291,0.291,0.291,0.291,0.291,0.29,0.29,0.29,0.29,0.289,0.289,0.289,0.289,0.289,0.288,0.288,0.288,0.288,0.288,0.288,0.288,0.288,0.287,0.287,0.287,0.287,0.287,0.287,0.287,0.287,0.287,0.287,0.287,0.287,0.287,0.287,0.286,0.286,0.286,0.286,0.286,0.286,0.286,0.286,0.286,0.286,0.286,0.286,0.286,0.286,0.286,0.286,0.286,0.287,0.287,0.287,0.287,0,0.286,0.286,0.286,0.286,0.286,0.286,0.286,0.286,0.287,0.287,0.287,0.287,0.287,0.287,0.286,0.286,0.286,0.286,0.285,0.285,0.285,0.285,0.285,0.285,0.285,0.284,0.284,0.285,0.285,0.285,0.285,0.285,0.285,0.285,0.285,0.286,0.286,0.286,0.286,0.286,0.286,0.286,0.286,0.286,0.286,0.286,0.287,0,0,0,0,0,0.288,0.289,0.289,0,0,0,0,0,0,0,0.288,0.287,0,0.284,0,0,0,0,0,0,0,0,0,0,0,0,0,0,0,0,0,0,0,0,0,0,0,0,0,0,0,0,0,0,0,0,0,0,0,0,0.289,0.289,0.29,0.291,0.291,0.293,0.293,0.295,0.296,0.297,0.298,0.299,0.3,0.301,0.302,0.303,0.304,0.304,0,0,0,0,0,1.217,1.219,1.219,1.219,1.222,1.222,1.222,1.219,1.222,1.222,1.222,1.222,1.219,1.219,1.219,1.217,1.215,1.212,1.21,1.207,1.205,1.205,1.203,1.2,1.198,1.2,1.198,1.198,1.198,1.198,1.198,1.198,1.2,1.203,1.207,1.212,1.215,1.219,1.222,1.222,1.222,1.224,1.224,1.224,1.224,1.224,1.224,1.222,1.224,0,0,0,0,0,0,0,0,0,0,0,0,0,0,0,0,0,0,0,0,0,0,0,0,0,0,0,0,0,0,0,0.445,0.445,0,0,0.445,0.445,0.445,0.445,0,0,0,1.205,1.207,1.207,1.212,1.215,1.217,1.219,0,0,0,0,0,0,0,0,0,0,0,0,0,0,0,0,0,0,0,0,0,0,0,0,0,0,0.764,0.767,0.769,0.77,0.77,0.772,0.774,0.777,0.778,0,0,0,0,1.168,1.166,1.168,1.166,1.164,1.164,1.162,1.16,1.16,1.16,1.16,1.16,1.164,1.166,1.166,1.168,1.171,1.173,1.177,0,0,0,0,0,0,0,0,0,0,0,0,0,0,0
0,0,0,0,0,0,0,0,0,0,0,0,0,0,0,0,0,0,0,0,0,0,0,0,0,0,0,0,0,0,0,0,0,0,0,0,0,0,0,0,0,0,0,0,0,0,0,0,0,0,0,0,0,0,0,0,0,0,0,0,0,0,0,0,0,0,0,0,0,0,0,0,0.297,0.297,0.297,0.296,0.296,0.296,0.296,0.296,0.296,0.296,0.296,0.296,0.296,0.296,0.296,0.296,0.295,0.296,0.296,0.296,0.296,0.296,0.296,0.296,0.296,0.297,0.297,0.296,0.296,0.296,0.296,0.296,0.296,0.296,0.295,0.295,0.295,0.295,0.295,0.295,0.295,0.295,0.295,0.295,0.295,0.295,0.295,0.295,0.295,0.296,0.296,0.296,0.295,0.295,0.295,0.295,0.295,0.295,0.295,0.294,0.294,0.294,0.294,0.294,0.294,0.294,0.294,0.294,0,0.294,0.294,0.294,0.293,0.293,0.294,0.293,0.293,0.294,0.294,0.294,0.294,0.294,0.294,0.294,0.295,0.295,0.295,0.295,0.295,0.295,0.295,0.295,0,0,0.295,0.295,0.295,0.295,0.294,0.294,0.294,0.294,0.293,0.293,0.293,0.293,0.293,0.293,0.293,0.292,0.292,0.292,0.292,0.291,0.291,0.291,0.291,0.291,0.291,0.291,0.292,0.292,0.292,0.292,0.292,0.292,0.292,0.292,0.292,0.292,0.292,0.292,0.293,0.293,0.293,0.293,0.293,0.293,0.293,0.293,0.293,0.293,0.293,0.293,0.293,0.293,0.292,0.292,0.292,0.292,0.292,0.291,0.291,0.291,0.29,0.29,0.29,0.29,0.29,0.289,0.29,0.29,0.29,0.29,0.29,0.29,0.29,0.29,0.29,0.29,0,0,0.29,0.29,0.29,0.291,0.291,0.291,0.291,0.291,0.291,0.29,0.29,0.29,0.29,0.291,0.29,0.29,0.291,0.291,0.291,0.291,0.291,0.291,0.291,0.291,0.291,0.291,0.291,0.291,0.29,0.29,0.29,0.29,0.29,0.29,0.29,0.29,0.29,0.29,0.29,0.29,0.29,0.29,0.29,0.29,0.29,0.289,0.289,0.289,0.289,0.289,0.289,0.288,0.288,0.288,0.288,0.287,0.287,0.287,0.287,0.287,0.287,0.287,0.287,0.286,0.286,0.286,0.286,0.286,0.286,0.286,0.286,0.286,0.286,0.285,0.285,0.285,0.286,0.285,0.285,0.285,0.285,0.285,0.285,0.285,0.285,0.285,0.285,0.285,0.285,0.285,0.285,0.285,0.285,0.285,0.285,0.285,0.285,0.285,0.285,0.285,0.285,0.285,0.285,0.285,0.285,0.285,0.285,0.285,0.286,0.286,0.286,0.286,0.286,0.286,0.286,0.285,0.285,0.285,0.285,0.284,0.284,0.284,0.284,0.284,0.284,0.284,0.284,0.284,0.284,0.284,0.284,0.284,0.284,0.284,0.284,0.284,0,0.284,0.284,0.285,0.285,0.285,0.285,0.285,0.285,0.285,0.285,0,0,0,0,0,0,0.286,0.287,0.287,0.286,0,0,0,0.286,0,0.286,0.285,0.284,0,0,0,0,0,0,0,0,0,0,0,0,0,0,0,0,0,0,0,0,0,0,0,0,0,0,0,0,0,0,0,0,0,0,0,0,0,0,0,0.29,0.291,0.292,0.293,0.294,0.295,0.296,0.297,0.298,0.299,0.3,0.301,0.302,0.302,0.303,0,0,0,0,0,1.21,0,1.215,1.215,1.217,1.215,1.215,1.217,1.217,1.219,1.217,1.217,1.217,1.217,1.215,1.212,1.212,1.21,1.207,1.203,1.2,1.198,1.198,1.196,1.196,1.193,1.191,1.191,1.191,1.191,1.191,1.191,1.196,1.198,1.2,1.205,1.207,1.21,1.215,1.215,1.217,1.217,1.219,1.219,1.222,1.222,1.222,1.222,1.222,1.222,0,0,0,0,0,0,0,0,0,0,0,0,0,0,0,0,0,0,0,0,0,0,0,0,0,0,0,0,0,0,0,0.445,0,0,0,0.445,0.445,0.445,0,0,0,1.196,1.198,1.203,1.205,1.207,1.212,1.217,1.219,0,0,0,0,0,0,0,0,0,0,0,0,0,0,0,0,0,0,0,0,0,0,0,0,0,0,0.767,0.77,0.772,0.772,0.773,0.774,0.777,0,0,0,0,0,0,1.168,1.166,1.166,1.162,1.162,1.162,1.16,1.157,1.155,1.155,1.155,1.157,1.16,1.162,1.164,1.166,1.168,1.173,1.177,0,0,0,0,0,0,0,0,0,0,0,0,0,0,0
0,0,0,0,0,0,0,0,0,0,0,0,0,0,0,0,0,0,0,0,0,0,0,0,0,0,0,0,0,0,0,0,0,0,0,0,0,0,0,0,0,0,0,0,0,0,0,0,0,0,0,0,0,0,0,0,0,0,0,0,0,0,0,0,0,0,0,0,0,0,0,0,0.295,0.295,0.295,0.295,0.295,0.294,0.294,0.294,0.294,0.294,0.294,0.294,0.294,0.294,0.294,0.294,0.294,0.294,0.294,0.295,0.295,0.295,0.295,0.295,0.295,0.295,0.295,0.295,0.295,0.295,0.295,0.295,0.294,0.294,0.294,0.294,0.294,0.294,0.294,0.294,0.294,0.294,0.294,0.294,0.294,0.294,0.294,0.295,0.295,0.295,0.295,0.295,0.295,0.295,0.294,0.294,0.294,0.294,0.293,0.293,0.293,0.293,0.293,0.293,0.293,0.293,0.293,0.293,0.293,0.293,0.293,0.293,0.293,0.293,0.293,0.293,0.293,0.293,0.293,0.293,0.293,0.294,0.294,0.294,0.294,0.294,0.294,0.294,0.294,0.294,0.294,0,0,0,0.294,0.294,0.294,0.293,0.293,0.293,0.292,0.292,0.292,0.292,0.291,0.291,0.291,0.291,0.291,0.291,0.291,0.29,0.29,0.29,0.29,0.29,0.29,0.29,0.29,0.29,0.291,0.291,0.291,0.291,0.291,0.291,0.291,0.291,0.291,0.291,0.291,0.291,0.292,0.292,0.292,0.292,0.293,0.293,0.293,0.293,0.293,0.293,0.293,0.292,0.292,0.292,0.292,0.292,0.292,0.291,0.291,0.29,0.29,0.289,0.289,0.289,0.289,0.288,0.288,0.288,0.289,0.289,0,0,0.289,0.289,0.289,0.289,0.289,0.289,0.289,0.289,0.289,0.289,0.289,0.289,0.29,0.29,0.29,0.29,0.29,0.289,0.289,0.289,0.289,0.289,0.289,0.29,0.29,0.29,0.29,0.29,0.29,0.29,0.29,0.29,0.29,0.29,0.29,0.29,0.289,0,0,0.289,0.289,0.289,0.289,0.289,0.289,0.289,0.289,0.289,0.289,0.289,0.289,0.289,0.289,0.288,0.288,0.288,0.288,0.288,0.287,0.287,0.287,0.287,0.286,0.286,0.286,0.286,0.286,0.286,0.285,0.285,0.285,0.285,0.285,0.285,0.285,0.285,0.285,0.285,0.285,0.285,0.285,0.285,0.284,0.285,0.285,0.285,0.284,0.284,0.284,0.284,0.285,0.285,0.285,0.284,0.284,0.284,0.284,0.284,0.284,0.284,0.284,0.284,0.284,0.284,0.284,0.284,0.284,0.284,0.284,0.284,0.284,0.284,0.284,0.284,0.284,0.285,0.285,0.285,0.285,0.285,0.285,0.285,0.285,0.284,0.284,0.284,0.284,0.283,0.283,0.283,0.283,0.283,0.283,0.283,0.283,0.283,0.283,0.283,0.283,0.283,0.283,0.283,0.283,0.283,0.283,0.283,0.283,0.283,0.284,0.284,0.284,0.284,0.284,0.284,0.284,0.284,0.284,0.284,0.284,0.284,0.284,0.284,0.284,0.284,0.284,0,0,0,0,0.284,0.284,0.284,0.283,0,0,0,0,0,0,0,0,0,0,0,0,0,0,0,0,0,0,0,0,0,0,0,0,0,0,0,0,0,0,0,0,0,0,0,0,0,0,0,0.291,0.292,0.292,0.293,0.294,0.295,0.296,0.297,0.298,0.299,0.3,0.3,0.301,0.302,0,0,0,0,0,0,1.21,1.21,1.21,1.212,1.212,1.212,1.212,1.212,1.212,1.212,1.212,1.212,1.21,1.21,1.207,1.207,1.205,1.203,1.2,1.198,1.196,1.193,1.191,1.189,1.189,1.189,1.186,1.186,1.186,1.186,1.186,1.189,1.191,1.193,1.196,1.198,1.203,1.205,1.205,1.207,1.21,1.21,1.212,1.212,1.212,1.215,1.215,1.215,1.215,1.215,1.219,0,0,0,0,0,0,0,0,0,0,0,0,0,0,0,0,0,0,0,0,0,0,0,0,0,0,0,0,0,0,0.444,0,0,0,0.444,0.445,0.445,0,0,1.177,1.182,1.189,1.193,1.196,1.198,1.203,1.21,1.212,0,0,0,0,0,0,0,0,0,0,0,0,0,0,0,0,0,0,0,0,0,0,0,0,0,0,0.77,0.773,0.774,0.774,0.775,0.777,0.779,0,0,0,0,0,0,1.164,1.162,1.162,1.16,1.162,1.16,1.157,1.155,1.151,1.151,1.151,1.151,1.155,1.16,1.162,1.164,1.168,1.173,1.175,1.18,0,0,0,0,0,0,0,0,0,0,0,0,0,0
0,0,0,0,0,0,0,0,0,0,0,0,0,0,0,0,0,0,0,0,0,0,0,0,0,0,0,0,0,0,0,0,0,0,0,0,0,0,0,0,0,0,0,0,0,0,0,0,0,0,0,0,0,0,0,0,0,0,0,0,0,0,0,0,0,0,0,0,0,0,0,0,0,0.294,0.294,0.294,0.293,0.293,0.293,0.293,0.293,0.293,0.293,0.293,0.293,0.293,0.293,0.293,0.293,0.293,0.293,0.293,0.293,0.294,0.294,0.294,0.294,0.294,0.294,0.293,0.293,0.293,0.293,0.293,0.293,0.293,0.293,0.293,0.293,0.293,0.293,0.293,0.293,0.293,0.293,0.293,0.293,0.294,0.294,0.294,0.294,0.294,0.294,0.294,0.293,0.293,0.293,0.293,0.293,0.293,0.293,0.292,0.292,0.292,0.292,0.292,0.292,0.292,0.292,0.292,0.292,0.292,0.292,0.292,0.292,0.292,0.292,0.292,0.292,0.292,0.292,0.293,0.293,0.293,0.293,0.293,0.293,0.293,0.293,0.293,0.293,0.293,0.293,0.293,0,0.293,0.293,0.293,0.292,0.292,0.292,0.291,0.291,0.291,0.291,0.29,0.29,0.29,0.29,0.29,0.29,0.29,0.29,0.29,0.29,0.29,0.29,0.29,0.29,0.29,0.29,0.29,0.29,0.29,0.29,0.29,0.29,0.29,0.29,0.29,0.29,0.29,0.29,0.29,0.291,0.291,0.291,0.291,0.292,0.292,0.292,0.292,0.292,0.292,0.292,0.292,0.292,0.292,0.291,0.291,0.291,0.291,0.29,0.289,0.289,0.288,0.288,0.288,0.288,0.287,0.287,0.287,0.287,0.287,0.288,0.288,0.288,0.288,0.288,0.288,0.288,0.288,0.288,0.288,0.288,0.288,0.289,0.288,0.289,0.289,0.289,0.289,0.289,0.288,0.288,0.288,0.288,0.289,0.289,0.289,0.289,0.289,0.289,0.289,0.289,0.289,0.289,0.289,0.289,0.289,0.289,0.289,0.288,0.288,0.288,0.288,0.288,0.288,0.289,0.289,0.289,0.289,0.288,0.288,0.288,0.288,0.288,0.288,0.287,0.287,0.287,0.287,0.287,0.287,0.286,0.286,0.286,0.285,0.285,0.285,0.285,0.285,0.285,0.285,0.284,0.284,0.284,0.284,0.284,0.284,0.283,0.283,0.283,0.284,0.284,0.284,0.283,0.283,0.283,0.283,0.284,0.284,0.283,0.283,0.283,0.283,0.284,0.284,0.284,0.283,0.283,0.283,0.283,0.283,0.283,0.283,0.283,0.283,0.283,0.283,0.283,0.283,0.283,0.283,0.283,0.283,0.283,0.283,0.283,0.283,0.283,0.284,0.284,0.283,0.283,0.284,0.284,0.284,0.284,0.283,0.283,0.283,0.283,0.283,0.283,0.282,0.282,0.282,0.282,0.282,0.282,0.282,0.282,0.282,0.282,0.282,0.282,0.282,0.282,0.282,0.282,0.282,0.282,0.282,0.283,0.283,0.283,0.283,0.282,0.282,0.282,0.282,0.282,0.282,0.282,0,0,0.281,0.282,0.282,0.282,0.282,0,0,0.282,0.283,0.283,0.282,0,0,0,0.28,0.28,0.279,0,0,0,0,0,0,0,0,0,0,0,0,0,0,0,0,0,0,0,0,0,0,0,0,0,0,0,0,0,0,0,0,0.288,0,0.291,0.292,0.293,0.294,0.295,0.296,0.296,0.297,0.298,0.299,0.299,0.3,0.301,0.301,0,0,0,0,0,0,1.203,1.205,1.207,1.207,1.207,1.207,1.207,1.207,1.207,1.207,1.207,1.207,1.205,1.205,1.203,1.2,1.198,1.196,1.193,1.191,1.189,1.186,1.186,1.184,1.184,1.184,1.184,1.182,1.182,1.184,1.184,1.184,1.186,1.189,1.191,1.191,1.193,1.196,1.198,1.2,1.203,1.203,1.203,1.205,1.205,1.207,1.207,1.207,1.207,1.21,0,0,0,0,0,0,0,0,0,0,0,0,0,0,0,0,0,0,0,0,0,0,0,0,0,0,0,0,0,0,0,0.444,0,0,0,0.445,0.445,0.445,0,0,1.168,1.175,1.177,1.182,1.186,1.189,1.196,1.203,1.203,0,0,0,0,0,0,0,0,0,0,0,0,0,0,0,0,0,0,0,0,0,0,0,0,0,0,0,0.774,0.775,0.776,0.776,0.778,0.78,0,0,0,0,0,0,1.164,1.162,1.162,1.16,1.16,1.157,1.155,1.151,1.149,1.149,1.151,1.151,1.155,1.16,1.162,1.164,1.168,1.173,1.175,1.18,0,0,0,0,0,0,0,0,0,0,0,0,0,0
0,0,0,0,0,0,0,0,0,0,0,0,0,0,0,0,0,0,0,0,0,0,0,0,0,0,0,0,0,0,0,0,0,0,0,0,0,0,0,0,0,0,0,0,0,0,0,0,0,0,0,0,0,0,0,0,0,0,0,0,0,0,0,0,0,0,0,0,0,0,0,0,0,0,0.293,0.293,0.293,0.293,0.292,0.292,0.292,0.292,0.292,0.292,0.292,0.292,0.292,0.292,0.292,0.292,0.292,0.292,0.292,0.292,0.293,0.292,0.292,0.293,0.292,0.292,0.292,0.292,0.292,0.292,0.292,0.292,0.292,0.292,0.292,0.292,0.292,0.292,0.292,0.292,0.292,0.293,0.293,0.293,0.293,0.293,0.293,0.293,0.293,0.292,0.292,0.293,0.292,0.292,0.292,0.292,0.291,0.291,0.291,0.291,0.291,0.291,0.291,0.291,0.29,0.291,0.291,0.29,0.29,0.29,0.29,0.291,0.291,0.291,0.291,0.291,0.292,0.292,0.292,0.292,0.292,0.293,0.293,0.293,0.293,0.293,0.292,0.292,0.292,0.292,0.292,0.292,0.291,0.291,0.291,0.29,0.29,0.29,0.29,0.29,0.289,0.289,0.289,0.289,0.289,0.289,0.289,0.289,0.289,0.289,0.289,0.289,0.289,0.289,0.289,0.289,0.289,0.289,0.289,0.289,0.289,0.289,0.289,0.289,0.289,0.289,0.289,0.289,0.289,0.289,0.289,0.29,0.29,0.29,0.29,0.291,0.291,0.291,0.291,0.291,0.291,0.291,0.291,0.291,0.291,0.29,0.29,0.289,0.289,0.288,0.288,0.287,0.287,0.287,0.287,0.287,0.286,0.286,0.286,0.286,0.287,0.287,0.287,0.287,0.287,0.287,0.287,0.287,0.287,0.287,0.287,0.287,0.287,0.287,0.288,0.288,0.288,0.288,0.287,0.287,0.287,0.287,0.287,0.288,0.288,0.288,0.288,0.288,0.288,0.288,0.288,0.288,0.288,0.288,0.288,0.287,0.287,0.287,0.287,0.287,0.287,0.287,0.287,0.287,0.288,0.288,0.287,0.287,0.287,0.287,0,0,0.287,0.286,0.286,0.286,0.286,0.286,0.286,0.285,0.285,0.285,0.284,0.284,0.284,0.284,0.284,0.284,0.284,0.284,0.283,0.283,0.283,0.283,0.283,0.283,0.282,0.282,0.282,0.283,0.283,0.283,0.283,0.282,0.283,0.283,0.283,0.283,0.282,0.282,0.282,0.282,0.283,0.283,0.283,0.283,0.282,0.282,0.282,0.282,0.282,0.282,0.282,0.282,0.282,0.282,0.282,0.282,0.282,0.282,0.282,0.282,0.282,0.282,0.282,0.282,0.282,0.283,0.283,0.283,0.283,0.283,0.283,0.283,0.283,0.282,0.282,0.282,0.282,0.282,0.282,0.282,0.282,0.282,0.282,0.282,0.281,0.281,0.281,0.282,0.282,0.281,0.281,0.281,0.281,0.281,0.281,0.281,0.281,0.281,0.281,0.281,0.281,0.281,0.281,0.281,0.281,0.281,0.281,0.28,0.28,0.28,0.28,0.28,0.28,0.28,0.281,0.281,0.281,0.281,0.281,0.282,0.281,0,0.281,0.28,0.28,0.28,0.28,0.279,0.279,0.279,0,0,0,0,0,0,0,0,0,0,0,0,0,0,0,0,0,0,0,0,0,0,0,0,0,0,0,0,0,0,0.289,0.29,0.292,0,0,0.294,0.295,0.296,0.297,0.297,0.298,0.299,0.299,0.3,0.3,0,0,0,0,0,1.2,0,1.2,1.203,1.203,1.203,1.203,1.203,1.203,1.203,1.203,1.203,1.203,1.203,1.2,1.198,1.198,1.196,1.193,1.191,1.189,1.186,1.184,1.182,1.182,1.182,1.182,1.18,1.18,1.18,1.18,1.182,1.182,1.182,1.182,1.184,1.186,1.186,1.189,1.191,1.191,1.193,1.193,1.196,1.193,1.196,1.196,1.196,1.198,1.196,0,0,0,0,0,0,0,0,0,0,0,0,0,0,0,0,0,0,0,0,0,0,0,0,0,0,0,0,0,0,0,0,0,0.445,0.445,0.445,0.445,0.445,0.445,0.445,0,0,0,1.166,1.168,1.171,0,1.18,1.182,1.193,1.198,0,0,0,0,0,0,0,0,0,0,0,0,0,0,0,0,0,0,0,0,0,0,0,0,0,0,0,0,0.777,0.777,0.777,0.78,0.781,0,0,0,0,0,0,1.164,1.162,1.16,1.157,1.157,1.155,1.153,1.151,1.149,1.149,1.149,1.151,1.155,1.16,1.16,1.164,1.168,1.173,1.177,1.18,0,0,0,0,0,0,0,0,0,0,0,0,0,0
0,0,0,0,0,0,0,0,0,0,0,0,0,0,0,0,0,0,0,0,0,0,0,0,0,0,0,0,0,0,0,0,0,0,0,0,0,0,0,0,0,0,0,0,0,0,0,0,0,0,0,0,0,0,0,0,0,0,0,0,0,0,0,0,0,0,0,0,0,0,0,0,0,0,0,0.292,0.292,0.291,0.291,0.291,0.291,0.291,0.291,0.291,0.291,0.291,0.291,0.291,0.291,0.291,0.291,0.291,0.291,0.291,0.291,0.291,0,0.291,0.291,0.291,0.291,0.291,0.291,0.291,0.291,0.291,0.291,0.291,0.291,0.291,0.291,0.291,0.292,0.292,0.292,0.292,0.292,0.292,0.292,0.292,0.292,0.292,0.292,0.292,0.291,0.291,0.291,0.291,0.291,0.291,0.291,0.29,0.29,0.29,0.29,0.29,0.29,0.289,0.289,0.289,0.289,0.289,0.289,0.289,0.289,0.289,0.289,0.29,0.29,0.29,0.29,0.291,0.291,0.291,0.291,0.292,0.292,0.292,0.292,0.292,0.292,0.291,0.291,0.291,0.29,0.29,0.29,0.289,0.289,0.289,0.289,0.289,0.289,0.288,0.288,0.288,0.288,0.288,0.288,0.288,0.288,0.288,0.288,0.288,0.288,0.288,0.288,0.288,0.288,0.288,0.288,0.288,0.288,0.288,0.288,0.288,0.288,0.288,0.288,0.288,0.288,0.288,0.288,0.289,0.289,0.289,0.289,0.289,0.29,0.29,0.29,0.29,0.291,0.29,0.29,0.29,0.29,0.29,0.289,0.289,0.289,0.288,0.288,0.287,0.287,0.287,0.286,0.286,0.286,0.286,0.286,0.285,0.285,0.285,0.285,0.286,0.286,0.286,0.286,0.286,0.286,0.286,0.286,0.286,0.286,0.286,0.286,0.286,0.287,0.287,0.287,0.287,0.286,0.286,0.286,0.286,0.287,0.287,0.287,0.287,0.287,0.287,0.286,0.287,0.286,0.286,0,0,0.286,0.286,0.286,0.286,0.286,0.286,0.286,0.286,0.286,0.286,0.286,0.286,0.286,0.286,0.286,0.286,0,0,0.285,0.285,0.285,0.285,0.285,0.285,0.284,0.284,0.284,0.283,0.283,0.283,0.283,0.283,0.283,0.283,0.283,0.282,0.282,0.282,0.282,0.282,0.282,0.282,0.281,0.281,0.281,0.282,0.282,0.282,0.282,0.282,0.282,0.282,0.282,0.282,0.282,0.282,0.282,0.282,0.282,0.282,0.281,0.281,0.281,0.281,0.281,0.281,0.281,0.281,0.281,0,0.281,0.281,0.281,0.281,0.281,0.281,0.281,0.281,0.281,0.281,0.281,0.281,0.281,0.281,0.282,0.281,0.281,0.282,0.282,0.282,0.282,0.282,0.281,0.281,0.281,0.281,0.281,0.281,0.281,0.281,0.281,0.281,0.281,0.281,0.281,0.281,0.281,0.281,0.281,0.281,0.28,0.28,0.28,0.28,0.28,0.28,0.28,0.28,0.28,0.28,0.28,0.28,0.28,0.28,0.28,0.28,0.279,0.279,0.279,0.279,0.28,0.279,0.28,0.28,0.28,0.28,0.281,0.281,0.28,0.28,0.28,0.28,0.279,0.279,0.279,0.279,0.279,0.279,0.279,0,0,0,0,0,0,0,0,0,0,0,0,0,0,0,0,0,0,0,0,0,0,0,0,0,0,0,0.285,0,0,0.29,0,0,0.294,0.295,0.295,0.296,0.297,0.297,0.298,0.299,0.299,0.3,0,0,0,0,0,0,1.198,1.198,1.198,1.198,1.2,1.2,1.2,1.2,1.2,1.2,1.2,1.2,1.198,1.198,1.196,1.196,1.193,1.191,1.191,1.186,1.184,1.184,1.18,1.177,1.18,1.177,1.177,1.177,1.177,1.177,1.177,1.177,1.177,1.177,1.177,1.177,1.18,1.18,1.18,1.182,1.182,1.184,1.184,1.186,1.184,1.186,1.189,1.189,1.189,1.189,1.189,0,0,0,0,0,0,0,0,0,0,0,0,0,0,0,0,0,0,0,0,0,0,0,0,0,0,0,0,0,0,0,0,0.445,0.445,0.445,0.445,0.445,0.445,0.446,0,0,0,1.162,1.164,1.166,1.171,1.18,1.186,1.203,1.21,1.212,0,0,0,0,0,0,0,0,0,0,0,0,0,0,0,0,0,0,0,0,0,0,0,0,0,0,0,0.78,0.78,0.78,0.782,0.783,0,0,0,0,0,0,1.164,1.162,1.16,1.157,1.157,1.155,1.153,1.149,1.147,1.147,1.149,1.151,1.155,1.16,1.162,1.164,1.171,1.175,1.177,1.18,0,0,0,0,0,0,0,0,0,0,0,0,0,0
0,0,0,0,0,0,0,0,0,0,0,0,0,0,0,0,0,0,0,0,0,0,0,0,0,0,0,0,0,0,0,0,0,0,0,0,0,0,0,0,0,0,0,0,0,0,0,0,0,0,0,0,0,0,0,0,0,0,0,0,0,0,0,0,0,0,0,0,0,0,0,0,0,0,0,0.29,0.29,0.29,0.29,0.29,0.29,0.29,0.29,0.29,0.29,0.29,0.29,0.29,0.29,0.29,0.29,0.29,0.29,0.29,0,0,0.29,0.29,0.29,0.29,0.29,0.29,0.29,0.29,0.29,0.29,0.29,0.29,0.29,0.29,0.29,0.29,0.291,0.291,0.291,0.291,0.291,0.291,0.291,0.291,0,0,0.291,0.29,0.29,0.29,0.29,0.29,0.29,0.29,0.29,0.29,0.29,0.29,0.289,0.289,0.289,0.289,0.289,0.288,0.288,0.288,0.288,0.288,0.288,0.288,0.288,0.289,0.289,0.289,0.289,0.29,0.29,0.29,0.29,0.291,0.291,0.291,0.291,0.291,0.29,0.29,0.29,0.29,0.289,0.289,0.289,0.288,0.288,0.288,0.288,0.288,0.287,0.287,0.287,0.287,0.287,0.287,0.287,0.287,0.287,0.287,0.287,0.287,0.287,0.287,0.287,0.288,0.288,0.288,0.288,0.288,0.288,0.288,0.288,0.288,0.287,0.287,0.287,0.287,0.287,0.287,0.287,0.288,0.288,0.288,0.288,0.288,0.289,0.289,0.289,0.289,0.289,0.289,0.289,0.289,0.289,0.289,0.288,0.288,0.287,0.287,0.287,0.286,0,0.285,0.285,0.285,0.285,0.285,0.285,0.284,0.285,0.285,0.285,0.285,0.285,0.285,0.285,0.285,0.285,0.285,0.285,0.285,0.285,0.285,0.285,0.285,0.285,0.285,0.285,0.285,0.285,0.285,0.285,0.285,0.285,0.285,0.285,0.285,0.285,0.285,0.285,0.285,0.285,0.285,0.285,0,0.285,0.285,0.284,0.285,0.285,0.285,0.285,0.285,0.285,0.285,0.285,0.285,0.285,0.285,0.285,0.285,0.284,0.284,0.284,0.284,0.284,0.283,0.284,0.283,0.283,0.283,0.283,0.282,0.282,0.282,0.282,0.282,0.282,0.282,0.282,0.281,0.281,0.281,0.281,0.281,0.281,0.281,0.28,0.28,0.28,0.281,0.281,0.281,0.281,0.281,0.281,0.281,0.281,0.281,0.281,0.281,0.281,0.281,0.281,0.281,0.281,0,0.28,0.28,0.28,0.28,0.28,0.28,0.28,0.28,0.28,0.28,0.28,0.28,0.28,0.28,0.28,0.28,0.28,0.28,0.28,0.28,0.28,0.28,0.28,0.28,0.28,0,0.28,0.281,0.28,0.28,0.28,0.28,0.28,0.28,0.28,0.28,0.28,0.28,0.28,0.28,0.28,0.28,0.28,0.28,0.28,0.28,0.28,0.28,0.28,0.28,0.28,0.28,0.279,0.28,0.279,0.279,0.279,0,0,0.279,0.279,0,0.279,0.279,0.279,0.279,0.279,0.279,0.279,0.279,0.279,0.279,0.279,0.28,0.28,0.28,0.28,0.28,0.279,0,0.279,0.279,0.279,0.278,0.279,0,0,0,0,0,0,0,0,0,0,0,0,0,0,0,0,0,0,0,0,0,0,0,0,0,0,0,0,0,0,0,0.289,0.291,0.293,0.294,0.294,0.295,0.295,0.296,0.297,0.297,0.298,0.298,0.299,0,0,0,0,0,0,1.191,1.193,1.193,1.196,1.196,1.196,1.196,1.196,1.196,1.196,1.196,1.196,1.196,1.196,1.196,1.193,1.193,1.191,1.189,1.186,1.184,1.182,1.18,1.177,1.177,1.177,1.177,1.175,1.177,1.175,1.175,1.175,1.175,1.175,1.175,1.175,1.175,1.175,1.175,1.175,1.177,1.177,1.177,1.177,1.18,1.177,1.18,1.18,1.18,1.182,1.184,1.184,0,0,0,0,0,0,0,0,0,0,0,0,0,0,0,0,0,0,0,0,0,0,0,0,0,0,0,0,0,0,0,0,0.446,0.446,0.446,0.446,0.446,0.446,0.446,0,0,1.166,1.173,1.173,0,1.184,1.196,1.21,1.224,0,0,0,0,0,0,0,0,0,0,0,0,0,0,0,0,0,0,0,0,0,0,0,0,0,0,0,0,0,0.782,0.782,0.783,0.783,0.784,0.785,0.786,0,0,0,0,0,1.162,1.162,1.157,1.157,1.155,1.153,1.149,1.147,1.147,1.149,1.151,1.155,1.16,1.164,1.166,1.171,1.175,1.177,1.18,0,0,0,0,0,0,0,0,0,0,0,0,0,0
0,0,0,0,0,0,0,0,0,0,0,0,0,0,0,0,0,0,0,0,0,0,0,0,0,0,0,0,0,0,0,0,0,0,0,0,0,0,0,0,0,0,0,0,0,0,0,0,0,0,0,0,0,0,0,0,0,0,0,0,0,0,0,0,0,0,0,0,0,0,0,0,0,0,0,0,0,0.289,0.289,0.288,0.289,0.289,0.289,0.289,0.289,0.289,0.289,0.289,0.289,0.289,0.289,0.289,0.289,0.289,0.289,0.289,0.289,0.289,0.289,0.289,0.289,0.289,0.289,0.289,0.289,0.289,0.289,0.289,0.289,0.289,0.289,0.289,0.29,0.29,0.29,0.29,0.29,0.29,0.29,0.29,0.289,0.289,0.289,0.289,0.289,0.289,0.289,0.289,0.289,0.289,0.289,0.289,0.289,0.289,0.289,0.288,0.288,0.288,0.288,0.287,0.287,0.287,0.287,0.287,0.287,0.287,0.287,0.287,0.288,0.288,0.288,0.289,0.289,0.289,0.289,0.289,0.289,0.289,0.289,0.289,0.289,0.289,0.289,0.289,0.288,0.288,0.288,0.287,0.287,0.287,0.287,0.287,0.286,0.286,0.286,0.286,0.286,0.286,0.286,0.286,0.286,0.286,0.286,0.286,0.286,0.286,0.287,0.287,0.287,0.287,0.287,0.287,0.287,0.287,0.287,0.287,0.287,0.287,0.287,0.287,0.287,0.287,0.287,0.287,0.287,0.287,0.287,0.287,0.287,0.287,0.288,0.288,0.288,0.288,0.288,0.288,0.288,0.287,0.287,0.287,0.286,0.286,0.286,0.285,0.285,0.284,0.284,0.284,0.284,0.284,0.284,0.283,0.284,0.284,0.284,0.284,0.284,0.284,0.284,0.284,0.284,0.284,0.284,0.284,0.284,0.284,0.284,0.284,0,0.284,0.284,0.284,0.284,0.284,0.284,0.284,0.284,0.284,0.284,0.284,0.284,0.284,0.284,0.284,0.283,0.283,0.283,0.283,0.283,0.283,0.283,0.283,0.284,0.284,0.284,0.284,0.284,0.284,0.284,0.284,0.284,0.284,0.284,0.283,0.283,0.283,0.283,0.283,0.283,0.282,0.282,0.282,0.282,0.282,0.281,0.281,0.281,0.281,0.281,0.28,0.28,0.281,0.28,0.28,0.28,0.28,0.28,0.28,0.28,0.28,0.279,0.279,0.28,0.28,0.28,0.28,0.28,0.28,0.28,0.28,0.28,0.28,0.28,0.28,0.28,0.28,0.28,0.28,0.28,0.279,0.279,0.279,0.279,0.279,0.279,0.279,0.279,0.279,0.279,0.279,0.279,0.279,0.279,0.279,0.279,0.279,0.279,0.279,0.279,0.279,0.279,0.279,0.279,0.279,0.279,0.279,0,0.279,0.279,0.279,0.279,0.279,0.279,0.279,0.279,0.279,0.279,0.279,0.279,0.279,0.279,0.279,0.279,0.279,0.279,0.279,0.279,0.279,0.279,0.279,0.279,0.279,0.279,0.279,0.279,0.279,0.279,0.279,0.279,0.278,0.278,0,0.278,0.278,0.278,0.278,0.278,0.278,0.278,0.278,0.278,0.279,0.279,0.279,0,0,0.279,0.279,0.279,0.278,0.278,0.278,0.278,0.278,0,0.278,0,0,0.277,0,0,0,0,0,0,0,0,0,0,0,0,0,0,0,0,0,0,0,0,0,0,0,0,0,0,0,0,0.291,0.293,0.294,0.294,0.295,0.295,0.296,0.296,0.297,0.297,0.298,0,0,0,0,0,0,0,0,1.191,1.191,1.191,1.191,1.191,1.191,1.193,1.193,1.193,1.193,1.193,1.193,1.193,1.191,1.191,1.191,1.186,1.186,1.184,1.182,1.18,1.18,1.175,1.175,1.175,1.175,1.175,1.175,1.175,1.175,1.173,1.175,1.173,1.173,1.171,1.173,1.171,1.171,1.171,1.171,1.171,1.171,1.168,1.173,1.171,1.173,1.175,1.175,1.175,1.175,0,0,0,0,0,0,0,0,0,0,0,0,0,0,0,0,0,0,0,0,0,0,0,0,0,0,0,0,0,0,0,0,0,0.446,0.446,0.446,0.446,0.446,0.446,0.446,0,0,1.189,1.196,0,1.2,0,1.227,1.244,1.265,0,0,0,0,0,0,0,0,0,0,0,0,0,0,0,0,0,0,0,0,0,0,0,0,0,0,0,0,0,0,0,0,0,0,0,0,0,0,0,0,0,1.164,1.162,1.16,1.157,1.157,1.153,1.149,1.147,1.147,1.149,1.151,1.155,1.16,1.162,1.164,1.171,1.175,1.18,1.18,1.182,0,0,0,0,0,0,0,0,0,0,0,0,0
0,0,0,0,0,0,0,0,0,0,0,0,0,0,0,0,0,0,0,0,0,0,0,0,0,0,0,0,0,0,0,0,0,0,0,0,0,0,0,0,0,0,0,0,0,0,0,0,0,0,0,0,0,0,0,0,0,0,0,0,0,0,0,0,0,0,0,0,0,0,0,0,0,0,0,0.287,0.287,0.287,0.287,0.287,0.288,0.288,0.288,0.288,0.288,0.288,0.288,0.288,0.288,0.288,0.288,0.288,0.288,0.288,0.288,0.288,0.288,0.288,0.288,0.287,0.288,0.288,0.288,0.288,0.288,0.288,0.288,0.288,0.288,0.288,0.288,0.288,0.288,0.289,0.289,0.289,0.289,0.289,0.289,0.288,0.288,0.288,0.288,0.288,0.288,0.288,0.288,0.288,0.288,0.288,0.288,0.288,0.288,0.288,0.288,0.287,0.287,0.287,0.287,0.287,0.286,0.286,0.286,0.286,0.286,0.286,0.286,0.287,0.287,0.287,0.287,0.287,0.288,0.288,0.288,0.288,0.288,0.288,0.288,0.288,0.288,0.288,0.288,0.287,0.287,0.287,0.287,0.286,0.286,0.286,0.286,0.286,0.285,0.285,0.285,0.285,0.285,0.285,0.285,0.285,0.285,0.285,0.285,0.285,0.285,0.286,0.286,0.286,0.286,0.286,0.286,0.287,0.286,0.286,0.286,0.286,0.286,0.286,0.286,0.286,0.286,0.286,0.286,0.286,0.286,0.286,0.286,0.286,0.286,0,0.286,0.286,0.287,0.286,0.286,0.286,0.286,0,0.286,0.285,0.285,0.285,0.285,0.284,0.284,0.283,0.283,0.283,0.283,0.283,0.283,0.283,0.283,0.283,0.283,0.283,0.283,0.283,0.283,0.283,0.283,0.283,0.284,0.284,0.283,0.283,0.283,0.283,0.283,0.283,0.283,0.283,0.283,0.283,0.283,0.284,0.283,0.283,0.283,0.283,0.283,0.283,0.283,0.283,0.282,0.282,0.282,0.282,0.282,0.282,0.282,0.282,0.282,0.282,0.283,0.283,0.283,0.283,0.283,0.283,0.282,0.282,0.282,0.282,0.282,0.282,0.282,0.282,0.281,0.281,0.281,0.281,0.281,0.28,0.28,0.28,0.28,0.28,0.279,0.279,0.279,0.279,0.279,0.279,0.279,0.279,0.279,0.279,0.279,0.279,0.279,0.279,0.279,0.279,0.279,0.279,0.279,0.279,0.279,0.279,0.279,0.279,0.279,0.279,0.279,0.279,0.279,0.279,0.279,0.278,0.278,0.278,0.278,0.278,0.278,0.278,0.278,0.278,0.277,0.278,0.278,0.278,0.278,0.278,0.278,0.278,0.278,0.278,0.278,0.278,0.278,0.278,0.278,0.278,0.278,0,0,0.278,0.278,0.278,0.278,0.278,0.278,0.278,0.278,0.278,0.278,0.278,0.278,0.278,0.278,0.278,0.278,0.278,0.278,0.278,0.278,0.278,0.278,0.278,0.278,0.278,0.278,0.278,0.278,0.278,0.278,0.278,0.278,0.278,0.278,0.278,0.278,0.278,0.278,0.278,0.278,0.278,0.278,0.278,0.278,0.278,0.278,0,0,0,0.278,0.278,0.278,0.278,0.278,0.278,0.278,0.277,0.277,0.277,0,0.277,0.277,0.276,0.276,0.276,0.276,0,0,0,0,0,0,0,0,0,0,0,0,0,0,0,0,0,0,0,0,0.283,0,0,0,0,0,0.293,0.294,0.294,0.295,0.295,0.296,0.296,0.296,0,0,0,0,0,0,0,0,1.189,1.189,1.189,1.189,1.189,1.191,1.191,1.191,1.191,1.191,1.191,1.191,1.191,1.189,1.189,1.189,1.186,1.186,1.186,1.182,1.182,1.18,1.177,1.175,1.175,1.173,1.173,1.173,1.173,1.173,1.173,1.173,1.173,1.171,1.171,1.168,1.168,1.168,1.166,1.166,1.164,1.164,1.166,1.164,1.166,1.166,1.166,1.168,1.168,1.171,1.168,0,0,0,0,0,0,0,0,0,0,0,0,0,0,0,0,0,0,0,0,0,0,0,0,0,0,0,0,0,0,0,0,0,0.446,0.446,0.446,0.446,0.446,0.446,0,0,0,1.219,0,1.227,1.232,1.239,1.254,1.272,1.288,1.299,1.305,0,1.342,0,0,0,0,0,0,0,0,0,0,0,0,0,0,0,0,0,0,0,0,0,0,0,0,0.782,0.782,0.783,0.783,0.785,0.785,0.784,0.785,0.785,0.787,0.79,0,0,0,0,0,0,0,0,1.149,1.147,1.147,1.149,1.151,1.155,1.157,1.162,1.166,1.171,0,0,0,0,0,0,0,1.186,0,0,0,0,0,0,0,0,0
0,0,0,0,0,0,0,0,0,0,0,0,0,0,0,0,0,0,0,0,0,0,0,0,0,0,0,0,0,0,0,0,0,0,0,0,0,0,0,0,0,0,0,0,0,0,0,0,0,0,0,0,0,0,0,0,0,0,0,0,0,0,0,0,0,0,0,0,0,0,0,0,0,0.286,0.286,0.286,0.286,0.286,0.286,0.286,0.286,0.287,0.287,0.287,0.287,0.287,0.287,0.287,0.287,0.287,0.287,0.287,0.287,0.287,0.287,0.287,0.287,0.287,0.287,0.287,0.287,0.287,0.287,0.287,0.287,0.287,0.287,0.287,0.287,0.287,0.287,0.287,0.287,0.287,0.287,0.287,0.287,0.287,0.287,0.287,0.287,0.287,0.287,0.287,0.287,0.287,0.287,0.287,0.287,0.287,0.287,0.287,0.287,0.287,0.287,0.286,0.286,0.286,0.286,0.286,0.285,0.285,0.285,0.285,0.285,0.285,0.285,0.285,0.286,0.286,0.286,0.286,0.286,0.287,0.287,0.287,0.287,0.287,0.287,0.287,0.287,0.287,0.286,0.286,0,0.286,0.286,0.285,0.285,0.285,0.285,0.285,0.284,0.284,0.284,0.284,0.284,0.284,0.284,0.284,0.284,0.284,0.284,0.284,0.285,0.285,0.285,0.285,0.285,0.286,0.286,0.286,0.286,0.286,0.286,0.285,0.285,0.285,0.285,0.285,0.285,0.285,0.285,0.285,0.285,0.285,0.285,0.285,0,0,0.285,0.285,0.285,0.285,0.285,0.285,0,0.285,0.284,0.284,0.284,0.283,0.283,0.283,0.283,0.282,0.282,0.282,0.282,0.282,0.282,0.282,0.282,0.282,0.282,0.282,0.282,0.282,0.282,0.282,0.282,0.283,0.283,0.283,0.283,0.282,0.283,0.283,0.283,0.283,0.283,0.283,0.283,0.283,0.283,0.283,0.282,0.282,0.282,0.282,0,0.282,0.282,0.281,0.281,0.281,0.281,0.281,0.281,0.281,0.281,0.281,0.281,0.281,0.281,0.281,0.281,0.281,0.281,0.281,0.281,0.281,0.281,0.281,0.281,0.281,0.281,0.281,0.28,0.28,0.28,0.28,0.28,0.279,0.279,0.279,0.279,0.279,0.279,0.279,0.279,0.278,0.278,0.278,0.278,0.278,0.278,0.278,0.278,0.278,0.278,0.278,0.278,0.278,0.278,0.278,0.278,0.278,0.278,0.278,0.278,0.278,0.278,0.278,0,0.277,0.277,0.277,0.277,0.277,0.277,0.277,0.277,0.276,0.277,0.277,0.277,0.277,0.276,0.277,0.277,0.277,0.277,0.277,0.277,0.277,0.277,0.277,0.277,0.277,0.277,0.277,0.277,0.277,0.277,0.277,0.277,0.277,0.277,0.277,0.277,0.277,0,0.277,0.277,0.277,0.277,0.277,0.277,0.277,0.277,0.277,0.277,0.277,0.277,0.277,0.277,0.277,0.278,0.278,0.278,0.278,0.278,0.278,0.278,0.278,0.278,0.278,0.278,0.277,0.277,0.277,0.277,0.277,0.277,0.277,0.277,0.277,0.277,0.277,0.277,0.277,0.277,0.277,0,0,0.277,0.277,0.277,0.277,0.277,0.277,0.277,0.277,0.276,0.276,0.276,0.276,0.276,0.276,0.275,0.275,0.275,0.275,0,0,0,0,0,0,0,0,0,0,0,0,0,0,0,0,0,0,0,0.284,0,0,0,0,0.292,0.293,0.294,0.294,0.294,0.295,0.295,0.295,0,0,0,0,0,0,0,0,1.186,1.186,1.186,1.186,1.186,1.186,1.186,1.186,1.186,1.189,1.186,1.186,1.189,1.189,1.189,1.186,1.186,1.186,1.184,1.184,1.182,1.182,1.177,1.177,1.175,1.175,1.173,1.173,1.173,1.173,1.171,1.171,1.171,1.171,1.168,1.168,1.166,1.164,1.164,1.162,1.16,1.162,1.16,1.16,1.16,1.16,1.16,1.162,1.164,1.164,1.164,0,0,0,0,0,0,0,0,0,0,0,0,0,0,0,0,0,0,0,0,0,0,0,0,0,0,0,0,0,0,0,0,0,0,0.447,0.447,0.447,0.447,0.446,0.446,0,0,0,1.244,1.247,0,0,1.259,0,0,0,0,1.313,1.327,0,0,0,0,0,0,0,0,0,0,0,0,0,0,0,0,0,0,0,0,0,0,0,0,0,0,0,0.784,0.783,0.784,0.784,0.784,0.785,0.785,0.787,0,0,0,0,0,0,0,0,0,0,0,0,0,0,0,0,0,1.164,1.171,0,0,0,0,0,0,0,0,0,0,0,0,0,0,0,0,0
0,0,0,0,0,0,0,0,0,0,0,0,0,0,0,0,0,0,0,0,0,0,0,0,0,0,0,0,0,0,0,0,0,0,0,0,0,0,0,0,0,0,0,0,0,0,0,0,0,0,0,0,0,0,0,0,0,0,0,0,0,0,0,0,0,0,0,0,0,0,0,0,0,0,0.285,0.285,0.285,0.285,0.285,0.285,0.285,0.285,0.286,0.286,0.286,0.286,0.286,0.286,0.286,0.286,0.286,0.286,0.286,0.286,0.286,0.286,0.286,0.286,0.286,0.286,0.286,0.286,0.286,0.286,0.286,0.286,0.286,0.286,0.286,0.286,0.286,0.286,0.286,0.286,0.286,0.286,0.286,0.286,0.286,0.286,0.286,0.286,0.286,0.286,0.286,0.286,0.286,0.286,0.286,0.286,0.286,0.286,0.286,0.286,0.285,0.285,0.285,0.285,0.285,0.285,0.285,0.285,0.285,0.285,0.285,0.285,0.285,0.285,0.285,0.285,0.285,0.285,0.285,0.285,0,0.286,0.286,0.286,0.286,0.285,0.285,0.285,0.285,0.285,0.285,0.285,0.284,0.284,0.284,0.284,0.284,0.284,0.283,0.283,0.283,0.283,0.283,0.283,0.283,0.283,0.283,0.283,0.283,0.283,0.284,0.284,0.284,0.284,0.285,0.285,0.285,0.285,0.285,0.285,0.285,0.285,0.285,0.284,0.284,0.284,0.284,0.284,0.284,0.284,0.284,0.284,0.284,0.284,0.284,0.284,0.284,0.284,0.284,0.283,0.283,0,0,0.283,0.283,0.283,0.282,0.282,0.282,0.282,0.281,0.281,0.281,0.281,0.281,0.281,0.281,0.281,0.281,0.281,0.281,0.281,0.281,0.281,0.281,0.282,0.282,0.282,0.282,0.282,0.282,0.282,0.282,0.282,0.282,0.282,0.282,0.282,0.282,0.282,0.282,0.282,0.282,0.281,0.281,0.281,0,0.281,0.28,0.28,0.28,0.28,0.28,0.28,0.28,0.28,0.28,0,0.28,0.28,0.28,0.28,0.28,0.28,0.28,0.28,0.28,0.28,0.28,0.28,0.28,0.28,0.28,0.28,0.279,0.279,0.279,0.279,0.279,0.278,0.278,0.278,0.278,0.278,0.278,0.278,0.278,0.278,0.278,0.278,0.278,0.277,0.277,0.277,0.277,0.277,0.277,0.277,0.277,0.277,0.277,0.277,0.277,0.277,0.277,0.277,0.277,0.277,0.277,0,0,0.276,0.276,0.276,0.276,0.276,0.276,0.276,0.276,0.276,0.276,0.276,0.276,0.276,0.276,0.276,0.276,0.276,0.276,0.276,0.276,0.276,0.276,0.276,0.276,0.276,0.276,0.276,0.276,0.276,0.276,0.276,0.276,0.276,0.276,0.276,0.276,0,0,0.276,0.276,0.276,0.276,0.276,0.276,0.276,0.276,0.276,0.276,0.276,0.276,0.276,0.276,0.276,0.277,0.277,0.277,0.277,0.277,0.277,0.277,0.277,0.277,0.277,0.277,0.276,0.276,0.276,0.276,0.276,0.276,0.276,0.277,0.276,0.276,0.276,0.276,0.276,0.276,0.276,0,0,0.276,0.276,0.276,0.276,0.276,0.276,0.276,0.276,0.276,0.276,0.275,0.275,0.275,0.275,0.275,0.275,0.275,0.274,0.274,0,0,0,0,0,0,0,0,0,0,0,0,0,0,0,0,0,0,0,0.287,0,0,0.29,0.292,0.292,0.293,0.294,0.294,0.294,0.294,0,0,0,0,0,0,0,0,0,1.184,1.184,1.184,1.184,1.184,1.184,1.184,1.184,1.184,1.184,1.186,1.184,1.186,1.186,1.186,1.186,1.186,1.186,1.184,1.184,1.182,1.18,1.177,1.177,1.175,1.173,1.173,1.171,1.171,1.171,1.171,1.171,1.168,1.168,1.166,1.164,1.164,1.162,1.16,1.157,1.157,1.155,1.155,1.155,1.155,1.155,1.155,1.155,1.16,0,0,0,0,0,0,0,0,0,0,0,0,0,0,0,0,0,0,0,0,0,1.073,1.056,0,0,0,0,0,0,0,0,0,0,0,0,0.447,0.447,0.447,0.447,0.447,0.447,0,0,0,0,0,1.267,1.265,1.267,1.275,1.286,1.299,1.308,1.313,1.316,1.327,0,0,0,0,0,0,0,0,0,0,0,0,0,0,0,0,0,0,0,0,0,0,0,0,0,0,0,0,0,0.783,0.784,0.784,0.785,0.785,0.787,0,0,0,0,0,0,0,0,0,0,0,0,0,0,0,0,0,0,0,0,0,0,0,0,0,0,0,0,0,0,0,0,0,0,0,0
0,0,0,0,0,0,0,0,0,0,0,0,0,0,0,0,0,0,0,0,0,0,0,0,0,0,0,0,0,0,0,0,0,0,0,0,0,0,0,0,0,0,0,0,0,0,0,0,0,0,0,0,0,0,0,0,0,0,0,0,0,0,0,0,0,0,0,0,0,0,0,0,0,0,0.285,0.285,0.285,0.285,0.285,0.285,0.285,0.285,0.285,0.285,0.285,0.285,0.285,0.285,0.285,0.285,0.285,0.285,0.285,0.285,0.285,0.285,0.285,0.285,0.285,0.285,0.285,0.285,0.285,0.285,0.285,0.285,0.285,0.285,0.285,0.285,0.285,0.285,0.285,0.285,0.285,0.285,0.285,0.285,0.285,0.285,0.285,0.285,0.285,0.285,0.285,0.285,0.285,0.285,0.285,0.285,0.285,0.285,0.285,0.285,0.284,0.284,0.284,0.284,0.284,0.284,0.283,0.284,0.284,0.284,0.284,0.284,0.283,0.283,0.284,0.284,0.284,0.284,0.284,0.284,0.284,0.284,0.284,0.284,0.284,0.284,0.284,0.284,0.284,0.284,0.283,0.283,0.283,0.283,0.283,0.283,0.283,0.283,0.283,0.282,0.282,0.282,0.282,0.282,0.282,0.282,0.282,0.282,0.282,0.282,0.283,0.283,0.283,0.284,0.284,0.284,0.284,0.284,0.284,0.284,0.284,0.283,0.283,0.283,0.283,0.283,0.283,0.283,0.283,0.283,0.283,0.283,0.283,0.283,0.283,0.283,0.283,0.282,0.282,0.282,0.282,0.282,0.282,0.282,0.281,0.281,0.281,0.281,0.281,0.28,0.28,0.28,0.28,0.28,0.28,0.28,0.28,0.28,0.28,0.28,0.28,0.28,0.28,0.28,0.28,0.281,0.281,0,0.281,0.281,0.281,0.281,0.281,0.281,0.281,0.281,0.281,0.281,0.281,0.281,0.281,0.281,0.281,0.28,0.28,0.28,0.28,0.28,0.28,0.279,0.279,0.279,0.279,0.279,0.279,0.279,0.279,0,0,0.279,0.279,0.279,0.279,0.279,0.279,0.279,0.279,0.279,0.279,0.279,0.279,0.279,0.279,0.279,0,0.278,0.278,0.278,0.278,0.278,0.277,0.277,0.277,0.277,0.277,0.277,0.277,0.277,0.277,0.277,0.277,0.277,0.277,0.277,0.276,0.277,0.276,0.276,0.276,0.276,0.276,0.276,0.276,0.276,0.276,0.276,0.276,0.276,0.276,0,0,0.275,0.275,0.275,0.275,0.275,0.275,0.275,0.275,0.275,0.275,0.275,0.275,0.275,0.275,0.275,0.275,0.275,0.275,0.275,0.275,0.275,0.276,0.276,0.276,0.276,0.276,0.276,0.276,0.276,0.276,0.276,0.276,0.276,0.275,0.275,0.275,0.275,0.275,0.275,0.275,0.275,0.275,0.275,0.275,0.275,0.275,0.275,0.275,0.275,0.275,0.275,0.275,0.275,0.276,0.276,0.276,0.276,0.275,0.276,0.275,0.275,0.275,0.275,0.275,0.275,0.275,0.275,0.275,0.275,0.276,0.276,0.276,0.276,0.276,0.275,0.275,0.275,0.275,0.275,0.275,0.275,0.275,0.274,0.274,0.275,0.275,0.275,0.275,0.275,0.275,0.275,0.275,0.275,0.275,0.275,0.274,0.274,0.274,0.274,0,0,0,0,0,0,0,0,0,0,0,0,0,0,0,0,0,0,0,0,0.287,0.289,0.289,0.29,0.291,0.292,0.293,0.293,0.293,0.294,0.294,0,0,0,0,0,0,0,0,0,0,1.18,1.18,1.18,1.18,1.182,1.182,1.182,1.182,1.182,1.184,1.184,1.184,1.184,1.184,1.184,1.184,1.184,1.182,1.182,1.18,1.177,1.177,1.175,1.173,1.173,1.171,1.171,1.171,1.168,1.168,1.168,1.168,1.166,1.164,1.164,1.162,1.16,1.157,1.155,1.155,1.153,1.153,1.153,1.151,1.153,1.153,1.155,1.155,1.155,0,0,0,0,0,0,0,0,0,0,0,0,0,0,0,0,0,0,0,0,0,1.071,1.054,0,0,0,0,0,0,0,0,0,0,0,0.448,0.447,0.448,0.448,0.448,0.448,0,0,0,0,1.291,1.288,1.286,1.283,1.286,1.294,1.302,1.308,1.31,1.31,1.319,1.33,0,0,0,0,0,0,0,0,0,0,0,0,0,0,0,0,0,0,0,0,0,0,0,0,0,0,0,0,0,0.782,0.783,0.785,0.785,0,0,0,0,0,0,0,0,0,0,0,0,0,0,0,0,0,0,0,0,0,0,0,0,0,0,0,0,0,0,0,0,0,0,0,0,0
0,0,0,0,0,0,0,0,0,0,0,0,0,0,0,0,0,0,0,0,0,0,0,0,0,0,0,0,0,0,0,0,0,0,0,0,0,0,0,0,0,0,0,0,0,0,0,0,0,0,0,0,0,0,0,0,0,0,0,0,0,0,0,0,0,0,0,0,0,0,0,0,0,0,0,0.284,0.284,0.284,0.284,0.284,0.284,0.283,0.284,0.284,0.284,0.284,0.284,0.284,0.284,0.284,0.284,0.284,0.284,0.284,0.284,0.284,0.284,0.284,0.284,0.284,0.284,0.284,0.284,0.284,0.284,0.284,0.284,0.284,0.284,0.284,0.284,0.284,0.284,0.284,0.284,0.284,0.284,0.284,0.284,0.284,0.284,0.284,0.284,0.284,0.284,0.284,0.284,0.284,0.284,0.284,0.284,0.283,0.283,0.283,0.283,0.283,0.283,0.283,0.283,0.283,0.283,0.283,0.283,0.283,0.283,0.283,0.283,0.283,0.283,0.283,0.283,0.283,0.283,0.283,0.283,0.283,0.283,0.283,0.283,0.283,0.283,0.283,0.283,0.283,0.282,0.282,0.282,0.282,0.282,0.282,0.282,0.282,0.282,0.281,0.281,0.281,0.281,0.281,0.281,0.281,0.281,0.281,0.281,0.281,0.282,0.282,0.282,0.282,0.283,0.283,0.283,0.283,0.283,0.283,0.282,0.282,0.282,0,0,0.282,0.282,0.282,0.282,0.282,0.282,0.282,0.282,0.282,0.282,0.282,0.282,0.281,0.281,0.281,0.281,0.281,0.28,0.28,0.28,0.28,0.28,0.279,0.279,0.279,0.279,0.279,0.279,0.279,0.279,0.279,0.279,0.279,0.279,0.279,0.279,0.279,0.279,0.279,0.28,0.28,0.28,0.28,0.28,0.281,0.28,0.28,0.28,0.28,0.28,0.28,0.28,0.28,0.28,0.28,0.28,0.28,0.28,0.279,0.279,0.279,0.279,0.279,0.279,0.279,0.279,0.279,0.279,0.278,0.279,0.278,0.278,0.278,0,0.278,0.278,0.278,0.278,0.278,0.278,0.278,0.278,0.278,0.278,0.278,0.278,0.278,0.278,0.278,0.277,0.277,0.277,0.277,0.277,0.277,0.277,0.277,0.277,0.276,0.276,0.276,0.276,0.276,0.276,0.276,0.276,0.276,0.276,0.276,0.276,0.276,0.276,0.276,0.275,0.275,0.275,0.275,0.275,0.275,0.275,0.275,0.275,0.275,0.275,0.274,0.274,0.274,0.274,0.274,0.274,0.274,0.274,0.274,0.274,0.274,0.274,0.274,0.274,0.274,0.274,0.274,0.274,0.274,0.274,0.275,0.275,0.275,0.275,0.275,0.275,0.275,0.275,0.275,0.275,0.275,0.275,0.275,0.275,0.275,0.275,0.275,0.275,0.275,0.275,0.274,0.274,0.274,0.274,0.274,0.274,0.274,0.274,0.274,0.274,0.274,0.274,0.274,0.274,0.274,0.274,0.274,0.274,0.274,0,0,0,0,0.274,0,0,0.274,0.274,0,0,0.274,0.275,0.275,0.275,0.275,0.275,0.274,0.274,0.274,0.273,0.273,0.273,0.273,0.273,0.273,0.273,0.273,0.273,0.274,0.274,0.274,0.274,0.274,0.274,0.274,0.274,0.274,0.274,0.273,0.273,0.273,0.273,0,0,0,0,0,0,0,0,0,0,0,0,0,0,0,0,0,0,0,0.287,0.288,0.289,0.29,0.29,0.291,0.292,0.293,0.293,0.293,0.293,0.293,0.294,0,0,0,0,0,0,0,0,1.175,1.175,1.177,1.177,1.177,1.177,1.177,1.18,1.18,1.18,1.182,1.182,1.182,1.182,1.182,1.182,1.182,1.18,1.18,1.177,1.175,1.173,1.173,1.171,1.171,1.168,1.168,1.168,1.168,1.166,1.166,1.166,1.164,1.164,1.162,1.16,1.16,1.157,1.155,1.153,1.153,1.151,1.153,1.151,1.151,1.153,1.153,1.155,0,0,0,0,0,0,0,0,0,0,0,0,0,0,0,0,0,0,1.107,1.109,0,0,1.084,1.069,0,0,0,0,0,0,0,0,0,0,0,0.448,0.448,0.448,0.448,0.448,0.448,0.448,0,0,0,1.302,1.299,1.294,1.291,1.291,1.297,1.299,1.302,1.302,1.302,1.305,1.313,1.322,0,0,0,0,0,0,0,0,0,0,0,0,0,0,0,0,0,0,0,0,0,0,0,0,0,0,0,0,0,0,0,0,0,0,0,0,0,0,0,0,0,0,0,0,0,0,0,0,0,0,0,0,0,0,0,0,0,0,0,0,0,0,0,0,0,0,0,0,0
0,0,0,0,0,0,0,0,0,0,0,0,0,0,0,0,0,0,0,0,0,0,0,0,0,0,0,0,0,0,0,0,0,0,0,0,0,0,0,0,0,0,0,0,0,0,0,0,0,0,0,0,0,0,0,0,0,0,0,0,0,0,0,0,0,0,0,0,0,0,0,0,0,0,0,0,0,0.283,0.283,0.283,0.283,0.283,0.283,0.283,0.283,0.283,0.283,0.283,0.283,0.283,0.283,0.283,0.283,0.283,0.283,0.283,0.283,0.283,0.283,0.283,0.283,0.283,0.283,0.283,0.283,0.283,0.283,0.283,0.283,0.283,0.283,0.283,0.283,0.283,0.283,0.283,0.283,0.283,0.283,0.283,0.283,0.283,0.283,0.283,0.283,0.283,0.283,0.283,0.283,0.283,0.283,0.282,0.282,0.282,0.282,0.282,0.282,0.282,0.282,0.282,0.282,0.282,0.282,0.282,0.282,0.282,0.282,0.282,0.282,0.282,0.282,0.282,0.282,0.282,0.282,0.282,0.282,0.282,0.282,0.282,0.282,0.282,0.282,0.282,0.282,0.282,0.281,0.281,0.281,0.281,0.281,0.281,0.281,0.28,0.28,0.28,0.28,0.28,0.28,0.28,0.28,0.28,0.28,0.28,0.281,0.281,0.281,0.281,0.281,0.282,0.282,0.282,0.281,0.281,0.281,0.281,0.281,0,0,0.281,0.281,0.281,0.281,0.281,0.281,0.281,0.281,0.281,0.281,0.281,0.28,0.28,0.28,0.28,0.28,0.279,0.279,0.279,0.279,0.279,0.278,0.279,0.278,0.278,0.278,0.278,0.278,0.278,0.278,0.278,0.278,0.278,0.278,0.278,0.278,0.278,0.278,0.278,0.279,0.279,0.279,0.279,0.279,0.28,0.28,0.28,0.279,0.279,0.279,0.279,0.279,0.279,0.279,0.279,0.279,0.279,0.279,0.279,0.279,0.278,0.278,0.278,0.278,0.278,0.278,0.278,0.278,0.278,0.278,0.278,0.278,0.278,0.278,0.277,0.277,0.277,0.277,0.277,0.277,0.277,0.277,0.277,0.277,0.277,0.277,0.277,0.277,0.277,0,0.276,0.276,0.276,0.276,0.276,0.276,0.276,0.276,0.276,0.276,0.276,0.276,0.276,0.276,0.276,0.276,0.276,0.275,0.275,0.275,0.275,0.275,0.275,0.275,0.274,0.274,0.274,0.274,0.274,0.274,0.274,0.274,0.274,0.274,0.273,0.273,0.273,0.273,0.273,0.274,0.274,0.273,0.273,0.273,0.273,0.273,0.273,0.273,0.273,0.273,0.273,0.273,0.273,0.274,0.274,0.274,0.274,0.274,0.274,0.274,0.274,0.275,0.275,0.275,0.275,0.275,0.275,0.275,0.274,0.274,0.274,0.274,0.274,0.274,0.273,0.273,0.273,0.273,0.273,0.272,0.272,0.272,0.273,0.273,0.273,0.273,0.273,0.273,0.273,0.273,0,0.273,0,0,0,0,0.272,0,0,0,0.272,0.272,0,0,0,0.273,0.273,0.273,0.273,0.273,0.273,0.273,0.273,0.272,0.272,0.272,0.272,0.272,0.272,0.272,0.272,0.272,0.272,0.272,0.272,0.272,0.272,0.272,0.273,0.273,0.273,0.273,0.272,0.272,0.272,0.272,0,0,0,0,0,0,0,0,0,0,0,0,0,0,0,0,0,0,0,0.287,0.288,0.289,0.289,0.29,0.291,0.292,0.292,0.292,0.293,0,0.293,0,0,0,0,0,0,0,0,0,1.171,1.173,1.173,1.173,1.175,1.175,1.175,1.175,1.175,1.177,1.18,1.18,1.18,1.18,1.18,1.18,1.177,1.175,1.175,1.173,1.173,1.171,1.168,1.168,1.168,1.166,1.166,1.166,1.166,1.164,1.164,1.164,1.164,1.162,1.162,1.16,1.157,1.157,1.155,1.153,1.153,1.153,1.151,1.151,1.151,1.151,1.151,1.153,0,0,0,0,0,0,0,0,0,0,0,0,0,0,0,0,0,1.119,1.117,1.117,1.113,0,1.097,1.084,0,0,0,0,0,0,0,0,0,0,0,0.448,0.448,0.448,0.448,0.448,0.448,0.448,0,0,0,1.308,1.302,1.299,1.294,1.294,1.297,1.297,1.294,1.294,1.291,1.294,1.297,0,0,0,0,0,0,0,0,0,0,0,0,0,0,0,0.732,0.732,0.732,0,0,0,0,0,0,0,0,0,0,0,0,0,0,0,0,1.126,1.124,1.121,1.119,0,1.117,1.117,0,0,0,0,0,0,0,0,0,0,0,0,0,0,0,0,0,0,0,0,0,0,0,0,0,0,0,0,0
0,0,0,0,0,0,0,0,0,0,0,0,0,0,0,0,0,0,0,0,0,0,0,0,0,0,0,0,0,0,0,0,0,0,0,0,0,0,0,0,0,0,0,0,0,0,0,0,0,0,0,0,0,0,0,0,0,0,0,0,0,0,0,0,0,0,0,0,0,0,0,0,0,0,0,0,0,0,0.282,0.282,0.282,0.282,0.282,0.282,0.282,0.282,0.282,0.282,0.282,0.282,0.282,0.282,0.282,0.282,0.282,0.282,0.282,0.282,0.282,0.282,0.282,0.282,0.282,0.282,0.282,0.282,0.282,0.282,0.282,0.282,0.282,0.282,0.282,0.283,0.283,0.282,0.282,0.282,0.282,0.282,0.282,0.282,0.282,0.282,0.282,0.281,0.282,0.282,0.282,0.282,0.282,0.281,0.281,0.281,0.281,0.281,0.281,0.281,0.281,0.281,0.281,0,0.281,0.281,0.281,0.281,0.281,0.281,0.281,0.281,0.281,0.281,0.281,0.281,0.281,0.281,0.281,0.281,0.281,0.281,0.281,0.281,0.281,0.281,0.281,0.281,0.281,0.28,0.28,0.28,0.28,0.28,0.28,0.28,0.279,0.279,0.279,0.279,0.279,0.279,0.279,0.279,0.279,0.279,0.28,0.28,0.28,0.28,0,0,0.28,0.28,0.28,0.28,0.28,0.28,0.28,0.279,0.279,0.279,0.28,0.28,0.28,0.28,0.28,0.28,0.28,0.28,0.28,0.28,0.28,0.279,0.279,0.279,0.279,0.279,0.278,0.278,0.278,0.278,0.278,0.278,0.278,0.277,0.277,0.277,0.277,0.277,0.277,0.277,0.277,0.277,0.277,0.277,0.277,0.277,0.277,0.277,0.277,0.277,0.278,0.278,0.278,0.278,0.278,0.278,0.278,0.278,0.278,0.278,0.278,0.278,0,0,0.278,0.278,0.278,0.278,0.278,0.278,0.278,0.278,0.278,0.278,0.278,0.277,0.277,0.277,0.277,0.277,0.277,0.277,0.277,0.277,0.277,0.277,0.276,0.276,0.276,0.276,0.276,0.276,0.276,0.276,0.276,0.276,0.276,0.276,0.276,0.275,0.275,0.275,0.275,0.275,0.275,0.275,0.275,0.275,0.275,0.275,0.275,0.275,0.275,0.275,0.275,0.275,0.275,0.275,0.275,0.274,0.274,0.274,0.274,0.274,0.274,0.273,0.273,0.273,0.273,0.273,0.273,0.273,0.273,0.273,0.273,0.272,0.272,0.273,0.273,0.273,0.273,0.272,0.272,0.272,0.272,0.272,0.272,0.272,0.272,0.273,0.273,0.273,0.273,0.273,0.273,0.274,0.274,0.274,0.274,0.274,0.274,0.274,0.274,0.274,0.274,0.274,0.274,0.274,0.274,0.273,0.273,0.273,0.272,0.272,0.272,0.271,0.271,0.272,0.271,0.271,0.271,0.271,0.272,0.272,0.272,0.272,0.272,0.272,0.272,0.272,0.271,0.271,0,0,0,0.27,0.27,0,0.27,0.27,0.271,0,0,0,0.272,0.272,0.272,0.272,0.272,0.272,0.272,0,0,0.271,0.271,0.271,0.271,0.271,0.27,0.271,0.271,0.271,0.271,0.271,0.271,0.271,0.271,0.271,0.271,0.271,0.271,0.271,0.271,0.271,0,0,0,0,0,0,0,0,0,0,0,0,0,0,0,0,0,0,0,0,0,0.288,0.289,0.289,0.29,0.291,0.291,0.292,0.292,0,0,0,0,0,0,0,0,0,0,0,0,1.166,1.168,1.168,1.171,1.171,1.171,1.173,1.173,1.173,1.173,1.173,1.175,1.175,1.175,1.173,1.173,1.173,1.171,1.171,1.168,1.168,1.166,1.166,1.164,1.166,1.164,1.164,1.162,1.164,1.164,1.162,1.162,1.162,1.16,1.162,1.16,1.16,1.157,1.155,1.153,1.153,1.153,1.151,1.151,1.151,1.151,0,0,0,0,0,0,0,0,0,0,0,0,0,0,0,0,0,0,0,1.128,1.128,1.128,1.126,1.121,1.115,1.105,0,0,0,0,0,0,0,0,0,0,0,0.449,0.449,0.448,0.448,0.448,0.448,0.448,0,0,0,1.278,1.272,1.27,1.27,1.27,1.27,0,1.267,1.267,1.267,1.267,0,0,0,0,0,0,0,0,0,0,0,0,0,0,0.731,0.732,0.732,0.732,0.732,0.732,0,0.736,0,0,0,0,0,0,0,0,0,0,0,0,1.128,1.126,1.126,1.121,1.119,1.117,1.117,1.119,1.119,1.119,1.119,1.113,0,0,1.111,1.109,0,1.078,0,0,0,0,0,0,0,0,0,0,0,0,0,0,0,0,0,0,0
0,0,0,0,0,0,0,0,0,0,0,0,0,0,0,0,0,0,0,0,0,0,0,0,0,0,0,0,0,0,0,0,0,0,0,0,0,0,0,0,0,0,0,0,0,0,0,0,0,0,0,0,0,0,0,0,0,0,0,0,0,0,0,0,0,0,0,0,0,0,0,0,0,0,0,0,0,0.281,0.281,0.281,0.281,0.281,0.281,0.281,0.281,0.281,0.281,0.281,0.281,0.281,0.281,0.281,0.281,0.281,0.281,0.281,0.281,0.281,0.281,0.281,0.281,0.281,0.281,0.281,0.281,0.281,0.281,0.281,0.281,0.281,0.281,0.281,0.281,0.281,0.282,0.281,0.281,0.281,0.281,0.281,0.281,0.281,0.28,0.28,0.28,0.28,0.28,0.28,0.28,0.28,0.28,0.28,0.28,0.28,0.28,0.28,0.28,0.28,0.28,0.28,0.28,0.28,0.28,0.28,0.28,0.28,0.28,0.28,0.28,0.28,0.28,0.28,0.28,0.281,0.281,0.281,0.281,0.281,0.281,0.28,0.28,0.28,0.28,0.28,0.28,0.28,0.28,0.28,0.279,0.279,0.279,0.279,0.279,0.279,0.279,0.279,0.278,0.278,0.278,0.278,0.278,0.279,0.278,0.279,0.279,0.279,0.279,0.279,0,0,0.279,0.279,0.279,0.279,0.279,0.278,0.278,0.278,0.278,0.278,0.278,0.278,0.279,0.279,0.279,0.279,0.279,0.279,0.279,0.279,0.279,0.278,0.278,0.278,0.278,0.278,0.277,0.277,0.277,0.277,0.277,0.277,0.277,0.277,0.277,0.276,0.276,0.276,0.276,0.276,0.276,0.276,0.276,0.276,0.276,0.276,0.276,0.276,0.276,0.276,0.276,0.277,0.277,0.277,0.277,0.277,0.277,0.277,0,0.277,0.277,0.277,0,0.277,0.277,0.277,0.277,0.277,0.277,0.277,0.277,0.277,0.277,0.277,0.277,0.277,0.277,0.277,0.277,0.277,0.277,0.276,0.276,0.276,0.276,0.276,0.276,0.276,0.276,0.275,0.275,0.275,0.275,0.275,0.275,0.275,0.275,0.275,0.275,0.275,0.275,0.275,0.274,0.275,0.274,0.275,0.275,0.274,0.274,0.274,0.274,0.274,0.274,0.274,0.274,0.274,0.274,0.274,0.274,0.274,0.274,0.273,0.273,0.273,0.273,0.272,0.272,0.272,0.272,0.272,0.272,0.272,0.272,0.272,0.272,0.272,0.272,0.272,0.272,0.272,0.272,0.272,0.272,0.272,0.272,0.272,0.272,0.272,0.272,0.272,0.272,0.272,0.272,0.272,0.273,0.273,0.273,0.273,0.273,0.274,0.274,0.274,0.274,0.274,0.274,0.273,0.273,0.273,0.273,0.272,0.272,0.272,0.271,0.271,0.271,0.271,0.271,0.27,0.27,0.27,0.27,0.27,0.271,0.271,0.271,0.271,0.271,0.271,0.27,0.27,0.27,0.27,0.269,0.269,0.269,0.269,0.269,0.269,0.269,0.269,0.27,0,0,0,0.27,0.271,0.271,0.271,0.271,0.271,0.271,0.271,0,0.27,0.27,0.27,0.27,0.27,0.27,0.27,0.27,0.27,0.269,0.269,0.27,0.269,0.269,0.269,0.27,0.27,0.27,0.27,0.27,0.27,0.27,0.27,0.27,0.27,0,0,0,0,0,0,0,0,0,0,0,0,0,0,0,0,0,0.288,0.288,0.289,0.289,0.29,0.291,0.291,0,0,0,0,0,0,0,0,0,0,0,0,1.16,1.16,1.162,1.164,1.166,1.166,1.168,1.168,1.168,1.168,1.168,1.168,1.168,1.168,1.168,1.168,1.168,1.166,1.166,1.164,1.164,1.162,1.162,1.162,1.162,1.162,1.162,1.162,1.16,1.16,1.162,1.162,1.16,1.16,1.16,1.16,1.16,1.16,1.157,1.157,1.155,1.155,1.153,1.153,0,0,0,0,0,0,0,0,0,0,0,0,0,0,0,0,0,0,0,0,1.138,1.138,1.138,1.134,1.134,1.134,1.132,1.13,1.126,0,0,0,0,0,0,0,0,0,0,0,0.449,0.449,0.449,0.449,0.449,0,0,0,0,1.242,1.244,1.239,1.239,1.242,0,1.242,1.239,1.237,1.237,1.237,1.237,1.237,1.239,0,0,0,0,0,0,0,0,0,0,0,0.73,0.73,0.73,0.73,0.731,0.732,0.732,0,0,0,0,0,0,0,0,1.128,1.13,1.132,1.13,1.13,1.128,1.126,1.126,1.124,1.121,1.121,1.119,1.119,1.119,1.121,1.121,1.119,1.121,1.121,1.121,1.121,0,0,0,0,0,0,0,0,0,0,0,0,0,0,0,0,0,0,0,0,0,0
0,0,0,0,0,0,0,0,0,0,0,0,0,0,0,0,0,0,0,0,0,0,0,0,0,0,0,0,0,0,0,0,0,0,0,0,0,0,0,0,0,0,0,0,0,0,0,0,0,0,0,0,0,0,0,0,0,0,0,0,0,0,0,0,0,0,0,0,0,0,0,0,0,0,0,0,0,0,0.28,0.28,0.28,0.28,0.28,0.28,0.28,0.28,0.28,0.28,0.28,0.28,0.28,0.28,0.28,0.28,0.28,0.28,0.28,0.28,0.28,0.28,0.28,0.28,0.28,0.28,0.28,0.28,0.28,0.28,0.28,0.28,0.28,0.28,0.28,0.28,0.28,0.28,0.28,0.28,0.28,0.28,0.28,0.28,0.279,0.279,0.279,0.279,0.279,0.279,0.279,0.279,0.279,0.28,0.28,0.279,0.28,0.28,0.28,0.28,0.28,0.28,0.28,0.28,0.28,0.28,0.28,0.279,0.279,0.279,0.279,0.279,0.28,0.28,0.28,0.28,0.28,0.28,0.28,0.28,0.28,0.28,0.28,0.279,0.279,0.279,0.279,0.279,0.279,0.279,0.278,0.278,0.278,0.278,0.278,0.278,0.278,0.278,0.278,0.278,0.278,0.278,0.278,0.278,0.278,0.278,0.278,0.278,0.278,0.278,0.278,0.278,0.278,0.278,0.278,0.278,0.277,0.277,0.277,0.277,0.277,0.277,0.277,0.277,0.277,0.277,0.278,0,0.277,0.278,0.278,0.278,0.277,0.277,0.277,0.277,0.277,0.277,0.276,0.276,0.276,0.276,0.276,0.276,0.276,0.276,0.276,0.276,0.275,0.275,0.275,0.275,0.275,0.275,0.275,0.275,0.275,0.275,0.275,0.275,0.275,0.275,0.275,0.275,0.276,0.276,0.276,0.276,0.276,0.276,0.276,0.275,0.275,0.275,0.275,0.276,0.276,0.276,0.276,0.276,0.276,0.276,0.276,0.276,0.276,0.276,0.276,0.276,0.276,0.276,0.276,0.276,0.276,0.276,0.276,0.276,0.276,0.275,0.275,0.275,0.275,0.275,0.274,0.274,0.274,0.274,0.274,0.274,0.274,0.274,0.274,0.274,0.274,0.274,0.274,0.274,0.274,0.274,0.274,0.274,0.274,0.274,0.274,0.274,0.274,0.274,0.274,0.274,0.274,0.274,0.273,0.273,0.273,0.273,0.272,0.272,0.272,0.272,0.271,0.271,0.271,0.271,0.271,0.271,0.271,0.271,0.271,0.271,0.271,0.271,0.271,0.271,0.271,0.271,0.271,0.271,0.271,0.271,0.271,0.271,0.271,0.271,0.271,0.271,0.272,0.272,0.272,0.272,0.273,0.273,0.273,0.273,0.273,0.273,0.273,0.273,0.272,0.272,0.272,0.272,0.271,0.271,0.271,0.27,0.27,0.27,0.27,0.27,0.27,0.269,0.269,0.269,0.269,0.269,0.269,0.27,0.269,0.269,0.27,0.269,0.269,0.269,0.269,0.268,0.268,0.268,0.268,0.268,0.268,0.268,0.268,0.268,0.268,0.268,0.269,0.269,0.269,0.269,0.269,0.27,0.27,0.27,0.27,0.27,0.269,0.269,0.269,0.269,0.269,0.269,0.269,0.269,0.269,0.269,0.268,0.268,0.268,0.268,0.268,0.268,0.268,0.269,0.269,0.269,0.269,0.269,0.269,0.269,0.269,0.269,0,0,0,0,0,0,0,0,0,0,0,0,0,0,0,0,0,0.288,0.288,0.289,0.289,0.29,0.29,0.291,0,0,0,0,0,0,0,0,0,0,0,0,1.153,1.153,1.157,1.157,1.162,1.16,1.162,1.162,1.162,1.164,1.164,1.164,1.164,1.164,1.164,1.162,1.162,1.16,1.16,1.157,1.157,1.157,1.155,1.155,1.157,1.157,1.157,1.157,1.16,1.157,1.16,1.16,1.16,1.16,1.16,1.162,1.16,1.16,1.16,1.157,1.157,1.157,1.155,0,0,0,0,0,0,0,0,0,0,0,0,0,0,0,0,0,0,0,0,0,1.14,1.14,1.14,1.138,1.136,1.136,1.134,1.134,1.13,0,0,0,0,0,0,0,0,0,0,0,0.449,0.449,0.449,0.449,0.449,0.449,0,0,0,1.21,1.21,0,0,1.212,1.21,1.21,1.207,1.205,1.203,1.203,1.2,1.205,0,0,0,0,0,0,0,0,0,0,0,0,0.729,0.729,0.73,0.73,0.73,0.732,0.732,0,0,0,0,0,0,0,0,1.126,1.128,1.13,1.128,1.128,1.126,1.126,1.126,1.124,1.121,1.121,1.119,1.119,1.121,1.121,1.124,1.121,1.124,1.124,1.124,1.121,1.121,1.124,1.113,0,0,0,0,0,0,0,0,0,0,0,0,0,0,0,0,0,0,0
0,0,0,0,0,0,0,0,0,0,0,0,0,0,0,0,0,0,0,0,0,0,0,0,0,0,0,0,0,0,0,0,0,0,0,0,0,0,0,0,0,0,0,0,0,0,0,0,0,0,0,0,0,0,0,0,0,0,0,0,0,0,0,0,0,0,0,0,0,0,0,0,0,0,0,0,0,0.279,0.279,0.279,0.279,0.279,0.279,0.279,0.279,0.279,0.279,0.279,0.279,0.279,0.279,0.279,0.279,0.279,0.279,0.279,0.279,0.279,0.279,0.279,0.279,0.279,0.279,0.279,0.279,0.279,0.279,0.279,0.279,0.279,0.279,0.279,0.279,0.279,0.279,0.279,0.279,0.279,0.279,0.279,0.279,0.279,0.279,0.279,0.278,0.279,0.278,0.279,0.279,0.279,0.279,0.279,0.279,0.279,0.279,0.279,0.279,0.279,0.279,0.279,0.279,0.279,0.279,0.279,0.279,0.279,0.278,0,0,0.279,0.279,0.279,0.279,0.279,0.279,0.279,0.279,0.279,0.279,0.279,0.279,0.278,0.278,0.278,0.278,0.278,0.278,0.278,0.277,0.277,0.277,0.277,0.277,0.277,0.277,0.277,0.277,0.277,0.277,0.277,0.277,0.277,0.277,0.277,0.277,0.277,0.277,0.277,0.277,0.277,0.277,0.276,0.276,0.276,0.276,0.276,0.276,0.276,0.276,0.276,0.276,0.276,0.276,0.276,0,0,0.276,0.276,0.276,0.276,0.276,0.276,0.276,0.276,0.276,0.275,0.275,0.275,0.275,0.275,0.275,0.275,0.275,0.275,0.275,0.275,0.275,0.275,0.274,0.274,0.274,0.274,0.274,0.274,0.274,0.274,0.274,0.274,0.274,0.274,0.274,0.274,0.274,0.274,0.275,0.274,0,0,0.274,0.274,0.274,0.274,0.274,0.274,0.275,0.275,0.275,0.275,0.275,0.275,0,0,0.275,0.275,0.276,0.275,0.275,0.275,0.275,0.275,0.275,0.275,0.275,0.275,0.275,0.275,0.275,0.274,0.274,0.274,0.274,0.274,0.273,0.273,0.273,0.273,0.273,0.273,0.274,0.274,0.274,0.274,0.274,0.274,0.274,0.274,0.273,0.274,0.274,0.274,0.274,0.274,0.274,0.273,0.273,0.273,0.273,0.273,0.273,0.272,0.272,0.272,0.271,0.271,0.271,0.271,0.27,0.27,0.27,0.27,0.27,0.27,0.27,0.27,0.27,0.27,0.27,0.27,0.27,0.27,0.27,0.271,0.27,0.27,0.27,0.27,0.27,0.27,0.27,0.27,0.271,0.271,0.271,0.271,0.271,0.271,0.272,0.272,0.272,0.272,0.272,0.272,0.272,0.272,0.271,0.271,0.271,0.27,0.27,0.27,0,0.269,0.269,0.269,0.269,0.268,0.268,0.268,0.268,0.268,0.268,0.268,0.268,0.268,0.268,0.268,0.268,0.268,0.268,0.268,0.268,0.268,0.268,0.268,0.268,0.267,0.268,0.267,0.267,0.267,0.267,0.268,0.268,0.268,0.268,0.268,0.268,0.268,0.269,0.269,0.269,0.268,0.268,0.268,0.268,0.268,0.268,0.268,0.268,0.268,0.268,0.268,0.268,0.267,0.267,0.267,0.267,0.267,0.267,0.268,0.268,0.268,0,0,0,0,0.268,0.268,0,0,0,0,0,0,0,0,0,0,0,0,0,0,0,0,0,0,0,0,0.289,0.289,0.29,0,0,0,0,0,0,0,0,0,0,1.142,0,1.149,1.149,1.151,1.153,1.153,1.153,1.155,1.155,1.155,1.157,1.157,1.157,1.157,1.157,1.157,1.157,1.155,1.155,1.153,1.153,1.153,1.151,1.151,1.151,1.151,1.151,1.151,1.153,1.153,1.155,1.155,1.157,1.157,1.16,1.16,1.162,1.162,1.16,1.16,1.16,1.157,1.157,1.157,1.157,0,0,0,0,0,0,0,0,0,0,0,0,0,0,0,0,0,0,0,0,0,1.142,1.142,1.142,1.14,1.14,1.14,1.138,1.136,1.136,0,0,0,0,0,0,0,0,0,0,0,0.449,0.449,0.449,0.449,0.449,0,0,0,0,0,0,0,1.175,1.177,1.175,1.175,1.175,1.171,1.166,1.166,1.166,1.168,1.168,0,0,0,0,0,0,0,0,0,0,0.728,0.728,0.729,0.729,0.729,0.73,0.73,0.731,0,0,0,0,0,0,0,1.119,1.124,1.126,1.128,1.128,1.128,1.126,1.126,1.126,1.124,1.124,1.124,1.121,1.121,1.121,1.121,1.124,1.124,1.124,1.126,1.126,1.124,1.124,1.124,1.124,1.124,0,0,0,0,0,0,0,0,0,0,0,0,0,0,0,0,0,0
0,0,0,0,0,0,0,0,0,0,0,0,0,0,0,0,0,0,0,0,0,0,0,0,0,0,0,0,0,0,0,0,0,0,0,0,0,0,0,0,0,0,0,0,0,0,0,0,0,0,0,0,0,0,0,0,0,0,0,0,0,0,0,0,0,0,0,0,0,0,0,0,0,0,0,0,0.278,0.278,0.278,0.278,0.278,0.278,0.279,0.278,0.279,0.279,0.279,0.279,0.279,0.279,0.279,0.279,0.279,0.278,0.278,0.278,0.278,0.278,0.278,0.278,0.278,0.278,0.278,0.278,0.278,0.278,0.278,0.278,0.278,0.278,0.278,0.278,0.278,0.278,0.278,0.278,0.278,0.278,0.278,0.278,0.278,0.278,0.278,0.278,0.278,0.278,0.278,0.278,0.278,0.278,0.278,0.278,0.278,0.278,0.279,0.279,0.279,0.279,0.278,0.278,0.278,0.278,0.278,0.278,0.278,0.278,0.278,0.278,0.278,0.278,0.278,0.278,0.278,0.278,0.279,0.279,0.279,0.279,0.278,0.278,0.278,0.277,0.277,0.277,0.277,0.277,0.277,0.276,0.276,0.276,0.276,0.276,0.276,0.276,0.276,0.276,0.276,0.276,0.276,0.276,0.276,0.276,0.276,0.276,0.276,0.276,0.275,0.275,0.275,0.275,0.275,0.275,0.275,0.275,0.275,0.275,0.275,0.275,0.275,0.275,0.275,0.275,0.275,0.275,0.275,0.275,0.275,0.275,0.275,0.275,0.275,0.275,0.275,0,0.275,0.274,0.274,0.274,0.274,0.274,0.274,0.274,0.274,0.274,0.274,0.274,0.274,0.274,0.274,0.274,0.274,0.273,0.273,0.273,0.273,0.274,0.273,0.274,0.273,0.273,0.274,0.273,0.274,0.273,0.273,0.273,0.273,0.273,0.273,0.273,0.273,0.273,0.273,0.274,0.274,0.274,0.274,0.274,0.274,0,0,0,0.274,0.275,0.275,0.275,0.275,0.275,0.275,0.275,0.275,0.275,0.274,0.274,0.274,0.274,0.274,0.274,0.273,0.273,0.273,0.273,0.273,0.272,0.272,0.273,0.273,0.273,0.273,0.273,0.273,0.273,0.273,0.273,0.273,0.273,0.273,0.273,0.273,0.273,0.273,0.273,0.273,0.273,0.273,0.273,0.272,0.272,0.272,0.271,0.271,0.271,0.27,0.27,0.27,0.27,0.27,0.27,0.269,0.269,0.27,0.27,0.27,0.27,0.27,0.27,0.27,0.27,0.27,0.27,0.27,0.27,0.27,0.27,0.27,0.27,0.27,0.27,0.27,0.27,0.27,0.27,0.27,0.27,0.27,0.271,0.271,0.271,0.271,0.271,0.271,0.271,0.27,0.27,0.27,0.269,0.269,0.269,0.268,0.268,0.268,0.268,0.268,0.268,0.268,0.268,0.268,0.267,0.267,0.267,0.267,0.267,0.267,0.267,0.267,0.267,0.268,0.267,0.267,0.267,0.267,0.267,0.267,0.267,0.267,0.267,0.267,0.267,0.267,0.267,0.267,0.267,0.267,0.267,0.267,0.267,0.267,0.268,0.268,0.268,0.268,0.268,0.268,0.268,0.268,0.267,0.267,0.267,0.267,0.267,0.267,0.267,0.267,0.267,0.267,0.267,0.266,0.266,0.266,0.267,0.267,0.267,0,0,0,0,0.268,0.268,0,0,0,0,0,0,0,0,0,0,0,0,0,0,0,0,0,0,0,0,0,0,0,0,0,0,0,0,0,0,0,0,0,1.142,1.144,1.144,1.147,1.147,1.147,1.149,1.149,1.149,1.151,1.151,1.151,1.149,1.151,1.151,1.151,1.149,1.149,1.149,1.147,1.147,1.144,1.144,1.144,1.144,1.144,1.144,1.147,1.147,1.151,1.151,1.153,1.153,1.155,1.155,1.157,1.16,1.16,1.16,1.16,1.16,1.16,1.16,1.16,1.157,1.157,0,0,0,0,0,0,0,0,0,0,0,0,0,0,0,0,0,0,0,0,0,1.147,1.144,1.144,1.144,1.142,1.142,1.14,1.14,1.138,0,0,0,0,0,0,0,0,0,0,0,0.45,0.449,0.449,0.449,0.449,0.449,0,0,1.142,0,1.144,1.142,1.142,1.147,1.142,1.14,1.142,1.14,1.138,1.138,1.138,1.142,0,0,0,0,0,0,0,0,0,0,0,0.727,0.727,0.728,0.728,0.728,0,0,0,0,0,0,0,1.113,1.115,1.117,1.119,1.124,1.126,1.126,1.128,1.128,1.128,1.128,1.128,1.126,1.126,1.124,1.124,1.124,1.124,1.124,1.124,1.126,1.126,1.126,1.128,1.126,1.126,1.126,1.126,1.126,0,0,0,0,0,0,0,0,0,0,0,0,0,0,0,0,0,0
0,0,0,0,0,0,0,0,0,0,0,0,0,0,0,0,0,0,0,0,0,0,0,0,0,0,0,0,0,0,0,0,0,0,0,0,0,0,0,0,0,0,0,0,0,0,0,0,0,0,0,0,0,0,0,0,0,0,0,0,0,0,0,0,0,0,0,0,0,0,0,0,0,0,0,0.278,0.278,0.278,0.278,0.278,0.278,0.278,0.278,0.278,0.278,0.278,0.278,0.278,0.278,0.278,0.278,0.278,0.278,0.278,0.278,0.278,0.278,0.278,0.278,0.278,0.278,0.277,0.277,0.277,0.277,0.277,0.277,0.277,0.277,0.277,0.277,0.277,0.277,0.277,0.277,0.277,0.277,0.277,0.277,0.277,0.277,0.277,0.277,0.277,0.277,0.277,0.277,0.277,0.277,0.277,0.278,0.278,0.278,0.278,0.278,0.278,0.278,0.278,0.278,0.278,0.278,0.278,0.278,0.278,0.277,0.277,0.277,0.277,0.277,0.277,0.277,0.277,0.277,0.277,0.277,0.277,0.277,0.277,0.277,0.277,0.277,0.276,0.276,0.276,0.276,0.276,0.276,0.275,0.275,0.275,0.275,0.275,0.275,0.275,0.275,0.275,0.275,0.275,0.275,0.275,0.275,0.275,0.275,0.275,0.275,0.275,0.275,0.275,0.274,0.274,0.274,0.274,0.274,0.274,0.274,0.274,0.274,0.274,0.274,0.274,0.274,0.274,0.274,0.274,0.274,0.274,0.274,0.274,0.274,0.274,0.274,0.274,0.274,0.274,0.274,0.273,0.273,0.273,0.273,0.273,0.273,0.273,0.273,0.273,0.273,0.273,0.273,0.273,0.273,0.273,0.273,0.273,0.273,0.273,0.273,0.273,0.273,0.273,0.273,0.273,0.273,0.273,0.272,0.272,0.272,0.272,0.272,0.272,0.272,0.272,0.272,0.272,0.273,0.273,0.273,0.273,0.273,0.273,0.273,0.273,0,0.274,0.274,0.274,0.274,0.274,0.274,0.274,0.274,0.274,0.274,0.274,0.274,0.274,0.274,0.273,0.273,0.273,0.272,0.272,0.272,0.272,0.272,0.272,0.272,0.272,0.272,0.272,0.272,0.272,0.272,0.272,0.272,0.272,0.272,0.272,0.272,0.272,0.272,0.272,0.272,0.272,0.272,0.272,0.272,0.272,0.272,0.271,0.271,0.271,0.27,0.27,0.27,0.269,0.269,0.269,0.269,0.269,0.269,0.268,0.269,0.269,0.269,0.269,0.269,0.269,0.269,0.269,0.269,0.269,0.269,0.269,0.269,0.269,0.269,0.269,0.269,0.269,0.269,0.269,0.269,0.269,0.269,0.27,0.27,0.27,0.27,0.27,0,0,0.269,0.269,0.269,0.269,0.269,0.268,0.268,0.268,0.267,0.267,0.267,0.267,0.267,0.267,0.267,0.267,0.267,0.267,0.267,0.267,0.267,0.267,0.267,0.267,0.267,0.267,0.267,0.267,0.267,0.266,0.266,0.266,0.266,0.266,0.267,0.266,0.266,0.266,0.266,0.266,0.266,0.266,0.266,0.266,0.266,0.266,0.267,0.267,0.267,0.267,0.267,0.267,0.267,0.267,0.267,0.267,0.267,0.267,0,0,0.266,0.266,0.266,0.266,0.266,0.266,0.266,0.266,0.266,0.266,0.266,0.266,0.267,0.267,0,0,0.268,0.268,0,0,0,0,0,0,0,0,0,0,0,0,0,0,0,0,0,0,0,0,0,0,0,0,0,0,0,0,0,0,0,0,0,1.142,1.144,1.144,1.144,1.142,1.144,1.144,1.144,1.144,1.144,1.144,1.144,1.144,1.144,1.144,1.144,1.142,1.142,1.14,1.14,1.138,1.136,1.138,1.136,1.136,1.138,1.138,1.14,1.142,1.147,1.149,1.151,1.153,1.155,1.157,1.16,1.16,1.162,1.162,1.162,1.162,1.162,1.162,1.162,1.16,0,0,0,0,0,0,0,0,0,0,0,0,0,0,0,0,0,0,0,0,0,0,1.149,1.149,1.147,1.147,1.144,1.144,1.142,1.142,1.142,1.14,0,0,0,0,0,0,0,0,0,0,0.45,0.45,0.45,0.45,0.45,0.449,0,0,1.117,1.117,1.117,1.117,1.119,1.121,1.119,1.119,1.121,1.124,1.124,1.128,1.13,1.13,1.132,0,0,0,0,0,0,0,0,0,0,0.726,0.726,0.726,0.727,0.727,0.727,0.727,0,0,0,0,1.109,1.111,1.113,1.117,1.119,1.124,1.124,1.126,1.126,1.128,1.128,1.128,1.128,1.128,1.128,1.126,1.124,1.126,1.126,1.126,1.126,1.128,1.128,1.13,1.132,1.13,1.13,1.13,1.13,1.13,0,0,0,0,0,0,0,0,0,0,0,0,0,0,0,0,0,0
0,0,0,0,0,0,0,0,0,0,0,0,0,0,0,0,0,0,0,0,0,0,0,0,0,0,0,0,0,0,0,0,0,0,0,0,0,0,0,0,0,0,0,0,0,0,0,0,0,0,0,0,0,0,0,0,0,0,0,0,0,0,0,0,0,0,0,0,0,0,0,0,0,0,0,0,0.277,0.277,0.277,0.277,0.277,0.277,0.277,0.277,0.277,0.277,0.277,0.277,0.277,0.277,0.277,0.277,0.277,0.277,0.277,0.277,0.277,0.277,0.277,0.277,0.277,0.276,0.276,0.276,0.276,0.276,0.276,0.276,0.276,0.276,0.276,0,0,0.276,0.276,0.276,0.276,0.276,0.276,0.276,0.276,0.277,0.276,0.276,0.276,0.276,0.276,0.276,0.277,0,0,0.277,0.277,0.277,0.278,0.278,0.278,0.278,0.278,0.278,0.277,0.277,0.277,0.277,0.277,0.277,0.276,0.276,0.276,0.276,0.276,0.276,0.276,0.276,0,0,0.276,0.276,0.276,0.276,0.276,0.275,0.275,0.275,0.275,0.275,0.275,0.274,0.274,0.274,0.274,0.274,0.274,0.274,0.274,0.274,0.274,0.275,0.274,0.274,0.274,0.274,0.274,0.274,0.274,0.274,0.274,0.274,0.274,0.274,0.274,0.274,0.274,0.274,0.274,0.274,0.274,0.273,0.274,0.274,0.273,0.273,0.273,0.273,0.273,0.273,0.273,0.273,0.273,0.273,0.273,0.273,0.273,0.273,0.273,0.272,0.272,0.272,0.272,0.272,0.272,0.272,0.272,0.272,0.272,0.272,0.272,0.272,0.272,0.272,0.272,0.272,0.272,0.272,0.272,0.272,0.272,0.272,0.272,0.272,0.272,0.272,0.272,0.271,0.271,0.271,0.271,0.271,0.271,0.271,0.271,0.272,0.272,0.272,0.272,0.272,0.272,0.272,0.272,0.272,0.272,0.272,0.272,0.273,0.273,0.273,0.273,0.273,0.273,0.273,0.273,0.273,0.273,0.273,0.273,0.272,0.272,0.272,0.271,0.271,0.271,0.271,0.271,0.271,0.271,0.271,0.271,0.271,0.271,0.271,0.271,0.271,0.271,0.271,0.271,0.271,0.271,0,0,0.271,0.272,0.272,0.271,0.271,0.271,0.271,0.271,0.27,0.27,0.27,0.269,0.269,0.269,0.268,0.268,0.268,0.268,0.268,0.268,0.268,0.268,0.268,0.268,0.268,0.268,0.268,0.268,0.268,0.269,0.269,0.269,0.269,0.269,0.269,0.269,0.269,0.269,0.268,0.268,0.268,0.268,0.268,0.269,0.269,0.269,0.269,0.269,0.269,0,0,0,0.268,0.268,0.268,0.267,0.267,0.267,0.266,0.266,0.266,0.266,0.266,0.266,0.266,0.266,0.266,0.266,0.266,0.266,0.266,0.266,0.266,0.266,0.266,0.266,0.266,0.266,0.266,0.266,0.266,0.266,0.265,0.265,0.266,0.266,0.266,0.265,0.265,0,0.265,0.265,0.265,0.265,0.265,0.266,0.266,0,0.266,0.266,0.266,0.266,0.266,0.266,0.266,0.266,0.266,0.266,0.266,0,0,0,0.265,0.265,0.265,0.265,0.265,0.265,0.265,0.265,0.265,0.265,0.266,0.266,0.267,0.267,0.267,0.267,0.268,0.268,0,0,0,0,0,0,0,0,0,0,0,0,0,0,0,0,0,0,0,0,0,0,0,0,0,0,0,0,0,0,0,1.142,1.142,1.142,1.142,1.142,1.142,1.142,1.142,1.142,1.14,1.14,1.14,1.138,1.14,1.138,1.138,1.138,1.136,1.136,1.134,1.132,1.132,1.132,1.132,1.13,1.13,1.132,1.134,1.134,1.138,1.14,1.142,1.147,1.149,1.151,1.153,1.157,1.157,1.16,1.162,1.162,1.162,1.162,1.164,1.162,0,0,0,0,0,0,0,0,0,0,0,0,0,0,0,0,0,0,0,0,0,0,0,0,1.151,1.151,1.149,1.149,1.149,1.147,1.144,1.144,1.144,0,0,0,0,0,0,0,0,0,0.45,0.45,0.45,0.45,0.45,0.45,0.449,0,1.095,1.097,1.097,1.099,1.101,1.103,1.105,1.105,1.107,1.111,1.113,1.115,1.115,1.115,1.117,1.117,0,0,0,0,0,0,0,0,0,0,0,0.725,0.725,0.725,0,0.726,0,0,0,0,1.107,1.109,1.111,1.113,1.115,1.115,1.119,1.124,1.126,1.126,1.126,1.126,1.126,1.128,1.128,1.126,1.126,1.126,1.126,1.126,1.128,1.128,1.128,1.13,1.13,1.132,1.13,1.13,1.132,1.132,1.132,0,0,0,0,0,0,0,0,0,0,0,0,0,0,0,0,0,0
0,0,0,0,0,0,0,0,0,0,0,0,0,0,0,0,0,0,0,0,0,0,0,0,0,0,0,0,0,0,0,0,0,0,0,0,0,0,0,0,0,0,0,0,0,0,0,0,0,0,0,0,0,0,0,0,0,0,0,0,0,0,0,0,0,0,0,0,0,0,0,0,0,0,0,0,0,0.276,0.277,0.276,0.277,0.276,0.276,0.277,0.277,0.277,0.277,0.276,0.276,0.277,0.276,0.277,0.277,0.276,0.276,0.276,0.276,0.276,0.276,0.276,0.276,0.275,0.275,0.275,0.275,0.275,0.275,0.275,0.275,0.275,0.275,0.275,0.275,0.275,0.275,0.275,0.275,0.275,0.275,0.275,0.276,0.276,0.276,0.276,0.276,0.276,0.276,0.276,0,0,0.276,0.276,0.277,0.277,0.277,0.277,0.277,0.277,0.277,0.277,0.277,0.277,0.276,0.276,0.276,0.275,0.275,0.275,0.275,0.275,0.275,0.275,0.275,0,0,0,0.275,0.275,0.275,0.274,0.274,0.274,0.274,0.274,0.274,0.274,0.274,0.273,0.273,0.273,0.273,0.273,0.273,0.273,0.273,0.274,0.274,0.274,0.274,0.274,0.273,0.274,0.273,0,0,0,0.273,0.273,0.273,0.273,0.273,0.273,0.273,0.273,0.273,0.273,0.273,0.273,0.273,0.273,0.272,0.272,0.272,0.272,0.272,0.272,0.272,0.272,0.272,0.272,0.272,0.272,0.272,0.272,0.271,0.271,0.271,0.271,0.271,0.271,0.271,0.271,0.271,0.271,0.271,0.271,0.271,0.271,0.271,0.271,0.271,0.271,0.271,0.271,0.271,0.271,0.271,0.271,0.271,0.271,0.271,0.271,0.271,0.27,0.27,0.27,0.27,0.27,0.27,0.27,0.271,0.271,0.271,0.271,0.271,0.271,0.271,0.271,0.271,0.271,0.271,0.271,0.271,0.271,0.272,0.272,0.272,0.272,0.272,0.272,0.272,0.272,0.272,0.272,0.271,0.271,0.271,0.271,0.27,0.27,0.27,0.27,0.27,0.27,0.27,0.27,0.27,0.27,0.27,0.27,0.27,0.27,0.27,0.27,0.27,0.27,0,0,0,0,0.271,0.271,0.271,0.271,0.27,0.27,0.27,0.269,0.269,0.269,0.268,0.268,0.268,0.268,0.267,0.267,0.267,0.267,0.267,0.267,0.267,0.267,0.267,0.267,0.267,0.267,0.268,0.268,0.268,0.268,0.268,0.268,0.268,0.268,0.268,0.268,0.268,0.268,0.268,0.268,0.268,0.268,0.268,0.268,0.268,0.268,0.268,0.267,0,0,0.267,0.267,0.266,0.266,0.266,0.266,0.265,0.265,0.265,0.265,0.265,0.265,0.265,0.265,0.265,0.265,0.265,0.265,0.265,0.265,0.265,0.265,0.265,0.265,0.265,0.265,0.265,0.265,0.265,0.265,0.265,0.265,0.265,0.265,0.265,0.265,0.265,0.265,0.265,0.265,0.265,0.265,0.265,0.265,0.265,0.265,0.265,0.265,0.265,0.265,0.265,0.265,0.265,0.265,0.265,0.265,0.265,0.265,0.265,0.265,0.265,0.265,0.265,0.265,0.265,0.265,0.265,0.265,0.265,0.265,0.265,0.265,0.266,0.266,0.267,0.267,0.267,0.268,0.269,0,0,0,0,0,0,0,0,0,0,0,0,0,0,0,0,0,0,0,0,0,0,0,0,0,0,0,0,0,0,0,1.142,1.14,1.142,1.14,1.14,1.14,1.138,1.14,1.138,1.138,1.138,1.136,1.136,1.134,1.132,1.132,1.132,1.13,1.13,1.128,1.126,1.126,1.126,1.128,1.126,1.126,1.128,1.13,1.13,1.134,1.136,1.138,1.142,1.142,1.147,1.149,1.151,1.153,1.155,1.155,1.157,1.157,1.157,0,0,0,0,0,0,0,0,0,0,0,0,0,0,0,0,0,0,0,0,0,0,0,0,0,0,1.153,1.151,1.151,1.151,1.151,1.149,1.149,1.147,0,0,0,0,0,0,0,0,0,0,0.45,0.45,0.45,0.45,0.45,0.45,0.449,0,1.088,1.09,1.092,1.094,1.094,1.095,1.095,1.097,1.101,1.105,1.107,1.107,1.107,1.109,1.109,1.113,0,0,0,0,0,0,0,0,0,0,0,0.723,0.723,0.723,0.723,0.724,0,0,0,0,1.107,1.109,1.111,1.111,1.113,1.117,1.119,1.119,1.124,1.124,1.126,1.126,1.126,1.126,1.126,1.126,1.126,1.126,1.126,1.128,1.128,1.128,1.13,1.132,1.132,1.134,1.132,1.134,1.134,1.134,1.136,0,0,0,0,0,0,0,0,0,0,0,0,0,0,0,0,0,0
0,0,0,0,0,0,0,0,0,0,0,0,0,0,0,0,0,0,0,0,0,0,0,0,0,0,0,0,0,0,0,0,0,0,0,0,0,0,0,0,0,0,0,0,0,0,0,0,0,0,0,0,0,0,0,0,0,0,0,0,0,0,0,0,0,0,0,0,0,0,0,0,0,0,0,0,0,0,0.276,0.276,0.276,0.276,0.276,0.276,0.276,0.276,0.276,0.276,0.276,0.276,0.276,0.276,0.276,0.276,0.276,0.275,0.275,0.275,0.275,0.275,0.275,0.274,0.274,0.274,0.274,0.274,0.274,0.274,0.274,0.274,0.274,0.274,0.274,0.274,0.274,0.274,0.274,0.274,0.275,0.275,0.275,0.275,0.275,0.275,0.275,0.275,0.275,0.275,0.275,0.275,0.275,0.275,0.276,0.276,0.276,0.276,0.276,0.276,0.276,0.276,0.276,0.276,0.275,0.275,0.275,0.274,0.274,0.274,0.274,0.274,0.274,0.274,0.274,0.274,0.274,0.274,0.274,0.274,0.274,0.274,0.273,0.273,0.273,0.273,0.273,0.273,0.272,0.272,0.272,0.272,0.272,0.272,0.272,0.273,0,0.273,0.273,0.273,0.273,0.273,0.272,0.272,0.272,0.272,0.272,0.272,0.272,0.272,0.272,0.272,0.272,0.272,0.272,0.272,0.272,0.272,0.272,0.272,0.272,0.272,0.272,0.272,0,0.272,0.272,0.272,0.271,0.271,0.271,0.271,0.271,0.271,0.271,0.271,0.271,0.27,0.27,0.27,0.27,0.27,0.27,0.27,0.27,0.27,0.27,0.27,0.27,0.27,0.27,0.27,0.27,0.27,0.27,0.27,0.27,0.27,0.27,0.27,0.27,0.27,0.27,0.27,0.27,0.27,0.27,0.27,0.27,0.27,0.27,0.27,0.27,0.27,0.27,0.27,0.27,0.27,0.27,0.27,0.27,0.27,0.27,0.27,0.27,0.27,0.27,0.271,0.271,0.271,0.271,0.271,0.271,0.271,0,0,0.27,0.27,0.27,0.27,0.27,0.27,0.27,0.269,0.269,0.269,0.269,0.269,0.269,0.269,0.269,0.269,0.269,0.27,0.269,0.27,0.269,0.27,0.27,0,0,0,0.27,0.27,0.27,0.27,0.27,0.269,0.269,0.268,0.268,0.268,0.267,0.267,0.267,0.267,0.267,0.267,0.266,0.266,0.266,0.266,0.266,0.266,0.266,0.267,0.267,0.267,0.267,0.267,0.267,0.267,0.267,0.267,0.267,0.267,0.267,0.267,0.267,0.267,0.267,0,0.267,0.267,0.267,0.267,0.267,0.267,0.267,0.266,0.266,0.266,0.266,0.265,0.265,0.265,0.265,0.265,0.265,0.264,0.264,0.264,0.264,0.264,0.264,0.264,0.264,0.264,0.264,0.264,0.264,0.264,0.264,0.264,0.264,0.264,0.264,0.264,0.264,0.264,0.264,0.264,0.264,0.264,0.264,0.264,0.264,0.264,0.264,0.264,0.264,0.264,0.264,0.264,0.264,0.264,0.264,0.264,0.264,0.264,0.264,0.264,0.264,0.265,0.265,0.265,0.265,0.265,0.264,0.264,0.264,0.264,0.264,0.264,0.264,0.264,0.264,0.264,0.264,0.264,0.264,0.264,0.265,0.265,0.266,0.266,0.267,0.267,0.268,0.268,0.269,0,0,0,0,0,0,0,0,0,0,0,0,0,0,0,0,0,0,0,0,0,0,0,0,0,0,0,0,0,0,0,1.14,1.138,1.138,1.138,1.138,1.138,1.136,1.136,1.136,1.134,1.134,1.134,1.132,1.132,1.128,1.128,1.128,1.126,1.126,1.126,1.124,1.124,1.124,1.124,1.121,1.124,1.124,1.124,1.128,1.128,1.132,1.134,1.138,1.138,1.142,1.144,1.147,1.149,1.151,1.153,1.153,0,0,0,0,0,0,0,0,0,0,0,0,0,0,0,0,0,0,0,0.715,0.713,0,0,0,0,0,0,0,1.155,1.155,1.155,1.153,1.153,1.151,1.149,1.149,1.149,0,0,0,0,0,0,0,0,0,0.45,0.45,0.449,0.449,0.449,0.45,0.449,0,1.088,1.09,1.09,1.09,1.092,1.092,1.092,1.092,1.094,1.097,1.099,1.099,1.097,1.099,1.101,1.101,0,0,0,0,0,0,0,0,0,0,0,0.722,0.722,0.722,0.722,0.722,0,0,0,1.107,1.107,1.109,1.109,1.111,1.113,1.115,1.117,1.119,1.121,1.124,1.124,1.126,1.126,1.126,1.128,1.128,1.126,1.126,1.128,1.128,1.128,1.13,1.13,1.132,1.134,1.136,1.134,1.136,1.138,1.138,1.14,0,0,0,0,0,0,0,0,0,0,0,0,0,0,0,0,0,0
0,0,0,0,0,0,0,0,0,0,0,0,0,0,0,0,0,0,0,0,0,0,0,0,0,0,0,0,0,0,0,0,0,0,0,0,0,0,0,0,0,0,0,0,0,0,0,0,0,0,0,0,0,0,0,0,0,0,0,0,0,0,0,0,0,0,0,0,0,0,0,0,0,0,0,0,0.275,0.275,0.275,0.275,0.275,0.275,0.275,0.275,0.275,0.275,0.275,0.275,0.275,0.275,0.275,0.275,0.275,0.275,0.275,0.275,0.274,0.274,0.274,0.274,0.274,0.274,0.274,0.274,0.273,0.273,0.273,0.273,0.273,0.273,0.273,0.273,0.273,0.273,0.273,0.273,0.273,0.274,0.274,0.274,0.274,0.274,0.274,0.274,0.274,0.274,0.274,0.274,0.274,0.274,0.274,0.274,0.275,0.275,0.275,0.275,0.275,0.275,0.275,0.274,0.274,0.274,0.274,0.274,0.273,0.273,0.273,0.273,0.273,0.273,0.273,0.272,0.272,0.272,0.272,0.272,0.272,0.272,0.272,0.272,0.272,0.272,0.272,0.272,0.272,0.272,0.272,0.272,0.272,0.272,0.272,0.272,0.272,0.272,0.272,0.272,0.272,0.272,0.272,0.272,0.271,0.271,0.271,0.271,0.271,0.271,0.271,0.271,0.271,0.271,0.271,0.271,0.271,0.271,0.271,0.271,0.271,0.271,0.271,0.271,0.271,0.271,0.271,0.271,0.271,0.271,0.271,0.27,0.27,0.27,0.271,0.27,0.27,0.27,0.27,0.27,0.27,0.27,0.269,0.269,0.269,0.269,0.269,0.269,0.269,0.269,0.269,0.269,0.269,0.269,0.269,0.269,0,0.269,0.269,0.269,0.269,0.269,0.269,0.269,0.269,0.269,0.269,0.269,0.269,0.269,0.269,0.269,0.269,0.269,0.269,0.269,0.269,0.269,0.269,0.269,0.269,0.269,0.269,0.269,0.269,0.269,0.269,0.269,0.269,0.27,0.269,0.269,0.27,0.269,0.269,0,0,0,0.269,0.269,0.269,0.269,0.269,0.269,0.269,0.269,0.268,0.268,0.268,0.268,0.268,0.268,0.268,0.268,0.268,0.269,0.269,0.269,0.268,0.269,0.269,0,0.269,0.269,0.269,0.269,0.269,0.269,0.269,0.268,0.268,0.267,0.267,0.267,0.267,0.266,0.266,0.266,0.266,0.266,0.266,0.266,0.266,0.265,0.265,0.266,0.266,0.266,0.266,0.266,0.266,0.266,0.266,0.266,0.267,0.267,0.266,0,0.266,0.266,0.266,0.266,0.266,0.266,0.266,0.266,0.266,0.266,0.266,0.266,0.266,0.266,0.265,0.265,0.265,0.265,0.265,0.264,0.264,0.264,0.264,0.264,0.264,0.264,0.264,0.264,0.264,0.264,0.264,0.264,0.264,0.264,0.264,0.264,0.264,0.264,0.264,0.264,0.263,0.263,0.263,0.263,0.263,0.263,0.263,0.263,0.263,0.263,0.263,0.264,0.264,0.264,0.264,0.264,0.264,0.263,0.264,0.263,0.263,0.263,0.263,0.263,0.263,0.264,0.264,0.264,0.264,0.264,0.264,0.263,0.263,0.263,0.263,0.263,0.263,0.263,0.263,0.263,0.263,0.264,0.264,0.264,0.264,0.264,0.264,0.265,0.265,0.266,0.266,0.267,0.268,0.268,0.269,0.27,0.27,0.271,0.272,0.273,0.273,0.274,0.274,0,0.275,0,0,0,0,0,0,0,0,0,0,0,0,0,0,0,0,0,0,0,0,0,1.136,1.136,1.136,1.134,1.134,1.134,1.134,1.132,1.132,1.132,1.132,1.13,1.13,1.13,1.128,1.128,1.128,1.126,1.124,1.124,1.121,1.121,1.121,1.121,1.119,1.119,1.121,1.121,1.124,1.124,1.128,1.13,1.132,1.134,1.136,1.14,1.14,1.142,1.144,1.147,1.147,0,0,0,0,0,0,0,0,0,0,0,0,0,0,0,0,0,0.717,0.716,0.715,0.713,0.712,0,0,0,0,0,0,0,1.16,1.157,1.155,1.155,1.155,1.153,1.153,1.153,0,0,0,0,0,0,0,0,0,0.45,0.449,0.449,0.449,0.449,0.449,0.449,0,1.082,1.084,1.084,1.084,1.086,1.086,1.084,1.084,1.086,1.086,1.086,1.09,1.088,1.09,1.09,1.09,0,0,0,0,0,0,0,0,0,0,0,0.72,0.721,0.721,0.721,0.721,0,0,0,1.105,1.107,1.109,1.109,1.111,1.113,1.113,1.117,1.119,1.119,1.121,1.124,1.126,1.126,1.126,1.126,1.128,1.128,1.128,1.128,1.128,1.13,1.13,1.132,1.134,1.136,1.138,1.138,1.14,1.14,1.142,1.142,0,0,0,0,0,0,0,0,0,0,0,0,0,0,0,0,0,0
0,0,0,0,0,0,0,0,0,0,0,0,0,0,0,0,0,0,0,0,0,0,0,0,0,0,0,0,0,0,0,0,0,0,0,0,0,0,0,0,0,0,0,0,0,0,0,0,0,0,0,0,0,0,0,0,0,0,0,0,0,0,0,0,0,0,0,0,0,0,0,0,0,0,0,0,0.275,0.275,0.275,0.275,0.275,0.274,0.274,0.274,0.274,0.274,0.274,0.274,0.274,0.274,0.274,0.274,0.274,0.274,0.274,0,0.274,0.274,0.274,0.273,0.273,0.273,0.273,0.273,0.273,0.273,0.273,0.272,0.272,0.272,0.272,0.272,0.272,0.272,0.272,0.272,0.273,0.273,0.273,0.273,0.273,0.273,0.273,0.273,0.274,0.274,0.273,0.273,0.274,0.274,0.273,0.273,0.273,0.274,0.274,0.274,0.274,0.273,0.273,0.273,0.273,0.273,0.273,0.273,0.272,0,0.272,0.272,0.272,0.272,0.271,0.271,0.271,0.271,0.271,0.271,0.271,0.271,0.271,0.271,0.271,0.271,0.271,0.271,0.271,0.271,0.271,0.271,0.271,0.271,0.271,0.271,0.271,0.271,0.271,0.271,0.271,0.271,0.271,0.271,0.27,0.27,0.27,0.27,0.27,0.27,0.27,0.27,0.27,0.27,0.27,0.27,0.27,0.27,0.27,0.27,0.27,0.27,0.27,0.27,0.27,0.27,0.27,0.27,0.27,0.27,0.27,0.27,0.27,0.27,0.27,0.27,0.269,0.269,0.269,0.269,0.269,0.269,0.269,0.269,0.269,0.268,0.268,0.268,0.268,0.268,0.268,0.268,0.268,0.268,0.268,0.268,0.268,0.268,0.268,0.268,0.268,0.268,0.268,0.268,0.269,0.269,0.269,0.268,0.268,0.268,0.268,0.268,0.268,0.269,0.269,0.269,0.269,0.268,0.268,0.268,0.268,0.268,0.268,0.268,0.268,0.268,0.268,0.268,0.268,0.268,0.268,0.268,0.268,0.268,0.268,0.268,0,0.268,0.268,0.268,0.268,0.268,0.268,0.268,0.268,0.268,0.268,0.268,0.268,0.268,0.268,0.268,0.267,0.268,0.268,0.268,0.268,0.268,0.268,0.268,0.268,0.268,0.268,0.268,0.268,0.268,0.268,0.268,0.268,0.268,0.267,0.267,0.266,0.266,0.266,0.265,0.265,0.265,0.265,0.265,0.265,0.265,0.265,0.265,0.265,0.265,0.265,0.265,0.265,0.265,0.265,0.265,0.266,0.266,0.266,0.266,0,0,0,0.265,0.265,0.265,0.265,0.265,0.265,0.265,0.265,0.265,0.265,0.265,0.265,0.265,0.265,0.264,0.264,0.264,0.264,0.264,0.264,0.264,0.263,0.263,0.263,0.263,0.263,0.263,0.263,0.263,0.263,0.263,0.263,0.263,0.263,0.263,0.263,0.263,0.263,0.263,0.263,0.263,0.262,0.262,0.262,0.262,0.262,0.262,0.262,0.263,0.263,0.263,0.263,0.263,0.263,0.263,0.263,0.263,0.263,0.263,0.263,0.263,0.263,0.263,0.263,0.263,0.263,0.263,0.263,0.263,0.263,0.263,0.263,0.263,0.263,0.263,0.263,0.263,0.263,0.263,0.263,0.263,0.263,0.263,0.263,0.264,0.264,0.265,0.265,0.266,0.266,0.267,0.267,0.268,0.269,0.27,0.271,0.271,0.272,0.273,0.273,0.274,0.274,0.275,0.275,0.276,0,0,0,0,0,0,0,0,0,0,0,1.134,0,1.136,1.136,1.136,1.136,0,1.136,1.134,1.134,1.134,1.132,1.132,1.132,1.132,1.132,1.13,1.13,1.13,1.13,1.128,1.13,1.128,1.126,1.126,1.126,1.124,1.124,1.124,1.121,1.121,1.119,1.119,1.119,1.117,1.117,1.119,1.119,1.121,1.124,1.126,1.128,1.13,1.132,1.134,1.136,1.138,1.138,1.14,1.142,0,0,0,0,0,0,0,0,0,0,0,0,0,0,0,0,0,0.717,0.716,0.715,0.713,0.712,0,0,0,0,0,0,0,1.162,1.162,1.16,1.16,1.16,1.157,1.157,0,0,0,0,0,0,0,0,0,0,0.45,0.449,0.449,0.449,0.449,0.449,0,0,1.08,1.08,1.08,1.08,1.08,1.08,1.078,1.078,1.08,1.078,1.08,1.082,1.08,1.082,1.082,1.082,0,0,0,0,0,0,0,0,0,0,0,0,0,0,0,0,0,0,0,1.105,1.105,1.107,1.109,1.111,1.113,1.113,1.115,1.117,1.119,1.121,1.124,1.126,1.126,1.126,1.126,1.128,1.128,1.128,1.128,1.13,1.13,1.132,1.134,1.136,1.138,1.14,1.14,1.142,1.144,1.144,1.144,0,0,0,0,0,0,0,0,0,0,0,0,0,0,0,0,0,0
0,0,0,0,0,0,0,0,0,0,0,0,0,0,0,0,0,0,0,0,0,0,0,0,0,0,0,0,0,0,0,0,0,0,0,0,0,0,0,0,0,0,0,0,0,0,0,0,0,0,0,0,0,0,0,0,0,0,0,0,0,0,0,0,0,0,0,0,0,0,0,0,0,0,0,0.275,0.275,0.274,0.274,0.274,0.274,0.274,0.274,0.273,0.273,0.273,0.273,0.273,0.273,0.273,0.273,0.273,0.273,0,0,0,0,0.273,0.273,0.272,0.272,0.272,0.272,0.272,0.272,0.272,0.272,0.272,0.272,0.272,0.272,0.272,0.272,0.272,0.272,0.272,0.272,0.272,0.272,0.272,0.273,0.273,0.273,0.273,0.273,0.273,0.273,0.273,0.273,0.273,0.272,0.272,0.272,0.272,0.272,0.272,0,0,0,0.272,0.272,0.272,0.271,0.271,0.271,0.271,0.271,0.271,0.271,0.27,0.27,0.27,0.27,0.27,0.27,0.27,0.27,0.27,0.27,0.27,0.27,0.27,0.27,0.27,0.27,0.27,0.27,0.27,0.27,0.27,0.27,0.27,0.27,0.27,0.27,0.27,0.27,0.27,0.27,0.27,0.269,0.269,0.269,0.269,0.269,0.269,0.269,0.269,0.269,0.269,0.269,0.269,0.269,0.269,0.269,0.269,0.269,0.269,0.269,0.269,0.269,0.269,0.269,0.269,0.27,0.27,0.269,0.269,0.269,0.269,0.269,0.269,0.269,0.269,0.268,0.268,0.268,0.268,0.268,0.268,0.268,0.268,0.268,0.268,0.268,0.268,0.268,0.268,0.268,0.268,0.268,0.268,0.268,0.268,0.268,0.268,0.268,0.268,0.268,0.268,0.268,0.268,0.268,0.268,0.268,0.268,0.268,0.268,0.268,0.268,0.268,0.268,0.268,0.268,0.268,0.268,0.268,0.267,0.267,0.267,0.267,0.267,0.267,0.267,0.267,0.267,0.267,0.267,0.267,0.267,0.267,0.267,0.267,0.267,0.267,0.267,0.267,0.267,0.267,0.267,0.267,0.267,0.267,0.267,0.267,0.267,0.267,0.267,0.267,0.267,0.267,0.267,0.267,0.267,0.267,0.267,0.267,0.267,0.268,0.268,0.268,0.268,0.268,0.267,0.267,0.267,0,0.266,0.266,0.265,0.265,0.265,0.265,0.264,0.264,0.264,0.264,0.264,0.264,0.264,0.264,0.264,0.264,0.264,0.265,0.265,0.265,0.265,0.265,0.265,0.265,0.265,0.265,0,0,0.264,0.264,0.264,0.264,0.264,0.264,0.264,0.264,0.264,0.264,0.264,0.264,0.264,0.264,0.264,0.264,0.264,0.263,0.263,0.263,0.263,0.263,0.263,0.263,0.263,0.263,0.263,0.263,0.263,0.263,0.263,0.263,0.263,0.262,0.262,0.263,0.262,0.262,0.262,0.262,0.262,0.262,0.262,0.262,0.262,0.262,0.262,0.262,0.262,0.262,0.262,0.262,0.262,0.262,0.262,0.262,0.262,0.262,0.262,0.262,0.262,0.262,0.262,0.262,0.262,0.262,0.262,0.262,0.262,0.262,0.262,0.262,0.262,0.262,0.262,0.262,0.262,0.262,0.262,0.262,0.262,0.263,0.263,0.263,0.263,0.264,0.264,0.265,0.265,0.266,0.267,0.268,0.268,0.27,0.27,0.271,0.272,0.272,0.273,0.274,0.274,0.274,0.274,0.275,0.276,0,0,0,0,0,0,0,0,0,0,1.128,1.132,1.132,1.132,1.132,1.132,1.132,1.134,1.134,1.132,1.13,1.13,1.13,1.13,1.13,1.13,1.128,1.128,1.128,1.128,1.128,1.128,1.128,1.128,1.126,1.126,1.126,1.126,1.126,1.126,1.124,1.121,1.121,1.119,1.119,1.117,1.117,1.117,1.117,1.119,1.121,1.124,1.124,1.126,1.128,1.128,1.132,1.132,1.134,1.134,1.134,1.134,1.136,1.14,1.136,0,0,0,0,0,0,0,0,0,0,0,0,0.716,0.716,0.715,0.714,0.712,0.711,0,0,0,0,0,0,0,1.164,1.164,1.162,1.16,1.162,1.16,0,0,0,0,0,0,0,0,0,0,0,0.45,0.449,0.449,0.449,0.449,0.449,0,0,1.076,1.074,1.074,1.074,1.074,1.074,1.071,1.073,1.071,1.071,1.073,1.074,1.074,1.074,1.073,1.074,1.076,0,0,0,0,0,0,0,0,0,0,0,0,0,0,0,0,0,0,1.105,1.105,1.107,1.109,1.109,1.113,1.113,1.115,1.117,1.119,1.121,1.124,1.126,1.126,1.126,1.126,1.128,1.128,1.128,1.13,1.13,1.132,1.134,1.136,1.138,1.14,1.142,1.142,1.142,1.144,1.147,1.147,1.147,0,0,0,0,0,0,0,0,0,0,0,0,0,0,0,0,0
0,0,0,0,0,0,0,0,0,0,0,0,0,0,0,0,0,0,0,0,0,0,0,0,0,0,0,0,0,0,0,0,0,0,0,0,0,0,0,0,0,0,0,0,0,0,0,0,0,0,0,0,0,0,0,0,0,0,0,0,0,0,0,0,0,0,0,0,0,0,0,0,0,0,0,0,0.274,0.274,0.273,0.273,0.273,0.273,0.273,0.272,0.272,0.272,0.272,0.272,0.272,0.272,0.272,0.272,0.272,0.272,0.272,0.272,0.272,0.272,0.272,0.271,0.271,0.271,0.271,0.271,0.271,0.271,0.271,0.271,0.271,0.271,0.271,0.271,0.271,0.271,0.271,0.271,0.271,0.271,0.271,0.271,0.272,0.272,0.272,0.272,0.272,0.272,0.272,0.272,0.272,0.271,0.271,0.271,0.271,0.271,0.271,0.271,0,0,0,0.27,0.27,0.27,0.27,0.27,0.27,0.27,0.27,0.269,0.269,0.269,0.269,0.269,0.269,0.269,0.269,0.269,0.269,0.269,0.269,0.269,0,0,0.269,0.269,0.269,0.269,0.269,0.27,0.27,0.27,0.269,0.27,0.27,0.269,0.269,0.269,0.269,0.269,0.269,0.269,0.269,0.269,0.268,0.268,0.268,0.268,0.268,0.268,0.268,0.268,0.268,0.268,0.268,0.268,0.268,0.268,0.268,0.268,0.268,0.269,0.269,0.269,0.269,0.269,0.269,0.269,0.269,0.269,0.268,0.268,0.268,0.268,0.268,0.268,0.268,0.268,0.268,0.268,0.268,0.267,0.267,0.267,0.267,0.267,0.267,0.267,0.267,0.267,0.267,0.267,0.267,0.267,0.267,0.267,0.267,0.267,0.267,0.267,0.267,0.267,0.267,0.267,0.267,0.267,0.267,0.267,0.267,0.267,0.267,0.267,0.267,0.267,0.267,0.267,0.267,0.267,0.267,0.267,0.267,0.267,0.266,0.266,0.266,0.266,0.266,0.266,0.266,0.266,0.266,0.266,0.265,0.265,0.265,0.266,0.266,0.266,0.266,0.266,0.266,0.267,0.267,0.266,0.266,0,0.266,0.266,0.266,0.266,0.266,0.266,0.266,0.267,0.267,0.267,0.267,0.267,0.267,0.267,0.267,0.267,0.267,0.267,0.267,0.267,0.266,0.266,0.265,0.265,0.265,0.265,0.265,0.264,0.264,0.264,0.264,0.264,0.263,0.264,0.263,0.263,0.263,0.263,0.263,0.264,0.264,0.264,0.264,0.264,0.264,0.264,0.264,0.264,0.264,0.264,0.264,0.264,0.264,0.264,0.264,0.264,0.264,0.264,0.264,0.264,0.264,0,0.264,0.264,0.264,0.264,0.264,0.263,0.263,0.263,0.263,0.263,0.262,0.262,0.262,0.262,0.262,0.262,0.262,0.262,0.262,0.262,0.262,0.262,0.262,0.262,0.262,0.262,0.262,0,0,0.261,0.261,0.261,0.261,0.261,0.261,0.261,0.261,0.261,0.261,0.261,0.261,0.262,0.262,0.262,0.262,0.262,0.262,0.262,0.262,0.262,0.262,0.261,0.261,0.261,0.261,0.261,0.261,0.261,0.261,0.261,0.261,0.261,0.261,0.261,0.261,0.261,0.261,0.262,0.262,0.262,0.262,0.262,0.262,0.263,0.263,0.264,0.264,0.265,0.266,0.267,0.268,0.269,0.27,0.271,0.272,0.272,0.273,0.273,0.274,0.274,0.274,0.275,0.275,0.276,0,0,0,0,0,0,0,0,0,0,0,1.128,1.128,1.13,1.13,1.13,1.13,1.13,1.128,1.128,1.126,1.126,1.126,1.126,1.126,1.126,1.126,1.126,1.126,1.126,1.126,1.126,1.126,1.126,1.126,1.126,1.126,1.126,1.126,1.126,1.126,1.124,1.124,1.124,1.119,1.119,1.117,1.117,1.117,1.117,1.117,1.119,1.119,1.121,1.124,1.124,1.126,1.126,1.126,1.128,1.128,1.13,1.13,1.134,0,0,0,0,0,0,0,0,0,0,0,0,0.717,0.716,0.716,0.715,0.715,0.713,0.712,0,0,0,0,0,0,0,0,1.166,1.164,1.164,1.164,1.162,0,0,0,0,0,0,0,0,0,0,0,0.45,0.449,0.449,0.449,0.449,0.449,0,0,1.069,0,1.069,0,1.069,1.069,1.067,1.065,1.065,1.065,1.067,1.067,1.069,1.067,1.069,1.071,1.071,0,0,0,0,0,0,0,0,0,0,0,0,0,0,0,0,0,1.103,1.103,1.105,1.107,1.107,1.109,1.111,1.113,1.115,1.117,1.119,1.121,1.121,1.124,1.124,1.126,1.126,1.126,1.128,1.128,1.13,1.13,1.132,1.132,1.136,1.136,1.14,1.14,1.142,1.142,1.144,1.147,1.149,0,0,0,0,0,0,0,0,0,0,0,0,0,0,0,0,0,0
0,0,0,0,0,0,0,0,0,0,0,0,0,0,0,0,0,0,0,0,0,0,0,0,0,0,0,0,0,0,0,0,0,0,0,0,0,0,0,0,0,0,0,0,0,0,0,0,0,0,0,0,0,0,0,0,0,0,0,0,0,0,0,0,0,0,0,0,0,0,0,0,0,0,0,0,0.274,0.273,0.273,0.272,0.272,0.272,0.272,0.272,0.271,0.271,0.271,0.271,0.271,0.271,0.271,0.271,0.271,0.271,0.271,0.271,0.271,0.271,0.271,0.27,0.27,0.27,0.27,0.27,0.27,0.27,0.27,0.27,0.27,0,0.27,0.27,0.27,0.27,0.27,0.27,0.27,0.27,0.27,0.27,0.271,0.271,0.271,0.271,0.271,0.27,0.27,0.271,0.271,0.27,0.27,0.27,0.27,0.27,0.27,0.27,0.269,0.269,0.269,0.269,0.269,0.269,0.269,0.268,0.268,0.268,0.268,0.268,0.268,0.268,0.268,0.268,0.268,0.268,0.268,0.268,0.268,0.268,0.268,0.268,0.268,0.268,0.268,0.268,0.268,0.269,0.269,0.269,0.269,0.269,0.269,0.269,0.269,0.268,0.268,0.268,0.268,0.268,0.268,0.268,0.268,0.268,0.268,0.268,0.268,0.267,0.267,0.267,0.267,0.267,0.267,0.267,0.267,0.267,0.267,0.268,0.268,0.268,0.268,0.268,0.268,0.268,0.268,0.268,0.268,0.268,0.268,0.268,0.268,0.268,0.268,0.268,0.268,0.267,0.267,0.267,0.267,0.267,0.267,0.267,0.267,0.267,0.267,0.267,0.267,0.267,0.267,0.267,0.266,0.266,0.266,0.266,0.266,0.266,0.266,0.266,0.266,0.266,0.266,0.266,0.266,0.267,0.267,0.267,0.267,0.267,0.267,0.267,0.267,0.267,0.267,0.267,0.267,0.267,0.266,0.266,0.266,0.266,0.266,0.266,0.266,0.266,0.266,0.266,0.265,0.265,0.265,0.265,0.265,0.265,0.265,0.265,0.265,0.265,0.265,0.265,0.265,0.266,0.266,0.266,0.266,0.266,0,0,0.266,0.266,0.265,0.265,0.265,0.266,0.266,0.266,0.266,0.266,0.266,0.266,0.266,0.266,0.266,0.266,0.266,0.266,0.266,0.266,0.265,0.265,0.265,0.264,0.264,0.264,0.264,0.264,0.264,0.263,0.263,0.263,0.263,0.263,0.263,0.263,0.263,0.263,0.263,0.263,0.263,0.263,0.263,0.263,0.263,0.263,0.263,0.263,0.263,0.263,0.263,0.263,0.263,0.263,0.263,0.263,0.263,0.263,0.263,0.263,0.263,0.263,0,0.263,0.263,0.263,0.263,0.263,0.263,0.262,0.262,0.262,0.262,0.262,0.262,0.262,0.262,0.262,0.262,0.262,0.262,0.262,0.262,0.262,0.261,0.261,0.261,0.261,0.261,0,0.261,0.26,0.26,0.26,0.26,0.26,0.26,0.26,0.26,0.26,0.26,0.261,0.261,0,0,0.261,0.261,0.261,0.261,0.261,0.261,0.261,0.261,0.261,0.261,0.261,0.26,0.26,0.26,0.26,0.26,0.26,0.26,0.26,0.26,0.26,0.26,0.261,0.261,0.261,0.261,0.261,0.262,0.262,0.262,0.262,0.263,0.264,0.264,0.265,0.265,0.267,0.268,0.269,0.27,0.271,0.272,0.273,0.273,0.274,0.274,0.274,0.274,0.275,0.275,0.276,0,0,0,0,0,0,0,0,1.121,1.124,1.124,1.126,1.126,1.126,1.126,1.126,1.124,1.126,1.126,1.124,1.121,1.121,1.121,1.121,1.124,1.121,1.121,1.121,1.121,1.124,1.124,1.124,1.126,1.126,1.126,1.126,1.126,1.126,1.128,1.128,1.128,1.126,1.126,1.121,1.119,1.119,1.117,1.115,1.115,1.115,1.115,1.115,1.117,1.117,1.119,1.119,1.121,1.121,1.121,1.124,1.124,1.126,1.128,1.13,0,0,0,0,0,0,0,0,0,0,0,0,0.716,0.715,0.715,0.715,0.715,0.713,0,0,0,0,0,0,0,0,0,0,0,0,0,0,0,0,0,0,0,0,0,0,0,0,0.45,0.449,0.449,0.449,0.449,0.449,0.449,0,0,1.06,0,1.061,1.061,1.063,1.061,1.061,1.06,1.06,1.058,1.06,1.06,1.061,1.06,1.06,1.06,0,0,0,0,0,0,0,0,0,0,0,0,0,0,0,0,0,0,1.101,1.103,1.103,1.105,1.107,1.109,1.111,1.111,1.113,1.115,1.117,1.119,1.121,1.121,1.124,1.124,1.124,1.126,1.128,1.128,1.13,1.13,1.13,1.132,1.132,1.134,1.138,1.138,1.138,1.138,1.14,1.142,1.144,0,0,0,0,0,0,0,0,0,0,0,0,0,0,0,0,0,0
0,0,0,0,0,0,0,0,0,0,0,0,0,0,0,0,0,0,0,0,0,0,0,0,0,0,0,0,0,0,0,0,0,0,0,0,0,0,0,0,0,0,0,0,0,0,0,0,0,0,0,0,0,0,0,0,0,0,0,0,0,0,0,0,0,0,0,0,0,0,0,0,0,0,0,0,0,0,0,0,0,0.271,0.271,0,0.27,0.27,0.27,0.27,0.27,0.271,0.27,0.27,0.27,0.27,0.27,0.27,0.27,0.27,0.27,0.27,0.27,0.27,0.27,0.27,0.27,0.27,0.27,0.269,0.269,0.269,0.27,0.27,0.27,0.27,0.27,0.27,0.27,0.27,0.27,0.27,0.27,0.27,0.27,0.27,0,0,0.269,0.269,0.27,0.269,0.269,0.269,0.269,0.269,0.268,0.268,0.268,0.268,0.268,0.268,0.268,0.267,0.267,0.267,0.267,0.267,0.267,0.267,0.267,0.267,0.267,0.267,0.267,0,0,0.267,0.267,0.267,0.267,0.267,0.267,0.267,0.267,0.268,0.268,0.268,0.268,0.268,0.268,0.268,0.268,0.268,0.268,0.268,0.268,0.267,0.267,0.267,0.267,0.267,0.267,0.267,0.267,0.267,0.267,0.267,0.267,0.267,0.267,0.267,0.267,0.267,0.267,0.267,0.267,0.267,0.267,0.267,0.267,0.267,0.267,0.267,0.267,0.267,0.267,0.267,0.267,0.267,0,0,0.267,0.267,0.267,0.267,0.267,0.267,0.267,0.267,0.267,0.266,0.266,0.266,0.266,0.266,0.266,0.266,0.266,0.266,0.266,0.266,0.266,0.266,0.266,0.266,0.266,0.266,0.266,0.266,0.266,0.266,0.266,0.266,0.266,0.266,0.266,0.266,0.266,0.266,0.266,0.266,0.266,0.266,0.266,0.266,0.266,0.266,0.266,0.266,0.265,0.265,0.265,0.265,0.265,0.265,0.265,0.265,0.265,0.265,0.265,0.264,0.264,0.265,0.265,0.265,0.265,0.265,0.265,0.265,0.265,0.265,0.265,0.265,0,0,0.265,0.265,0.265,0.265,0.265,0.265,0.265,0.265,0.266,0.266,0.266,0.266,0.266,0.265,0.265,0.265,0.265,0.265,0.265,0.265,0.264,0.264,0.264,0.264,0.264,0.263,0.263,0.263,0.263,0.263,0.263,0.263,0.262,0.262,0.262,0.262,0.262,0.262,0.262,0.262,0.262,0.263,0.263,0.263,0.263,0.263,0.263,0.263,0.263,0.263,0.263,0.263,0.262,0.263,0.263,0.263,0.262,0.262,0.262,0.263,0.263,0.262,0.262,0.263,0.263,0.262,0.262,0.262,0.262,0.262,0.262,0.262,0.262,0.262,0.262,0.262,0.261,0.261,0.261,0.261,0.261,0.261,0.261,0.261,0.261,0.261,0.261,0.26,0.26,0.26,0.26,0.26,0.259,0.259,0.259,0.259,0.26,0.26,0.26,0.26,0.26,0.26,0.26,0.26,0.26,0.26,0.26,0.261,0.261,0.261,0.261,0.26,0.26,0.26,0.26,0.26,0.26,0.26,0.26,0.26,0.26,0.26,0.26,0.26,0.26,0.26,0.26,0.26,0.26,0.26,0.261,0.261,0.261,0.261,0.262,0.262,0.263,0.263,0.264,0.264,0.265,0.267,0,0.269,0,0.271,0.272,0.273,0.273,0.274,0.274,0.274,0.274,0.275,0.275,0,0,0,0,0,1.117,1.117,1.117,1.117,1.119,1.117,1.119,1.119,1.119,1.119,1.119,1.119,1.119,1.119,1.119,1.117,1.117,1.115,1.115,1.117,1.117,1.117,1.117,1.117,1.117,1.119,1.121,1.121,1.124,1.124,1.124,1.126,1.126,1.126,1.126,1.126,1.126,1.124,1.124,1.124,1.119,1.117,1.115,1.115,1.113,1.113,1.111,1.111,1.111,1.111,1.111,1.113,1.113,1.115,1.117,1.117,1.117,1.119,1.124,0,0,0,0,0,0,0,0,0,0,0,0,0.716,0.716,0.715,0.715,0,0.715,0.713,0,0,0,0,0,0,0,0,0,0,0,0,0,0,0,0,0,0,0,0,0,0,0,0,0.449,0.449,0.449,0.449,0.449,0.449,0.449,0,0,1.052,0,1.052,1.054,1.056,1.056,1.056,1.056,1.056,1.054,1.054,1.052,1.052,1.051,1.049,0,0,0,0,0,0,0,0,0,0,0,0,0,0,0,0,0,0,0,1.099,1.101,1.103,1.103,1.105,1.107,1.109,1.111,1.111,1.113,1.115,1.117,1.119,1.121,1.121,1.124,1.124,1.124,1.128,1.128,1.13,1.132,1.13,1.13,1.13,1.134,1.134,1.136,1.136,1.138,1.138,1.14,0,0,0,0,0,0,0,0,0,0,0,0,0,0,0,0,0,0,0
0,0,0,0,0,0,0,0,0,0,0,0,0,0,0,0,0,0,0,0,0,0,0,0,0,0,0,0,0,0,0,0,0,0,0,0,0,0,0,0,0,0,0,0,0,0,0,0,0,0,0,0,0,0,0,0,0,0,0,0,0,0,0,0,0,0,0,0,0,0,0,0,0,0,0,0,0,0,0,0,0.27,0.27,0.27,0.27,0.269,0.269,0.27,0.27,0.27,0.27,0.27,0.27,0.27,0.27,0.27,0.27,0.27,0.269,0.269,0.269,0.269,0.269,0.269,0.269,0.269,0.269,0.269,0.269,0.269,0.269,0.269,0.269,0.269,0.269,0.269,0.269,0.269,0.269,0.269,0.269,0.269,0.269,0.268,0.268,0.268,0,0.268,0.268,0.268,0.268,0.268,0.268,0.268,0.268,0.267,0.267,0.267,0.267,0.267,0.267,0.266,0.266,0.266,0.267,0.267,0.266,0.266,0.266,0.266,0.266,0.266,0.266,0.266,0,0,0.266,0.266,0.266,0.266,0.266,0.266,0.267,0.267,0.267,0.267,0.267,0.267,0.267,0.267,0.267,0.267,0.267,0.267,0.267,0.267,0.267,0.267,0.267,0.267,0.267,0.267,0.267,0.267,0.266,0.266,0.266,0.266,0.266,0.266,0.266,0.266,0.266,0.266,0.266,0.266,0.266,0.266,0.266,0.266,0.266,0.267,0.267,0.267,0.267,0.267,0.267,0.267,0,0,0.267,0.267,0.267,0.267,0.267,0.266,0.266,0.266,0.266,0.266,0.266,0.266,0.266,0.266,0.266,0.266,0.266,0.266,0.266,0.266,0.266,0.266,0.266,0.265,0.265,0.265,0.265,0.265,0.265,0.265,0.265,0.265,0.266,0.266,0.266,0.266,0.266,0.266,0.266,0.266,0.265,0.265,0.265,0.265,0.265,0.265,0.265,0.265,0.265,0.265,0.265,0.265,0.265,0.265,0.265,0.265,0.264,0.264,0.264,0.264,0.264,0.264,0.264,0.264,0.264,0.264,0.264,0.264,0.264,0.264,0.265,0.265,0.265,0.264,0.264,0.264,0.264,0.265,0.265,0.265,0.265,0.265,0.265,0.265,0.265,0.265,0.265,0.265,0.265,0.265,0,0,0,0.264,0.264,0.264,0.264,0.263,0.263,0.263,0.263,0.263,0.263,0.263,0.262,0.262,0.262,0.262,0.262,0.262,0.262,0.262,0.262,0,0.262,0.262,0.262,0.262,0.262,0.262,0.262,0.262,0.262,0.262,0.262,0.262,0.262,0.262,0.262,0.262,0.262,0.262,0.262,0.262,0.262,0.262,0.262,0.262,0.262,0.262,0.262,0.262,0.262,0.262,0.262,0.262,0.261,0.261,0.261,0.261,0.261,0.261,0.261,0.261,0.261,0.261,0.261,0.26,0.26,0.26,0.26,0.26,0.26,0.26,0.259,0.259,0.259,0.259,0.259,0.259,0.259,0.259,0.259,0.259,0.259,0.259,0.26,0.26,0.26,0.26,0.26,0.26,0.26,0.26,0.26,0.26,0.26,0.26,0.26,0.259,0.259,0.259,0.259,0.259,0.259,0.259,0.259,0.259,0.259,0.259,0.259,0.259,0.259,0.26,0.26,0.26,0.26,0.26,0.261,0.261,0.262,0.262,0.263,0.263,0.264,0.265,0.266,0.268,0.269,0.27,0.272,0.273,0.273,0.274,0.274,0.274,0.274,0.275,0.275,0,0,0,0,1.113,1.113,1.113,1.113,1.113,1.115,1.113,1.113,1.113,1.113,1.113,1.113,1.113,1.111,1.109,1.111,1.111,1.109,1.109,1.109,1.109,1.109,1.111,1.113,1.113,1.113,1.115,1.117,1.117,1.119,1.121,1.121,1.124,1.124,1.126,1.126,1.126,1.126,1.124,1.124,1.124,1.121,1.117,1.117,1.113,1.113,1.111,1.109,1.109,1.109,1.109,1.107,1.107,1.109,1.109,1.111,1.113,1.113,1.115,1.117,1.119,0,0,0,0,0,0,0,0,0,0,0,0.716,0.716,0.715,0.715,0.715,0.715,0.714,0,0,0,0,0,0,0,0,0,0,0,0,0,0,0,0,0,0,0,0,0,0,0,0,0,0.449,0.449,0.449,0.449,0.449,0.449,0.449,0,0,1.043,1.045,1.045,1.049,1.049,1.051,1.049,1.051,1.051,1.049,1.049,1.047,1.045,1.043,0,0,0,0,0,0,0,0,0,0,0,0,0,0,0,0,0,0,0,1.095,1.097,1.099,1.099,1.101,1.103,1.105,1.107,1.109,1.109,1.111,1.113,1.115,1.117,1.119,1.121,1.121,1.124,1.124,1.126,1.128,1.13,1.132,1.13,1.132,1.132,1.134,1.136,1.136,1.136,1.136,1.138,1.14,0,0,0,0,0,0,0,0,0,0,0,0,0,0,0,0,0,0,0
0,0,0,0,6.538,6.608,6.608,6.538,6.538,6.608,0,0,0,0,0,0,0,0,0,0,0,0,0,0,0,0,0,0,0,0,0,0,0,0,0,0,0,0,0,0,0,0,0,0,0,0,0,0,0,0,0,0,0,0,0,0,0,0,0,0,0,0,0,0,0,0,0,0,0,0,0,0,0,0,0,0,0,0,0,0.27,0.27,0.269,0.269,0.269,0.269,0.268,0.269,0.269,0.269,0.269,0.269,0.269,0.269,0.269,0.269,0.269,0.269,0.269,0.269,0.269,0.269,0.269,0.269,0.269,0.268,0.268,0.268,0.268,0.268,0.268,0.268,0.268,0.268,0.268,0.268,0.268,0.268,0.268,0.268,0.268,0.268,0.268,0.267,0.267,0.267,0.267,0.267,0.267,0.267,0.267,0.267,0.267,0.267,0.266,0.266,0.266,0.266,0.266,0.266,0.266,0.266,0.265,0.266,0.266,0.266,0.265,0.265,0.265,0.265,0.265,0.265,0.265,0.265,0.265,0.265,0.265,0.265,0.265,0.265,0.265,0.266,0.266,0.266,0.266,0.266,0.266,0.267,0.267,0.266,0.266,0.266,0.266,0.266,0.266,0.266,0.266,0.266,0.266,0.266,0.266,0.266,0.266,0.266,0.266,0.266,0.265,0.265,0.265,0.265,0.265,0.265,0.265,0.265,0.265,0.265,0.265,0.265,0.266,0.266,0.266,0.266,0.266,0.266,0.266,0.267,0.266,0.266,0.267,0.266,0.266,0.266,0.267,0.266,0.266,0.266,0.266,0.266,0.266,0.266,0.266,0.266,0.266,0.265,0.265,0.265,0.265,0.265,0.265,0.265,0.265,0.265,0.265,0.265,0.265,0.265,0.265,0.265,0.265,0.265,0.265,0.265,0.265,0.265,0.265,0.265,0.265,0.265,0.265,0.265,0.265,0.265,0.265,0.265,0.265,0.265,0.265,0.265,0.265,0.265,0.264,0.264,0.264,0.264,0.264,0.264,0.264,0.264,0.264,0.264,0.264,0.263,0.263,0.264,0.264,0.264,0.264,0.264,0.264,0.264,0.264,0.264,0.264,0.264,0.264,0.264,0.264,0.264,0.264,0.264,0.264,0.264,0.264,0.265,0.265,0.264,0.264,0.264,0.264,0.264,0,0,0,0.263,0.263,0.263,0.263,0.263,0.263,0.263,0.263,0.263,0.263,0.262,0.262,0.262,0,0.262,0.261,0.261,0.261,0.261,0.261,0.261,0.261,0.261,0.261,0.262,0.262,0.262,0.262,0.262,0.262,0.262,0.262,0.261,0.261,0.261,0.261,0.261,0.261,0,0.261,0.261,0.261,0.261,0.261,0.261,0.262,0.262,0.261,0.261,0.261,0.261,0.261,0.261,0.261,0.261,0.261,0.261,0.261,0.261,0.261,0.261,0.26,0.26,0.26,0.26,0.26,0.26,0.26,0.26,0.259,0.259,0.259,0.259,0.259,0.258,0.258,0.259,0.259,0.259,0.259,0.259,0.259,0.259,0.259,0.259,0.259,0.259,0.259,0.259,0.259,0.26,0.26,0.26,0.259,0.259,0.259,0.259,0.259,0.259,0.258,0.258,0.258,0.258,0.258,0.258,0.258,0.259,0.259,0.259,0.259,0.259,0.259,0.26,0.26,0.26,0.26,0.261,0.261,0.262,0.263,0.263,0.264,0.265,0.266,0.268,0,0.271,0.272,0.273,0.273,0.274,0.274,0.274,0.274,0.275,0.275,0,0,0,0,1.107,1.107,1.109,1.109,1.109,1.109,1.111,1.109,1.105,1.107,1.107,1.105,1.103,1.103,1.101,1.101,1.101,1.101,1.101,1.101,1.103,1.103,1.105,1.107,1.109,1.109,1.109,1.113,1.113,1.115,1.117,1.119,1.121,1.121,1.124,1.124,1.124,1.124,1.124,1.121,1.119,1.119,1.115,1.115,1.111,1.109,1.107,1.107,1.107,1.105,1.105,1.105,1.105,1.105,1.105,1.107,1.109,1.111,1.113,1.115,0,0,0,0,0,0,0,0,0,0,0,0.715,0.716,0.716,0.715,0.715,0,0,0,0,0,0,0,0,0,0,0,0,0,0,0,0,0,0,0,0,0,0,0,0,0,0,0,0,0.449,0.449,0.449,0.449,0.449,0.449,0.449,0,1.038,1.036,1.036,1.04,1.04,1.04,1.04,1.042,1.042,1.043,1.043,1.04,1.038,0,0,0,0,0,0,0,0,0,0,0,0,0,0,0,0,0,0,0,0,0,1.094,1.094,1.095,1.095,1.097,1.099,1.101,1.103,1.105,1.109,1.109,1.111,1.113,1.115,1.117,1.119,1.121,1.121,1.124,1.126,1.128,1.13,1.13,1.13,1.13,1.13,1.132,1.134,1.134,1.134,1.134,1.134,0,0,0,0,0,0,0,0,0,0,0,0,0,0,0,0.669,0.669,0.669,0.669,0.669
0,0,0,0,6.68,6.68,6.68,6.68,6.68,6.68,0,0,0,0,0,0,0,0,0,0,0,0,0,0,0,0,0,0,0,0,0,0,0,0,0,0,0,0,0,0,0,0,0,0,0,0,0,0,0,0,0,0,0,0,0,0,0,0,0,0,0,0,0,0,0,0,0,0,0,0,0,0,0,0,0,0,0,0,0,0,0.269,0.268,0.268,0.268,0.268,0.268,0.268,0.268,0.268,0.268,0.268,0.268,0.269,0.269,0.269,0.269,0.268,0.268,0.268,0.268,0.268,0.268,0.268,0.268,0.268,0.268,0.268,0.268,0.268,0.268,0.268,0.268,0.268,0.268,0.268,0.268,0.267,0.267,0.267,0.267,0.267,0.267,0.267,0.266,0.266,0.266,0.266,0.266,0.266,0.266,0.266,0.266,0.266,0.266,0.265,0.265,0.265,0.265,0.265,0.265,0.265,0.265,0.265,0.265,0.265,0.265,0.265,0.264,0.264,0.264,0.264,0.264,0.264,0.264,0.264,0.264,0.264,0.264,0.264,0.265,0.265,0.265,0.265,0.265,0.265,0.265,0.266,0.266,0.265,0.265,0.265,0.265,0.265,0.265,0.265,0.265,0.265,0.265,0.265,0.265,0.265,0.265,0.265,0.265,0.265,0.265,0.265,0.264,0.264,0.264,0.264,0.264,0.264,0.264,0.264,0.264,0.265,0.265,0.265,0.265,0.266,0.266,0.266,0.266,0.266,0.266,0.266,0.266,0.266,0.266,0.266,0.266,0.266,0.266,0.266,0.266,0.266,0.266,0.266,0.265,0.265,0.265,0.265,0.265,0.265,0.265,0.265,0.265,0.265,0.265,0.265,0.265,0.265,0.264,0.264,0.264,0.264,0.264,0.264,0.265,0.265,0.265,0.265,0.265,0.265,0.264,0.264,0.264,0.264,0.264,0.264,0.264,0.264,0.264,0.264,0.264,0.264,0.264,0.264,0.264,0.264,0.264,0.264,0.264,0.264,0.264,0.264,0.263,0.263,0.263,0.263,0.263,0.263,0.263,0.263,0.263,0.263,0.263,0.264,0.264,0.263,0.263,0.263,0.263,0.264,0.264,0.264,0.264,0.264,0.264,0.264,0.264,0.264,0.264,0.264,0.264,0.264,0.264,0.263,0.263,0,0.263,0.263,0.262,0.262,0.262,0.262,0.263,0.262,0.262,0.262,0.262,0.262,0.262,0.262,0.261,0.261,0.261,0.261,0.261,0.261,0.261,0.261,0.261,0.261,0.261,0.261,0.261,0.261,0.261,0.261,0.261,0.261,0.261,0.261,0.261,0.261,0.261,0.261,0.261,0.261,0.261,0.261,0.261,0.261,0.261,0.261,0.261,0.261,0.261,0.261,0.261,0.261,0.261,0.261,0.261,0.261,0.261,0.261,0.26,0.26,0.26,0.26,0.26,0.26,0.26,0.26,0.26,0.26,0.259,0.259,0.259,0.259,0.259,0.258,0.258,0.258,0.258,0.258,0.258,0.258,0.258,0.258,0.258,0.258,0.259,0.259,0.259,0.259,0.259,0.259,0.259,0.259,0.259,0.259,0.259,0.259,0.258,0.258,0.258,0.258,0.258,0.258,0.258,0.258,0.258,0.258,0.258,0.258,0.258,0.258,0.259,0.259,0.259,0.259,0.26,0.26,0.26,0.261,0.261,0.262,0.262,0.263,0.264,0.265,0.266,0.268,0.269,0,0.272,0.273,0.273,0.274,0.274,0.274,0.275,0,0,0,1.094,0,0,1.103,1.105,1.107,1.105,1.105,1.105,1.103,1.103,1.101,1.101,1.099,1.097,1.095,1.095,1.094,1.094,1.094,1.095,1.095,1.095,1.097,1.099,1.101,1.103,1.105,1.105,1.107,1.109,1.111,1.113,1.115,1.115,1.117,1.117,1.119,1.121,1.121,1.121,1.119,1.117,1.117,1.115,1.113,1.111,1.109,1.107,1.105,1.103,1.103,1.103,1.103,1.103,1.103,1.103,1.103,1.103,1.105,1.109,1.111,1.113,0,0,0,0,0,0,0,0,0,0,0.715,0.716,0.716,0.715,0.715,0,0,0,0,0,0,0,0,0,0,0,0,0,0,0,0,0,0,0,0,0,0,0,0,0,0,0,0,0,0.449,0.449,0.449,0.449,0.449,0.449,0.449,0,1.035,1.033,1.031,1.029,1.028,1.029,1.026,1.028,1.029,1.028,1.028,1.028,1.028,1.028,1.026,1.026,1.023,0,0,0,0,0,0,0,0,0,0,0,0,0,0,0,0,0,1.09,1.09,1.094,1.092,1.095,1.095,1.097,1.101,1.103,1.105,1.107,1.109,1.113,1.113,1.117,1.117,1.119,1.121,1.124,1.124,1.126,1.128,1.13,1.128,1.128,1.128,1.13,1.13,1.132,1.13,1.128,1.128,0,0,0,0,0,0,0,0,0,0,0,0,0,0.668,0.669,0.669,0.669,0.669,0.669,0.669
0,0,0,0,6.828,6.753,6.753,6.753,6.753,6.753,6.68,6.68,0,0,0,0,0,0,0,0,0,0,0,0,0,0,0,0,0,0,0,0,0,0,0,0,0,0,0,0,0,0,0,0,0,0,0,0,0,0,0,0,0,0,0,0,0,0,0,0,0,0,0,0,0,0,0,0,0,0,0,0,0,0,0,0,0,0,0,0,0,0.267,0.267,0.267,0.267,0.267,0.268,0.268,0.268,0.268,0.268,0.268,0.268,0.268,0.268,0.268,0.268,0.268,0.268,0.268,0.268,0.268,0.268,0.267,0.268,0.267,0.267,0.267,0.267,0.267,0.267,0.267,0.267,0.267,0.267,0.267,0.267,0.266,0.266,0.266,0.266,0.266,0.265,0.265,0.265,0.265,0.265,0.265,0.265,0.265,0.265,0.265,0.265,0.264,0.264,0.264,0.264,0.264,0.264,0.264,0.264,0.264,0.264,0.264,0.264,0.264,0.264,0.264,0.264,0.264,0.264,0.263,0.263,0.263,0.264,0.264,0.264,0.264,0.264,0.264,0.264,0.264,0.264,0.265,0.265,0.265,0.265,0.265,0.265,0.264,0.264,0.264,0.264,0.264,0.264,0.264,0.264,0.264,0.264,0.264,0.264,0.264,0.264,0.264,0.264,0.264,0.264,0.264,0.264,0.263,0.263,0.263,0.263,0.264,0.264,0.264,0.264,0.265,0.265,0.265,0.265,0.265,0.265,0.266,0.266,0.266,0.266,0.266,0.266,0.266,0.266,0.266,0.266,0.266,0.266,0.266,0.266,0.266,0.265,0.265,0.265,0.265,0.265,0.265,0.265,0,0,0.265,0.265,0.264,0.264,0.264,0.264,0.264,0.264,0.264,0.264,0.264,0.264,0.264,0.264,0.264,0.264,0.264,0.264,0.264,0.264,0,0.264,0.264,0.264,0.263,0.264,0.264,0.264,0.264,0.264,0.264,0.264,0.264,0.264,0.264,0.264,0.264,0.263,0.263,0.263,0.263,0.263,0.263,0.263,0.263,0.263,0.263,0.263,0.263,0.263,0.263,0.263,0.263,0.263,0.263,0.263,0.263,0.263,0.264,0.263,0.263,0.263,0.263,0.264,0.264,0,0.264,0.263,0.263,0.263,0.263,0.263,0.262,0.262,0.262,0.262,0.262,0.262,0.262,0.262,0.262,0,0,0.262,0.262,0.262,0.261,0.261,0.261,0.261,0.261,0.261,0.261,0.261,0.261,0.26,0.26,0.26,0.261,0.261,0.261,0.261,0.261,0.261,0.26,0.26,0.26,0.26,0.26,0.26,0.26,0.26,0.26,0.26,0.26,0.261,0.261,0.261,0.261,0.261,0.261,0.261,0.261,0.261,0.261,0.261,0.261,0.261,0.26,0.26,0.261,0.261,0.26,0.26,0.26,0.26,0.26,0.26,0.26,0.259,0.259,0.259,0.259,0.259,0.259,0.258,0.258,0.258,0.258,0.258,0.258,0.258,0.258,0.258,0.258,0.258,0.258,0.258,0.258,0.258,0.258,0.258,0.258,0.259,0.259,0.259,0.259,0.259,0.258,0.258,0.258,0.258,0.258,0.258,0.258,0.258,0.258,0.258,0.258,0.258,0.258,0.258,0.258,0.258,0.258,0.258,0.259,0.259,0.259,0.26,0.26,0.26,0.261,0.261,0.262,0.263,0.263,0.264,0.266,0.268,0.269,0.271,0.272,0.273,0.274,0.274,0.274,0.275,0.275,0,0,0,1.092,1.095,1.097,1.101,1.101,1.101,1.103,1.101,1.101,1.099,1.097,1.095,1.094,1.092,1.09,1.088,1.088,1.086,1.086,1.088,1.09,1.09,1.092,1.094,1.095,1.097,1.099,1.099,1.101,1.101,1.103,1.105,1.107,1.109,1.109,1.111,1.115,1.115,1.115,1.115,1.115,1.115,1.113,1.113,1.111,1.109,1.107,1.105,1.103,1.101,1.101,1.099,1.097,1.099,1.099,1.099,1.099,1.101,1.103,1.105,1.107,1.109,1.113,0,0,0,0,0,0,0,0,0,0,0.715,0.715,0.715,0,0,0,0,0,0,0,0,0,0,0,0,0,0,0,0,0,0,0,0,0,0,0,0,0,0,0,0,0,0,0.449,0.449,0.449,0.449,0.449,0.449,0.449,0.449,0,1.031,1.028,1.026,1.021,1.019,1.019,1.016,1.017,1.016,1.016,1.017,1.019,1.023,1.028,1.028,1.024,0,0,0,0,0,0,0,0,0,0,0,0,0,0,0,0,0,0,1.086,1.086,1.088,1.09,1.09,1.092,1.095,1.097,1.099,1.103,1.105,1.107,1.109,1.111,1.113,1.115,1.117,1.119,1.121,1.121,1.124,1.126,1.128,1.126,1.124,1.124,1.126,1.126,1.124,1.121,0,0,0,0,0,0,0,0,0,0,0,0,0,0,0,0,0,0.671,0.671,0.671,0.67,0.67
0,0,0,0,6.905,6.905,6.905,6.905,6.828,6.828,6.828,6.753,0,0,0,0,0,0,0,0,0,0,0,0,0,0,0,0,0,0,0,0,0,0,0,0,0,0,0,0,0,0,0,0,0,0,0,0,0,0,0,0,0,0,0,0,0,0,0,0,0,0,0,0,0,0,0,0,0,0,0,0,0,0,0,0,0,0,0,0,0,0.267,0.267,0.267,0.267,0.267,0.267,0.267,0.267,0.267,0.267,0.267,0.267,0.267,0.267,0.267,0.267,0.267,0.267,0.267,0.267,0.267,0.267,0.267,0.267,0.267,0.267,0.267,0.267,0.267,0.267,0.267,0.267,0.267,0.266,0.266,0.266,0.266,0.266,0.265,0.265,0.265,0.265,0.265,0.265,0.265,0.265,0.264,0.264,0.264,0.264,0.264,0.264,0.264,0.263,0.263,0.263,0.263,0.263,0.263,0.263,0.263,0.263,0.263,0.263,0.263,0.263,0.263,0.263,0.263,0.263,0.263,0.263,0.263,0.263,0.263,0.263,0.263,0.263,0.264,0.264,0.264,0.264,0.264,0.264,0.264,0.264,0.264,0.264,0.264,0.264,0.263,0.263,0.263,0.263,0.263,0.263,0.263,0.263,0.263,0.263,0.263,0.263,0.263,0.263,0.263,0.263,0.263,0.263,0.263,0.263,0.263,0.263,0.263,0.263,0.263,0.264,0.264,0.264,0.264,0.264,0.265,0.265,0.265,0,0.265,0.265,0.265,0.265,0.266,0.266,0.266,0.266,0.266,0,0,0.266,0.265,0.265,0.265,0.265,0.265,0.265,0.264,0.264,0.264,0.264,0.264,0.264,0.264,0.264,0.264,0.264,0.264,0.264,0.264,0.264,0.264,0.264,0.264,0.264,0.264,0.264,0.264,0.264,0.263,0,0,0.263,0.263,0.263,0.263,0.263,0.263,0.263,0.263,0.263,0.263,0.263,0.263,0.263,0.263,0.263,0.263,0.263,0.263,0,0,0,0,0,0,0.263,0.263,0.263,0.263,0.263,0.263,0.263,0.263,0.263,0.263,0.263,0.263,0.263,0.263,0.263,0.263,0.263,0.263,0.263,0.263,0.263,0.263,0.263,0.263,0.263,0.263,0.262,0.262,0.262,0.262,0.261,0.261,0.262,0.262,0,0,0,0,0,0,0,0.261,0.261,0.261,0.261,0.26,0.26,0.26,0.26,0.26,0.26,0.26,0.26,0.26,0.26,0.26,0.26,0,0.26,0.26,0.26,0.26,0.26,0.26,0.26,0.26,0.26,0.26,0.26,0.26,0.26,0.26,0.261,0.261,0.261,0.261,0.261,0.261,0.261,0.26,0.26,0.26,0.26,0.26,0.26,0.26,0.26,0.26,0.26,0.26,0.26,0.259,0.259,0.259,0.259,0.259,0.259,0.259,0.259,0.259,0.258,0.258,0.258,0.258,0.258,0.258,0.258,0.258,0.258,0,0,0.258,0.258,0.258,0.258,0.258,0.258,0.258,0.258,0.258,0.258,0.258,0.258,0.258,0.258,0.258,0.258,0.258,0.257,0.257,0.257,0.257,0.257,0.257,0.257,0.257,0.257,0.258,0.258,0.258,0.258,0.258,0.259,0.259,0.259,0.26,0.26,0.261,0.261,0.262,0.262,0.263,0.264,0.266,0.268,0.269,0.271,0.272,0.273,0.274,0.274,0,0.275,0,0,0,0,1.092,1.094,1.097,1.097,1.097,1.099,1.099,1.097,1.095,1.094,1.092,1.09,1.088,1.084,1.084,1.082,1.08,1.08,1.08,1.082,1.084,1.084,1.086,1.088,1.09,1.092,1.095,1.095,1.097,1.097,1.099,1.099,1.101,1.103,1.103,1.105,1.109,1.109,1.109,1.109,1.109,1.109,1.107,1.107,1.105,1.103,1.101,1.099,1.097,1.095,1.095,1.094,1.094,1.094,1.095,1.095,1.095,1.097,1.099,1.101,1.105,1.107,0,0,0,0,0,0,0,0,0,0,0.715,0.715,0.715,0.715,0.715,0,0,0,0,0,0,0,0,0,0,0,0,0,0,0,0,0,0,0,0,0,0,0,0,0,0,0,0,0.449,0.449,0.449,0.449,0.449,0.449,0.449,0.449,0.449,0,1.028,1.024,1.019,1.014,1.009,1.009,1.007,1.006,1.004,1.004,0,1.009,1.016,1.028,1.026,0,0,0,0,0,0,0,0,0,0,0,0,0,0,0,0,0,0,0,1.082,1.082,1.084,1.086,1.088,1.09,1.092,1.095,1.097,1.099,1.101,1.103,1.105,1.107,1.111,1.111,1.113,1.115,1.117,1.119,1.121,1.124,1.124,1.124,1.121,1.119,1.119,1.119,0,0,0,0,0,0,0,0,0,0,0,0,0,0,0,0,0,0,0,0.672,0.672,0.672,0.671,0.671
0,0,0,0,7.064,6.984,7.064,6.984,6.905,6.905,6.828,6.828,0,0,0,0,0,0,0,0,0,0,0,0,0,0,0,0,0,0,0,0,0,0,0,0,0,0,0,0,0,0,0,0,0,0,0,0,0,0,0,0,0,0,0,0,0,0,0,0,0,0,0,0,0,0,0,0,0,0,0,0,0,0,0,0,0,0,0,0,0,0,0.266,0.266,0.266,0.266,0.266,0.266,0.266,0.266,0.266,0.267,0.267,0.267,0.267,0.267,0.267,0.267,0.267,0.267,0.267,0.267,0.266,0.266,0.266,0.266,0.266,0.266,0.266,0.266,0.266,0.266,0.266,0.266,0.266,0.266,0.266,0.265,0.265,0.265,0.265,0.265,0.264,0.264,0.264,0.264,0.264,0.264,0.263,0.263,0.263,0.263,0.263,0.263,0.263,0.263,0.263,0.263,0.263,0.263,0.262,0.262,0.262,0.262,0.262,0.262,0.262,0.262,0.262,0.262,0.262,0.262,0.262,0.262,0.263,0.263,0.263,0.263,0.263,0.263,0.263,0.263,0.263,0.263,0.263,0.263,0.263,0.263,0.263,0.263,0.263,0.263,0.263,0.262,0.262,0.262,0.262,0.262,0.262,0.263,0.262,0.262,0.262,0.262,0.263,0.262,0.263,0.262,0.262,0.262,0.263,0.262,0.262,0.263,0.263,0.263,0.263,0.264,0.264,0.264,0.264,0.264,0,0,0,0,0,0,0,0.265,0.266,0.266,0.266,0,0,0,0.265,0.265,0.265,0.265,0.265,0.265,0.264,0.264,0.264,0.264,0.264,0.264,0.264,0.264,0.264,0.263,0.263,0.263,0.263,0.263,0.263,0.263,0.263,0.264,0.264,0.264,0.264,0.264,0.263,0.263,0.263,0.263,0.263,0.263,0.263,0.263,0.263,0.263,0.263,0.263,0.263,0.263,0.263,0.263,0.263,0.263,0.263,0.263,0,0,0,0,0,0,0,0,0.263,0.263,0.263,0.263,0.263,0,0,0,0,0,0,0.263,0.263,0.263,0.263,0.263,0.263,0.263,0.263,0.263,0.263,0,0,0,0.262,0.262,0.262,0.262,0.262,0.261,0.261,0.261,0,0,0,0,0,0,0,0,0,0,0,0,0.26,0.26,0.26,0.26,0.26,0.26,0.26,0.26,0.26,0.26,0.26,0.26,0.26,0.26,0.26,0.259,0.259,0.259,0.259,0.259,0.259,0.259,0.259,0.26,0.26,0.26,0.26,0.26,0.26,0.26,0.261,0.261,0.261,0.261,0.26,0.26,0.26,0.26,0.26,0.26,0.26,0.26,0,0.26,0.26,0,0,0.259,0.259,0.259,0.259,0.259,0.259,0.259,0.258,0.258,0.258,0.258,0.258,0.257,0.257,0.257,0.257,0.257,0.257,0.257,0,0.257,0.257,0.258,0.258,0.258,0.258,0.258,0.258,0.258,0.258,0.258,0.258,0.258,0.258,0.258,0.257,0.257,0.257,0.257,0.257,0.257,0.257,0.257,0.257,0.257,0.257,0.257,0.257,0.257,0.257,0.258,0.258,0.258,0.259,0.259,0.26,0.261,0.261,0.262,0.262,0.263,0,0.266,0.268,0.269,0.271,0.272,0.273,0.274,0,0,0,0,1.084,1.088,1.088,1.092,1.092,1.094,1.097,1.095,1.094,1.094,1.092,1.09,1.086,1.084,1.082,1.08,1.078,1.076,1.076,1.074,1.074,1.074,1.076,1.078,1.078,1.082,1.082,1.086,1.088,1.09,1.092,1.092,1.092,1.092,1.094,1.095,1.097,1.097,1.099,1.101,1.101,1.103,1.103,1.101,1.101,1.099,1.099,1.097,1.095,1.094,1.094,1.092,1.09,1.09,1.09,1.09,1.092,1.092,1.092,1.094,1.095,1.097,1.099,1.103,0,0,0,0,0,0,0,0,0,0,0.715,0.715,0.715,0.715,0.715,0.715,0,0.719,0,0,0,0,0,0,0,0,0,0,0,0,0,0,0,0,0,0,0,0,0,0,0,0,0,0,0,0.449,0.449,0.449,0.449,0.449,0.449,0.449,0.449,0,1.026,1.023,1.017,1.011,1.004,1.003,0.999,0,0.994,0,0,0,0,1.028,0,0,0,0,0,0,0,0,0,0,0,0,0,0,0,0,0,0,0,0,1.078,1.078,1.08,1.082,1.084,1.086,1.088,1.09,1.094,1.095,1.097,1.099,1.101,1.103,1.105,1.107,1.109,1.111,1.113,1.115,1.117,1.119,1.119,1.119,1.117,1.115,1.115,1.115,1.111,0,0,0,0,0,0,0,0,0,0,0,0,0,0,0,0,0,0.671,0.672,0.672,0.672,0.672,0.672
0,0,0,0,7.146,7.146,7.146,7.064,6.984,6.984,6.905,6.905,6.828,0,0,0,0,0,0,0,0,0,0,0,0,0,0,0,0,0,0,0,0,0,0,0,0,0,0,0,0,0,0,0,0,0,0,0,0,0,0,0,0,0,0,0,0,0,0,0,0,0,0,0,0,0,0,0,0,0,0,0,0,0,0,0,0,0,0,0,0,0,0,0,0.266,0.266,0.265,0.266,0.266,0.266,0.266,0.266,0.266,0.266,0.266,0.266,0.266,0.266,0.266,0.266,0.266,0.266,0.266,0.266,0.266,0.266,0.266,0.266,0.266,0.266,0.266,0.265,0.265,0.265,0.265,0.265,0.265,0.265,0.265,0.264,0.264,0.264,0.264,0.264,0.264,0.263,0.263,0.263,0.263,0.263,0.263,0.262,0.262,0.262,0.262,0.262,0.262,0.262,0.262,0.262,0.262,0.262,0.262,0.262,0.262,0.262,0.262,0.262,0.262,0.262,0.262,0.262,0.262,0.262,0.262,0.262,0.262,0.262,0.262,0.262,0.262,0.262,0.262,0.262,0.262,0.262,0.262,0.262,0.262,0.262,0.262,0.262,0.262,0.262,0.262,0.262,0.262,0.262,0.262,0.262,0.262,0.262,0.262,0.262,0.262,0.262,0.262,0.262,0.262,0.262,0.262,0.262,0.262,0.262,0,0,0.263,0.263,0.263,0.263,0,0,0,0,0,0,0,0,0,0,0,0,0,0,0,0,0.265,0.265,0.265,0.265,0.264,0.264,0.264,0.264,0.264,0.264,0.264,0.264,0.264,0.263,0.263,0.263,0.263,0.263,0.263,0.263,0.263,0.263,0.263,0.264,0.264,0.264,0.264,0.264,0.263,0.263,0.263,0.263,0.262,0.262,0.262,0.262,0.262,0.263,0.263,0.263,0.263,0.263,0.263,0.263,0.263,0.263,0,0,0,0,0,0,0,0,0,0,0,0,0,0,0,0,0,0.262,0,0,0,0,0.263,0.263,0.263,0,0,0,0.262,0.262,0.262,0,0,0,0,0,0,0,0,0,0,0,0,0,0,0,0,0,0,0,0,0,0,0,0,0,0.26,0,0,0.26,0.26,0.26,0.26,0.26,0.26,0,0,0,0,0.259,0.259,0,0.259,0.259,0.259,0.259,0.259,0,0.26,0.26,0.26,0.26,0,0,0,0,0.26,0.26,0,0,0,0,0,0,0,0,0,0,0,0,0,0,0.259,0.259,0.259,0.258,0.258,0.258,0,0,0,0,0.257,0.257,0.257,0.257,0.257,0.257,0.257,0,0,0,0,0,0,0,0.258,0.258,0,0,0.258,0.258,0.257,0.257,0,0,0.257,0.257,0.257,0.257,0.257,0.257,0.257,0.256,0.256,0.256,0.257,0.256,0.256,0.257,0.257,0.257,0.258,0.258,0.258,0.259,0.26,0.26,0.261,0.262,0.262,0.263,0.264,0.266,0.268,0.269,0.271,0.272,0.273,0,0,0,0,0,1.086,1.088,1.09,1.09,1.092,1.092,1.094,1.094,1.092,1.092,1.088,1.086,1.082,1.08,1.078,1.074,1.074,1.074,1.073,1.071,1.071,1.069,1.071,1.073,1.074,1.076,1.078,1.08,1.082,1.086,1.086,1.086,1.086,1.086,1.088,1.088,1.09,1.09,1.092,1.094,1.095,1.095,1.094,1.094,1.092,1.092,1.09,1.088,1.086,1.086,1.086,1.084,1.084,1.084,1.084,1.084,1.088,1.088,1.088,1.09,1.092,1.094,0,0,0,0,0,0,0,0,0,0,0,0,0.715,0.715,0.715,0.715,0.715,0.715,0.716,0.72,0,0,0,0,0,0,0,0,0,0,0,0,0,0,0,0,0,0,0,0,0,0,0,0,0,0,0,0.449,0.449,0.449,0.449,0.449,0.449,0.449,0.449,0,0,1.021,1.016,1.007,1.001,0.999,0.994,0.993,0.991,0,0,0,0,0,0,0,0,0,0,0,0,0,0,0,0,0,0,0,0,0,0,0,0,0,0,1.074,1.076,1.076,1.08,1.082,1.084,1.088,1.09,1.092,1.094,1.095,1.097,1.099,1.101,1.103,1.105,1.107,1.109,1.111,1.113,1.115,1.115,1.115,1.113,1.111,1.111,1.111,1.109,0,0,0,0,0,0,0,0,0,0,0,0,0,0,0,0,0,0.672,0.673,0.673,0.673,0.672,0.672
0,0,0,0,7.316,7.23,7.316,7.23,7.146,7.064,7.064,6.984,6.984,0,0,0,0,0,0,0,0,0,0,0,0,0,0,0,0,0,0,0,0,0,0,0,0,0,0,0,0,0,0,0,0,0,0,0,0,0,0,0,0,0,0,0,0,0,0,0,0,0,0,0,0,0,0,0,0,0,0,0,0,0,0,0,0,0,0,0,0,0,0,0,0.265,0.265,0.265,0.265,0.265,0.265,0.265,0.265,0.265,0.265,0.265,0.265,0.265,0.265,0.265,0.265,0.265,0.265,0.265,0.265,0.265,0.265,0.265,0.265,0.265,0.265,0.265,0.265,0.265,0.265,0.265,0.265,0.264,0.264,0.264,0.264,0.264,0.264,0.263,0.263,0.263,0.263,0.263,0.262,0.262,0.262,0.262,0.262,0.262,0.262,0.261,0.261,0.261,0.261,0.261,0.261,0.261,0.261,0.261,0.261,0.261,0.261,0.261,0.261,0.261,0.261,0.261,0.261,0.262,0.261,0.262,0.262,0.262,0.262,0.262,0.262,0.262,0.262,0.262,0.262,0.262,0.262,0.261,0.261,0.261,0.261,0.261,0.261,0.261,0.261,0.261,0.261,0.261,0.261,0.261,0.261,0.261,0.261,0.261,0.261,0.261,0.261,0.261,0.261,0.261,0.262,0.262,0.262,0.262,0.262,0,0.262,0,0,0,0,0,0,0,0,0,0,0,0,0,0,0,0,0,0,0,0,0,0,0,0,0.264,0.264,0.264,0.264,0,0,0.264,0.263,0.263,0,0,0.263,0,0.262,0.262,0.262,0.263,0.263,0.263,0.263,0.263,0.264,0.263,0.263,0.263,0.262,0.262,0.262,0.262,0.262,0.262,0.262,0.262,0.262,0.262,0.262,0.262,0.262,0.262,0.263,0.262,0.263,0,0,0,0,0,0,0,0,0,0,0,0,0,0,0,0,0,0,0,0,0,0,0.263,0.263,0,0,0,0,0,0,0,0,0,0,0,0,0,0,0,0,0,0,0,0,0,0,0,0,0,0,0,0,0,0,0,0,0,0,0,0.26,0.26,0.26,0.26,0,0.26,0,0,0,0,0.258,0.258,0,0.258,0.258,0,0,0.259,0.259,0.259,0.26,0,0,0,0,0,0,0,0,0,0,0,0,0,0,0,0,0,0,0,0,0,0,0.258,0,0,0,0,0,0,0,0,0,0.257,0.257,0.257,0.257,0.257,0.257,0.257,0,0,0,0,0,0,0,0,0,0,0,0.257,0.257,0.257,0.257,0.257,0.257,0.257,0.257,0.257,0.257,0.257,0.256,0.256,0.256,0.256,0.256,0.256,0.256,0.256,0.256,0.257,0.257,0.257,0.258,0.258,0.259,0.26,0.26,0.261,0.261,0.262,0.263,0,0,0,0,0,0,0,0,0,0,0,0,1.086,1.088,1.09,1.09,1.09,1.092,1.092,1.092,1.09,1.088,1.084,1.082,1.078,1.074,1.073,1.073,1.071,1.069,1.067,1.065,1.067,1.067,1.067,1.069,1.071,1.073,1.074,1.076,1.078,1.08,1.082,1.082,1.08,1.082,1.082,1.082,1.084,1.084,1.086,1.086,1.088,1.088,1.088,1.086,1.086,1.084,1.082,1.082,1.08,1.08,1.078,1.076,1.078,1.078,1.078,1.08,1.082,1.082,1.084,1.086,1.088,1.09,0,0,0,0,0,0,0,0,0,0,0,0.714,0.714,0.714,0.714,0.715,0.715,0.715,0,0.72,0,0,0,0,0,0,0,0,0,0,0,0,0,0,0,0,0,0,0,0,0,0,0,0,0,0,0.449,0.449,0.449,0.449,0.449,0.449,0.449,0.448,0.448,0,0,1.017,1.012,1.004,0.996,0.994,0.99,0.985,0.982,0,0,0,0,0,0,0,0,0,0,0,0,0,0,0,0,0,0,0,0,0,0,0,0,0,0,1.069,1.073,1.073,1.076,1.078,1.082,1.084,1.088,1.09,1.09,1.092,1.094,1.095,1.097,1.099,1.103,1.103,1.107,1.107,1.109,1.111,1.111,1.111,1.111,1.109,1.109,1.107,1.107,1.105,0,0,0,0,0,0,0,0,0,0,0,0,0,0,0,0.674,0.674,0.674,0.674,0.674,0.674,0.673
0,0,0,0,7.316,7.316,7.316,7.316,7.23,7.146,7.064,7.064,6.984,0,0,0,0,0,0,0,0,0,0,0,0,0,0,0,0,0,0,0,0,0,0,0,0,0,0,0,0,0,0,0,0,0,0,0,0,0,0,0,0,0,0,0,0,0,0,0,0,0,0,0,0,0,0,0,0,0,0,0,0,0,0,0,0,0,0,0,0,0,0,0,0.264,0.264,0.264,0.264,0.264,0.264,0.264,0.264,0.264,0.264,0.264,0.264,0.264,0.264,0.264,0.264,0.264,0.264,0.264,0.264,0.264,0.264,0.264,0.264,0.264,0.264,0.264,0.264,0.264,0.264,0.264,0.264,0.264,0.264,0.263,0.263,0.263,0.263,0.263,0.263,0.263,0.262,0.262,0.262,0.262,0.262,0.261,0.261,0.261,0.261,0.261,0.261,0.261,0.261,0.261,0.261,0.261,0.261,0.261,0.261,0.261,0.261,0.261,0.261,0.261,0.261,0.261,0.261,0.261,0.261,0.261,0.261,0.261,0.261,0.261,0.261,0.261,0.261,0.261,0.261,0.261,0.261,0.261,0.261,0.26,0.26,0.26,0.26,0.26,0.26,0.26,0.26,0.261,0.261,0.261,0.261,0.261,0.261,0.261,0.261,0.261,0.261,0,0,0,0.261,0.261,0.261,0.261,0,0,0,0,0,0,0,0,0,0,0,0,0,0,0,0,0,0,0,0,0,0,0,0,0,0,0,0,0.264,0.263,0,0,0,0,0,0,0,0,0,0,0,0.262,0.262,0.263,0.263,0.263,0.264,0.264,0.264,0,0,0,0,0,0.262,0.262,0.262,0.262,0.262,0.262,0.262,0.262,0.262,0.262,0.262,0.262,0.262,0.262,0,0,0,0,0,0,0,0,0,0,0,0,0,0,0,0,0,0,0,0,0,0,0,0,0,0,0,0,0,0,0,0,0,0,0,0,0,0,0,0,0,0,0,0,0,0,0,0,0,0,0,0,0,0,0,0,0,0,0,0,0,0.26,0.259,0,0,0,0,0,0,0,0,0,0,0,0,0,0,0.258,0,0,0.259,0,0,0,0,0,0,0,0,0,0,0,0,0,0,0,0,0,0,0,0,0,0,0,0,0,0,0,0,0,0,0,0,0,0,0,0,0,0,0,0,0,0,0,0,0,0,0,0,0,0,0,0,0,0,0,0,0.256,0,0,0,0,0.256,0.256,0.255,0.255,0.256,0.256,0.256,0.256,0.256,0.256,0.256,0.257,0.257,0.258,0.258,0.259,0.26,0.261,0.261,0.262,0.263,0,0,0,0,0,0,0,0,0,0,0,0,1.086,1.086,1.088,1.09,1.09,1.09,1.09,1.088,1.086,1.084,1.08,1.078,1.076,1.074,1.071,1.069,1.067,1.065,1.065,1.065,1.063,1.063,1.063,1.067,1.069,1.071,1.073,1.074,1.074,1.076,1.076,1.076,1.074,1.076,1.076,1.076,1.076,1.076,1.08,1.08,1.08,1.08,1.08,1.08,1.078,1.078,1.076,1.076,1.074,1.073,1.073,1.073,1.073,1.073,1.073,1.074,1.076,1.078,1.078,1.082,1.084,0,0,0,0,0,0,0,0,0,0,0,0,0.714,0.714,0.714,0.715,0.715,0.715,0.715,0.717,0,0,0,0,0,0,0,0,0,0,0,0,0,0,0,0,0,0,0,0,0,0,0,0,0,0,0,0.449,0.45,0.449,0.449,0.449,0.449,0.449,0.448,0.448,0.448,0,0,1.006,0.996,0.988,0.985,0.979,0.974,0.969,0,0,0,0,0,0,0,0,0,0,0,0,0,0,0,0,0,0,0,0,0,0,0,0,0,0,1.067,1.069,1.069,1.073,1.074,1.078,1.08,1.084,1.086,1.086,1.088,1.092,1.092,1.094,1.095,1.097,1.101,1.103,1.105,1.105,1.109,1.109,1.107,1.107,1.105,1.105,1.105,1.103,1.103,0,0,0,0,0,0,0,0,0,0,0,0,0,0,0,0.675,0.675,0.675,0.675,0.675,0.675,0.675
0,0,0,0,0,7.316,7.316,7.316,7.23,7.146,7.146,7.064,0,0,0,0,0,0,0,0,0,0,0,0,0,0,0,0,0,0,0,0,0,0,0,0,0,0,0,0,0,0,0,0,0,0,0,0,0,0,0,0,0,0,0,0,0,0,0,0,0,0,0,0,0,0,0,0,0,0,0,0,0,0,0,0,0,0,0,0,0,0,0,0,0.263,0.263,0.263,0.263,0.263,0.263,0.263,0.263,0.264,0.264,0.264,0.264,0.264,0.264,0.264,0.264,0.264,0.264,0.264,0.264,0.264,0.264,0.264,0.264,0.264,0.264,0.264,0.264,0.264,0.264,0.264,0.263,0.263,0.263,0.263,0.263,0.263,0.263,0.262,0.262,0.262,0.262,0.262,0.261,0.261,0.261,0.261,0.261,0.26,0.26,0.26,0.26,0.26,0.26,0.26,0.26,0.26,0.26,0.26,0.26,0.26,0.26,0.26,0.261,0.261,0.261,0.261,0.261,0.261,0.261,0.261,0.261,0.261,0.261,0.261,0.261,0.261,0.261,0.261,0.261,0.26,0.26,0.26,0.26,0.26,0.26,0.26,0.26,0.26,0.26,0.26,0.26,0.26,0.26,0.26,0.26,0.26,0.26,0.26,0.26,0.26,0.26,0,0,0.26,0.26,0.261,0.261,0.261,0,0,0,0,0,0,0,0,0,0,0,0,0,0,0,0,0,0,0,0,0,0,0,0,0,0,0,0,0,0,0,0,0,0,0,0,0,0,0.262,0,0.262,0.262,0.262,0.263,0.263,0.264,0,0,0,0,0,0,0,0,0.262,0.262,0.262,0.262,0.262,0.262,0.262,0.262,0.262,0.262,0.262,0.262,0.262,0,0,0,0,0,0,0,0,0,0,0,0,0,0,0,0,0,0,0,0,0,0,0,0,0,0,0,0,0,0,0,0,0,0,0,0,0,0,0,0,0,0,0,0,0,0,0,0,0,0,0,0,0,0,0,0,0,0,0,0,0,0,0,0,0,0,0,0,0,0,0,0,0,0,0,0,0,0,0,0,0,0,0,0,0,0,0,0,0,0,0,0,0,0,0,0,0,0,0,0,0,0,0,0,0,0,0,0,0,0,0,0,0,0,0,0,0,0,0,0,0,0,0,0,0,0,0,0,0,0,0,0,0,0,0,0,0,0,0,0,0,0.255,0,0,0,0,0.255,0.255,0.255,0.255,0.255,0.255,0.256,0.256,0.256,0.256,0.257,0.258,0.259,0.26,0.26,0.261,0,0,0,0,0,0,0,0,0,0,0,0,0,0,1.086,1.086,1.088,1.088,1.088,1.088,1.088,1.086,1.084,1.08,1.078,1.074,1.073,1.071,1.069,1.067,1.065,1.063,1.063,1.063,1.063,1.063,1.065,1.065,1.067,1.069,1.069,1.071,1.071,1.073,1.071,1.071,1.069,1.069,1.069,1.069,1.071,1.071,1.073,1.074,1.074,1.074,1.074,1.073,1.073,1.073,1.071,1.071,1.069,1.069,1.067,1.067,1.067,1.069,1.069,1.071,1.073,1.074,1.076,0,0,0,0,0,0,0,0,0,0,0,0,0,0.713,0.713,0.714,0.714,0.714,0.714,0.715,0.715,0,0,0,0,0,0,0,0,0,0,0,0,0,0,0,0,0,0,0,0,0,0,0,0,0,0,0,0,0.45,0.45,0.45,0.45,0.449,0.449,0.449,0.449,0.449,0.448,0,0,0,0,0,0,0,0.945,0.937,0,0,0,0,0,0,0,0,0,0,0,0,0,0,0,0,0,0,0,0,0,0,0,0,0,0,1.063,1.065,1.067,1.071,1.074,1.076,1.08,1.082,1.084,1.084,1.084,1.088,1.088,1.09,1.092,1.094,1.097,1.099,1.101,1.101,1.103,1.103,1.103,1.103,1.101,1.101,1.101,1.099,1.099,0,0,0,0,0,0,0,0,0,0,0,0,0,0,0,0.677,0.676,0.676,0.676,0.676,0.675,0.675
0,0,0,0,0,7.404,7.316,7.316,7.23,7.146,7.146,0,0,0,0,0,0,0,0,0,0,0,0,0,0,0,0,0,0,0,0,0,0,0,0,0,0,0,0,0,0,0,0,0,0,0,0,0,0,0,0,0,0,0,0,0,0,0,0,0,0,0,0,0,0,0,0,0,0,0,0,0,0,0,0,0,0,0,0,0,0,0,0.262,0.262,0.263,0.263,0.263,0.263,0.263,0.263,0.263,0.263,0.263,0.263,0.263,0.263,0.263,0.263,0.263,0.263,0.263,0.263,0.263,0.263,0.263,0.263,0.263,0.263,0.263,0.263,0.263,0.263,0.263,0.263,0.263,0.263,0.263,0.263,0.262,0.262,0.262,0.262,0.262,0.262,0.261,0.261,0.261,0.261,0.26,0.26,0.26,0.26,0.26,0.26,0.26,0.26,0.26,0.26,0.26,0.26,0.26,0.26,0.26,0.26,0.26,0.26,0.26,0.26,0.26,0.26,0.26,0.26,0.26,0.26,0.26,0.26,0.261,0.261,0.261,0.261,0.261,0.261,0.26,0.26,0.26,0.26,0.26,0.259,0.259,0.259,0,0.259,0.259,0.259,0.259,0.259,0.259,0.259,0.259,0.259,0.259,0.259,0.259,0.259,0.259,0.259,0,0,0,0,0,0,0,0,0,0,0,0,0,0,0,0,0,0,0,0,0,0,0,0,0,0,0,0,0,0,0,0,0,0,0,0,0,0,0,0,0,0,0,0,0,0.261,0.261,0.262,0.262,0,0,0,0,0,0,0,0,0,0,0,0,0,0.262,0.262,0.262,0.262,0.262,0.262,0.262,0.262,0.262,0.262,0.262,0,0,0,0,0,0,0,0,0,0,0,0,0,0,0,0,0,0,0,0,0,0,0,0,0,0,0,0,0,0,0,0,0,0,0,0,0,0,0,0,0,0,0,0,0,0,0,0,0,0,0,0,0,0,0,0,0,0,0,0,0,0,0,0,0,0,0,0,0,0,0,0,0,0,0,0,0,0,0,0,0,0,0,0,0,0,0,0,0,0,0,0,0,0,0,0,0,0,0,0,0,0,0,0,0,0,0,0,0,0,0,0,0,0,0,0,0,0,0,0,0,0,0,0,0,0,0,0,0,0,0,0,0,0,0,0,0,0,0,0.255,0,0,0.254,0.254,0.254,0,0,0,0.254,0.254,0.254,0.254,0.255,0.255,0.255,0.255,0,0,0,0,0,0,0,0,0,0,0,0,0,0,0,0,0,0,0,0,0,1.088,1.088,1.088,1.088,1.088,1.088,1.086,1.086,1.082,1.08,1.076,1.073,1.071,1.069,1.067,1.065,1.065,1.063,1.063,1.063,1.063,1.063,1.065,1.065,1.067,1.067,1.067,1.067,1.065,1.065,1.065,1.065,1.063,1.061,1.063,1.063,1.065,1.065,1.067,1.067,1.069,1.069,1.069,1.067,1.069,1.069,1.067,1.065,1.063,1.063,1.063,1.061,1.063,1.063,1.065,1.067,1.069,1.071,0,0,0,0,0,0,0,0,0,0,0,0,0,0,0,0.713,0.713,0.713,0.714,0.715,0,0,0,0,0,0,0,0,0,0,0,0,0,0,0,0,0,0,0,0,0,0,0,0,0,0,0,0,0,0,0.45,0.451,0.45,0.45,0.45,0.45,0.45,0.45,0.449,0.449,0,0,0,0,0,0,0,0,0,0,0,0,0,0,0,0,0,0,0,0,0,0,0,0,0,0,0,0,0,0,0,0,0,0,1.058,1.06,1.061,1.063,1.069,0,1.074,1.076,1.078,1.078,1.08,1.082,1.082,1.084,1.086,1.088,1.09,1.092,1.094,1.097,1.097,1.097,1.099,1.099,1.099,1.097,1.097,1.099,1.097,1.097,0,0,0,0,0,0,0,0,0,0,0,0,0,0,0,0.678,0.678,0.677,0.677,0.677,0.677,0.677
0,0,0,0,0,0,0,7.404,7.316,7.23,7.146,0,0,0,0,0,0,0,0,0,0,0,0,0,0,0,0,0,0,0,0,0,0,0,0,0,0,0,0,0,0,0,0,0,0,0,0,0,0,0,0,0,0,0,0,0,0,0,0,0,0,0,0,0,0,0,0,0,0,0,0,0,0,0,0,0,0,0,0,0,0,0,0,0,0.262,0.262,0.262,0.262,0.262,0.262,0.262,0.262,0.262,0.262,0.262,0.262,0.262,0.262,0.262,0.262,0.262,0.262,0.262,0.262,0.262,0.262,0.262,0.262,0.262,0.262,0.262,0.262,0.262,0.262,0.262,0.262,0.262,0.262,0.262,0.262,0.262,0.262,0.261,0.261,0.261,0.261,0.26,0.26,0.26,0.26,0.26,0.259,0.259,0.259,0.259,0.259,0.259,0.259,0.259,0.259,0.259,0.259,0.259,0.26,0.259,0.26,0.26,0.26,0.26,0.26,0.26,0.26,0.26,0.26,0.26,0.26,0.26,0.26,0.26,0.26,0.26,0.26,0.26,0.26,0.259,0.259,0.259,0.259,0.259,0,0.259,0.259,0.259,0.259,0.259,0.259,0.259,0.259,0.259,0.259,0.259,0.259,0.259,0.259,0.259,0.259,0,0,0,0,0,0,0,0,0,0,0,0,0,0,0,0,0,0,0,0,0,0,0,0,0,0,0,0,0,0,0,0,0,0,0,0,0,0,0,0,0,0,0,0,0,0,0,0,0,0,0,0,0,0,0,0,0,0,0,0,0,0,0.262,0.262,0.262,0.262,0.262,0.262,0.262,0,0,0,0,0,0,0,0,0,0,0,0,0,0,0,0,0,0,0,0,0,0,0,0,0,0,0,0,0,0,0,0,0,0,0,0,0,0,0,0,0,0,0,0,0,0,0,0,0,0,0,0,0,0,0,0,0,0,0,0,0,0,0,0,0,0,0,0,0,0,0,0,0,0,0,0,0,0,0,0,0,0,0,0,0,0,0,0,0,0,0,0,0,0,0,0,0,0,0,0,0,0,0,0,0,0,0,0,0,0,0,0,0,0,0,0,0,0,0,0,0,0,0,0,0,0,0,0,0,0,0,0,0,0,0,0,0,0,0,0,0,0,0,0,0,0,0,0.253,0.253,0.252,0.253,0.253,0,0,0.254,0,0,0,0,0,0,0,0,0,0,0,0,0,0,0,0,0,0,0,0,0,0,0,0,0,0,0,1.092,1.092,1.092,1.09,1.088,1.086,1.084,1.082,1.078,1.076,1.073,1.071,1.069,1.069,1.069,1.065,1.065,1.065,1.065,1.065,1.065,1.065,1.067,1.067,1.067,1.065,1.065,1.061,1.061,1.061,1.058,1.058,1.056,1.058,1.058,1.058,1.06,1.061,1.061,1.063,1.063,1.065,1.063,1.063,1.063,1.061,1.061,1.061,1.06,1.06,1.06,1.06,1.06,1.061,1.063,0,0,0,0,0,0,0,0,0,0,0,0,0,0,0,0.712,0.712,0.713,0.712,0.713,0.713,0.714,0,0,0,0,0,0,0,0,0,0,0,0,0,0,0,0,0,0,0,0,0,0,0,0,0,0,0,0,0,0,0.451,0.451,0.451,0.451,0.451,0.45,0.45,0.45,0.45,0.449,0,0,0,0,0,0,0,0,0,0,0,0,0,0,0,0,0,0,0,0,0,0,0,0,0,0,0,0,0,0,0,0,0,0,1.054,1.056,1.056,1.06,0,0,0,1.074,1.074,1.074,1.074,1.076,1.078,1.078,1.08,1.082,1.082,1.086,1.088,1.09,1.092,1.094,1.095,1.095,1.095,1.095,1.095,1.097,1.095,1.095,0,0,0,0,0,0,0,0,0,0,0,0,0,0,0,0.679,0.678,0.678,0.678,0.678,0.678,0.678
0,0,0,0,0,0,0,0,0,0,0,0,0,0,0,0,0,0,0,0,0,0,0,0,0,0,0,0,0,0,0,0,0,0,0,0,0,0,0,0,0,0,0,0,0,0,0,0,0,0,0,0,0,0,0,0,0,0,0,0,0,0,0,0,0,0,0,0,0,0,0,0,0,0,0,0,0,0,0,0,0,0,0,0,0.261,0.261,0.261,0.261,0.261,0.261,0.261,0.261,0.261,0.261,0.261,0.261,0.261,0.262,0.262,0.262,0.262,0.262,0.262,0.262,0.262,0.262,0.262,0.262,0.262,0.262,0.262,0.262,0.262,0.262,0.262,0.262,0.262,0.262,0.262,0.261,0.261,0.261,0.261,0.26,0.26,0.26,0.26,0.26,0.259,0.259,0.259,0.259,0.259,0.259,0.259,0.259,0.259,0.259,0.259,0.259,0.259,0.259,0.259,0.259,0.259,0.259,0.259,0.259,0.259,0.259,0.259,0.26,0.26,0.26,0.26,0.26,0.26,0.26,0.26,0.26,0.26,0.26,0.259,0.259,0.259,0.259,0.259,0.258,0.258,0.258,0.258,0.258,0.258,0.258,0.258,0.258,0.258,0.258,0.258,0.258,0.258,0.258,0.258,0.258,0.258,0.258,0.258,0,0,0,0,0,0,0,0,0,0,0,0,0,0,0,0,0,0,0,0,0,0,0,0,0,0,0,0,0,0,0,0,0,0,0,0,0,0,0,0,0,0,0,0,0,0,0,0,0,0,0,0,0,0,0,0,0,0,0,0,0.262,0.262,0,0,0.262,0.262,0.262,0,0,0,0,0,0,0,0,0,0,0,0,0,0,0,0,0,0,0,0,0,0,0,0,0,0,0,0,0,0,0,0,0,0,0,0,0,0,0,0,0,0,0,0,0,0,0,0,0,0,0,0,0,0,0,0,0,0,0,0,0,0,0,0,0,0,0,0,0,0,0,0,0,0,0,0,0,0,0,0,0,0,0,0,0,0,0,0,0,0,0,0,0,0,0,0,0,0,0,0,0,0,0,0,0,0,0,0,0,0,0,0,0,0,0,0,0,0,0,0,0,0,0,0,0,0,0,0,0,0,0,0,0,0,0,0,0,0,0,0,0,0,0,0,0,0,0,0,0.251,0.251,0.252,0.252,0.252,0.253,0.253,0.253,0.253,0.253,0.254,0.254,0.254,0.254,0.255,0,0,0,0,0,0,0,0,0,0,0,0,0,0,0,0,0,0,0,0,0,0,0,0,0,1.086,1.084,1.08,1.078,1.076,1.074,1.071,1.071,1.067,1.069,1.067,1.067,1.067,1.067,1.067,1.067,1.067,1.067,1.067,1.063,1.063,1.061,1.058,1.056,1.054,1.052,1.051,1.051,1.052,1.052,1.054,1.056,1.056,1.058,1.06,1.06,1.061,1.06,1.06,1.06,1.06,1.058,1.058,1.056,1.056,1.056,1.056,1.056,1.06,0,0,0,0,0,0,0,0,0,0,0,0,0,0,0,0,0.712,0.712,0.712,0.713,0.713,0,0,0,0,0,0,0,0,0,0,0,0,0,0,0,0,0,0,0,0,0,0,0,0,0,0,0,0,0,0,0,0,0.451,0,0.451,0.451,0.451,0.451,0,0,0,0,0,0,0,0,0,0,0,0,0,0,0,0,0,0,0,0,0,0,0,0,0,0,0,0,0,0,0,0,0,0,0,0,0,0,0,1.052,1.054,0,0,0,0,1.071,1.071,1.071,1.071,1.071,1.073,1.073,1.073,1.074,1.076,1.078,1.082,1.084,1.086,1.088,1.09,1.092,1.092,1.092,1.092,1.094,1.094,1.092,0,0,0,0,0,0,0,0,0,0,0,0,0,0,0.679,0.679,0.679,0.678,0.678,0.678,0.678,0.678
0,0,0,0,0,0,0,0,0,0,0,0,0,0,0,0,0,0,0,0,0,0,0,0,0,0,0,0,0,0,0,0,0,0,0,0,0,0,0,0,0,0,0,0,0,0,0,0,0,0,0,0,0,0,0,0,0,0,0,0,0,0,0,0,0,0,0,0,0,0,0,0,0,0,0,0,0,0,0,0,0,0,0,0,0.261,0.261,0.261,0.261,0.261,0.261,0.261,0.261,0.261,0.261,0.261,0.261,0.261,0.261,0.261,0.261,0.261,0.261,0.261,0.261,0.261,0.261,0.261,0.261,0.261,0.261,0.262,0.262,0.262,0.262,0.262,0.261,0.261,0.261,0.261,0.261,0.261,0.26,0.26,0.26,0.26,0.259,0.259,0.259,0.259,0.259,0.258,0.258,0.258,0.258,0.258,0.259,0.259,0.259,0.259,0.259,0.259,0.259,0.259,0.259,0.259,0.259,0.259,0.259,0.259,0.259,0.259,0.259,0.259,0.259,0.259,0.259,0.259,0.259,0.259,0.259,0.259,0.259,0.259,0.259,0.259,0.258,0.258,0.258,0.258,0.258,0.258,0.258,0.258,0.258,0.258,0.258,0.258,0.258,0.258,0.258,0.258,0.258,0.258,0.258,0.258,0.258,0,0,0,0,0,0,0,0,0,0,0,0,0,0,0,0,0,0,0,0,0,0,0,0,0,0,0,0,0,0,0,0,0,0,0,0,0,0,0,0,0,0,0,0,0,0,0,0,0,0,0,0,0,0,0,0,0,0,0,0,0,0,0,0,0,0.262,0.262,0.262,0,0,0,0,0,0,0,0,0,0,0,0,0,0,0,0,0,0,0,0,0,0,0,0,0,0,0,0,0,0,0,0,0,0,0,0,0,0,0,0,0,0,0,0,0,0,0,0,0,0,0,0,0,0,0,0,0,0,0,0,0,0,0,0,0,0,0,0,0,0,0,0,0,0,0,0,0,0,0,0,0,0,0,0,0,0,0,0,0,0,0,0,0,0,0,0,0,0,0,0,0,0,0,0,0,0,0,0,0,0,0,0,0,0,0,0,0,0,0,0,0,0,0,0,0,0,0,0,0,0,0,0,0,0,0,0,0,0,0,0,0,0,0,0,0,0,0,0,0,0.251,0,0,0,0,0,0.253,0.253,0.253,0.253,0.253,0.253,0,0,0,0,0,0,0,0,0,0,0,0,0,0,0,0,0,0,0,0,0,0,0,0,0,0,0,1.086,1.084,1.08,1.076,1.076,1.073,1.071,1.071,1.069,1.069,1.069,1.069,1.069,1.069,1.069,1.065,1.065,1.063,1.063,1.06,1.058,1.056,1.051,1.049,1.049,1.047,1.045,1.043,1.047,1.047,1.049,1.051,1.054,1.054,1.056,1.058,1.058,1.058,1.058,1.056,1.056,1.056,1.054,1.054,1.054,1.052,1.052,1.054,0,0,0,0,0,0,0,0,0,0,0,0,0,0,0,0,0,0,0.711,0.712,0.712,0.712,0,0,0,0,0,0,0,0,0,0,0,0,0,0,0,0,0,0,0,0,0,0,0,0,0,0,0,0,0,0,0,0,0.452,0.452,0.452,0.452,0.452,0.451,0.451,0.451,0,0,0,0,0,0,0,0,0,0,0,0,0,0,0,0,0,0,0,0,0,0,0,0,0,0,0,0,0,0,0,0,0,0,0,0,0,0,0,1.056,0,0,0,1.065,1.065,1.065,1.067,1.065,1.067,1.065,1.067,1.069,1.071,1.073,1.076,1.076,1.078,1.08,1.082,1.082,1.084,1.084,1.086,1.086,1.088,1.088,0,0,0,0,0,0,0,0,0,0,0,0,0,0,0.679,0.679,0.679,0.678,0.678,0.678,0.678,0.678
0,0,0,0,0,0,0,0,0,0,0,0,0,0,0,0,0,0,0,0,0,0,0,0,0,0,0,0,0,0,0,0,0,0,0,0,0,0,0,0,0,0,0,0,0,0,0,0,0,0,0,0,0,0,0,0,0,0,0,0,0,0,0,0,0,0,0,0,0,0,0,0,0,0,0,0,0,0,0,0,0,0,0,0,0.26,0.26,0.26,0.26,0.26,0.26,0.26,0.26,0.26,0.26,0.26,0.26,0.26,0.26,0.26,0.26,0.26,0.26,0.26,0.26,0.26,0.26,0.261,0.261,0.261,0.261,0.261,0.261,0.261,0.261,0.261,0.26,0.26,0.26,0.26,0.26,0.26,0.259,0.259,0.259,0.259,0.259,0.258,0.258,0.258,0.258,0.258,0.258,0.258,0.258,0.258,0.258,0.258,0.258,0.258,0.259,0.259,0.259,0.259,0.259,0.259,0.259,0.259,0.259,0.259,0.259,0.259,0.259,0.259,0.259,0.259,0.259,0.259,0.259,0.259,0.259,0.259,0.259,0.259,0.258,0.258,0.258,0.258,0.258,0.258,0.257,0.257,0.257,0.257,0.257,0.258,0.258,0.257,0.257,0.258,0.258,0.258,0.258,0.258,0.258,0.258,0,0,0,0,0,0,0,0,0,0,0,0,0,0,0,0,0,0,0,0,0,0,0,0,0,0,0,0,0,0,0,0,0,0,0,0,0,0,0,0,0,0,0,0,0,0,0,0,0,0,0,0,0,0,0,0,0,0,0,0,0,0,0,0,0,0,0,0,0,0,0,0,0,0,0,0,0,0,0,0,0,0,0,0,0,0,0,0,0,0,0,0,0,0,0,0,0,0,0,0,0,0,0,0,0,0,0,0,0,0,0,0,0,0,0,0,0,0,0,0,0,0,0,0,0,0,0,0,0,0,0,0,0,0,0,0,0,0,0,0,0,0,0,0,0,0,0,0,0,0,0,0,0,0,0,0,0,0,0,0,0,0,0,0,0,0,0,0,0,0,0,0,0,0,0,0,0,0,0,0,0,0,0,0,0,0,0,0,0,0,0,0,0,0,0,0,0,0,0,0,0,0,0,0,0,0,0,0,0,0,0,0,0,0,0,0,0,0,0,0.251,0.251,0.252,0.252,0.253,0.253,0.253,0.253,0.253,0.253,0,0,0,0,0,0,0,0,0,0,0,0,0,0,0,0,0,0,0,0,0,0,0,0,0,0,0,0,0,0,0,0,0,1.073,1.071,1.071,1.073,1.073,1.071,1.071,1.069,1.069,1.069,1.067,1.065,1.063,1.061,1.056,1.054,1.051,1.045,1.043,1.042,1.04,1.04,1.042,1.043,1.043,1.045,1.047,1.051,1.052,1.054,1.054,1.054,1.054,1.054,1.054,1.054,1.052,1.052,1.051,1.051,1.051,1.051,0,0,0,0,0,0,0,0,0,0,0,0,0,0,0,0,0,0,0,0,0,0,0,0,0,0,0,0,0,0,0,0,0,0,0,0,0,0,0,0,0,0,0,0,0,0,0,0,0,0,0,0,0,0,0,0.452,0.452,0.452,0.452,0.452,0.452,0,0,0,0,0,0,0,0,0,0,0,0,0,0,0,0,0,0,0,0,0,0,0,0,0,0,0,0,0,0,0,0,0,0,0,0,0,0,0,0,0,1.054,0,0,0,1.061,1.061,1.06,1.061,1.061,1.061,1.058,1.06,1.061,1.063,1.065,1.067,1.069,1.071,1.073,1.073,1.074,1.076,1.076,1.078,1.078,1.08,0,0,0,0,0,0,0,0,0,0,0,0,0,0,0,0.68,0.68,0.68,0.679,0.679,0.678,0.678,0.678
0,0,0,0,0,0,0,0,0,0,0,0,0,0,0,0,0,0,0,0,0,0,0,0,0,0,0,0,0,0,0,0,0,0,0,0,0,0,0,0,0,0,0,0,0,0,0,0,0,0,0,0,0,0,0,0,0,0,0,0,0,0,0,0,0,0,0,0,0,0,0,0,0,0,0,0,0,0,0,0,0,0,0,0,0,0.26,0.26,0.26,0.26,0.259,0.259,0.259,0.259,0.259,0.259,0.259,0.259,0.259,0.259,0.259,0.259,0.259,0.259,0.259,0.259,0.259,0.26,0.26,0.26,0.26,0.259,0.259,0.259,0.259,0.259,0.259,0.259,0.259,0.259,0.259,0.259,0.258,0.258,0.258,0.258,0.258,0.258,0.257,0.257,0.257,0.257,0.257,0.257,0.258,0.258,0.258,0.258,0.258,0.258,0.258,0.258,0.258,0.258,0.258,0.258,0.258,0.258,0.258,0.259,0.259,0.259,0.259,0.259,0.259,0.259,0.259,0.259,0.259,0.259,0.259,0.259,0.258,0.258,0.258,0.258,0.258,0.258,0.258,0.257,0.257,0.257,0.257,0.257,0.257,0.257,0.257,0.257,0.257,0.257,0.258,0.258,0.258,0.258,0.258,0,0,0,0,0,0,0,0,0,0,0,0,0,0,0,0,0,0,0,0,0,0,0,0,0,0,0,0,0,0,0,0,0,0,0,0,0,0,0,0,0,0,0,0,0,0,0,0,0,0,0,0,0,0,0,0,0,0,0,0,0,0,0,0,0,0,0,0,0,0,0,0,0,0,0,0,0,0,0,0,0,0,0,0,0,0,0,0,0,0,0,0,0,0,0,0,0,0,0,0,0,0,0,0,0,0,0,0,0,0,0,0,0,0,0,0,0,0,0,0,0,0,0,0,0,0,0,0,0,0,0,0,0,0,0,0,0,0,0,0,0,0,0,0,0,0,0,0,0,0,0,0,0,0,0,0,0,0,0,0,0,0,0,0,0,0,0,0,0,0,0,0,0,0,0,0,0,0,0,0,0,0,0,0,0,0,0,0,0,0,0,0,0,0,0,0,0,0,0,0,0,0,0,0,0,0,0,0,0,0,0,0,0,0,0,0,0,0,0,0,0,0.251,0.252,0.252,0.253,0.253,0.253,0.253,0.253,0,0,0,0,0,0,0,0,0,0,0,0,0,0,0,0,0,0,0,0,0,0,0,0,0,0,0,0,0,0,0,0,0,0,0,1.073,1.071,1.073,1.073,1.073,1.073,1.073,1.071,1.071,1.069,1.067,1.061,1.06,1.054,1.051,1.047,1.043,1.038,1.036,1.035,1.035,1.036,1.038,1.04,1.042,1.043,1.047,1.051,1.051,1.052,1.052,1.052,1.052,1.052,1.051,1.051,1.049,1.049,1.047,1.049,0,0,0,0,0,0,0,0,0,0,0,0,0,0,0,0,0,0,0,0,0,0,0,0,0,0,0,0,0,0,0,0,0,0,0,0,0,0,0,0,0,0,0,0,0,0,0,0,0,0,0,0,0,0,0,0,0.453,0.453,0.453,0.453,0.453,0.453,0,0,0,0,0,0,0,0,0,0,0,0,0,0,0,0,0,0,0,0,0,0,0,0,0,0,0,0,0,0,0,0,0,0,0,0,0,0,0,1.049,1.049,1.052,1.058,1.06,1.06,1.056,1.056,1.056,1.056,1.056,1.054,1.052,1.052,1.054,1.056,1.058,1.06,1.06,1.061,1.063,1.065,1.067,1.069,1.069,1.069,1.071,1.073,0,0,0,0,0,0,0,0,0,0,0,0,0,0,0.681,0.68,0.681,0.679,0.68,0.679,0.679,0.679,0.679
0,0,0,0,0,0,0,0,0,0,0,0,0,0,0,0,0,0,0,0,0,0,0,0,0,0,0,0,0,0,0,0,0,0,0,0,0,0,0,0,0,0,0,0,0,0,0,0,0,0,0,0,0,0,0,0,0,0,0,0,0,0,0,0,0,0,0,0,0,0,0,0,0,0,0,0,0,0,0,0,0,0,0,0,0,0,0,0.259,0.259,0.259,0.259,0.259,0.259,0.259,0.259,0.259,0.259,0.259,0.259,0.258,0.258,0.258,0.258,0.258,0.258,0.258,0.258,0.258,0.258,0.258,0.258,0.258,0.258,0.258,0.258,0.258,0.258,0.258,0.258,0.258,0.257,0.257,0.257,0.257,0.257,0.257,0.257,0.257,0.257,0.257,0.257,0.257,0.257,0.257,0.257,0.257,0.258,0.258,0.258,0.258,0.258,0.258,0.258,0.258,0.258,0.258,0.258,0.258,0.258,0.258,0.258,0.259,0.259,0.259,0.259,0.259,0.259,0.259,0.259,0.259,0.258,0.258,0.258,0.258,0.258,0.258,0.258,0.257,0.257,0.257,0.257,0.257,0.257,0.257,0.257,0.257,0.257,0.257,0.257,0.257,0.258,0.258,0.258,0.258,0,0,0,0,0,0,0,0,0,0,0,0,0,0,0,0,0,0,0,0,0,0,0,0,0,0,0,0,0,0,0,0,0,0,0,0,0,0,0,0,0,0,0,0,0,0,0,0,0,0,0,0,0,0,0,0,0,0,0,0,0,0,0,0,0,0,0,0,0,0,0,0,0,0,0,0,0,0,0,0,0,0,0,0,0,0,0,0,0,0,0,0,0,0,0,0,0,0,0,0,0,0,0,0,0,0,0,0,0,0,0,0,0,0,0,0,0,0,0,0,0,0,0,0,0,0,0,0,0,0,0,0,0,0,0,0,0,0,0,0,0,0,0,0,0,0,0,0,0,0,0,0,0,0,0,0,0,0,0,0,0,0,0,0,0,0,0,0,0,0,0,0,0,0,0,0,0,0,0,0,0,0,0,0,0,0,0,0,0,0,0,0,0,0,0,0,0,0,0,0,0,0,0,0,0,0,0,0,0,0,0,0,0,0,0,0,0,0,0,0,0,0,0,0,0.253,0.253,0,0,0,0,0,0,0,0,0,0,0,0,0,0,0,0,0,0,0,0,0,0,0,0,0,0,0,0,0,0,0,0,0,0,0,0,0,0,0,1.073,1.074,0,1.073,1.074,1.074,1.074,1.073,1.069,1.067,1.063,1.06,1.052,1.047,1.043,1.038,1.033,1.031,1.031,1.033,1.033,1.036,1.038,1.038,1.042,1.047,1.049,1.049,1.049,1.051,1.051,1.051,1.049,1.047,1.047,1.047,1.045,1.047,1.045,0,0,0,0,0,0,0,0,0,0,0,0,0,0,0,0,0,0,0,0,0,0,0,0,0,0,0,0,0,0,0,0,0,0,0,0,0,0,0,0,0,0,0,0,0,0,0,0,0,0,0,0,0,0,0,0,0.453,0,0.453,0.453,0.453,0.453,0,0,0,0,0,0,0,0,0,0,0,0,0,0,0,0,0,0,0,0,0,0,0,0,0,0,0,0,0,0,0,0,0,0,0,0,0,0,0,1.049,1.049,1.052,1.056,1.058,1.054,1.054,1.052,1.051,1.052,1.051,1.049,1.045,1.045,1.047,1.049,1.051,1.051,1.052,1.052,1.054,1.056,1.06,1.06,1.06,1.061,1.061,1.063,0,0,0,0,0,0,0,0,0,0,0,0,0,0,0.681,0.68,0.681,0.68,0.68,0.679,0.679,0.679,0.679
0,0,0,0,0,0,0,0,0,0,0,0,0,0,0,0,0,0,0,0,0,0,0,0,0,0,0,0,0,0,0,0,0,0,0,0,0,0,0,0,0,0,0,0,0,0,0,0,0,0,0,0,0,0,0,0,0,0,0,0,0,0,0,0,0,0,0,0,0,0,0,0,0,0,0,0,0,0,0,0,0,0,0,0,0,0,0,0.259,0.259,0.259,0.258,0.258,0.258,0.258,0.258,0.258,0.258,0.258,0.258,0.258,0.258,0.258,0.257,0.258,0.257,0.257,0.257,0.257,0.257,0.257,0.257,0.257,0.257,0.257,0.257,0.257,0.257,0.257,0.257,0.257,0.256,0.256,0.256,0.256,0.256,0.256,0.256,0.256,0.256,0.256,0.256,0.256,0.257,0.257,0.257,0.257,0.257,0.257,0.257,0.258,0.258,0.258,0.258,0.258,0.258,0.258,0.258,0.258,0.258,0.258,0.258,0.258,0.258,0.259,0.259,0.259,0.259,0.259,0.259,0.258,0.258,0.258,0.258,0.258,0.258,0.258,0.258,0.257,0.257,0.257,0.257,0.257,0.257,0.257,0.257,0.257,0.257,0.257,0.257,0.257,0.258,0.258,0.258,0,0,0,0,0,0,0,0,0,0,0,0,0,0,0,0,0,0,0,0,0,0,0,0,0,0,0,0,0,0,0,0,0,0,0,0,0,0,0,0,0,0,0,0,0,0,0,0,0,0,0,0,0,0,0,0,0,0,0,0,0,0,0,0,0,0,0,0,0,0,0,0,0,0,0,0,0,0,0,0,0,0,0,0,0,0,0,0,0,0,0,0,0,0,0,0,0,0,0,0,0,0,0,0,0,0,0,0,0,0,0,0,0,0,0,0,0,0,0,0,0,0,0,0,0,0,0,0,0,0,0,0,0,0,0,0,0,0,0,0,0,0,0,0,0,0,0,0,0,0,0,0,0,0,0,0,0,0,0,0,0,0,0,0,0,0,0,0,0,0,0,0,0,0,0,0,0,0,0,0,0,0,0,0,0,0,0,0,0,0,0,0,0,0,0,0,0,0,0,0,0,0,0,0,0,0,0,0,0,0,0,0,0,0,0,0,0,0,0,0,0,0,0,0,0,0,0,0,0,0,0,0,0,0,0,0,0,0,0,0,0,0,0,0,0,0,0,0,0,0,0,0,0,0,0,0,0,0,0,0,0,0,0,0,0,0,1.076,1.076,1.078,1.078,1.078,1.076,1.076,1.076,1.073,1.067,1.065,1.06,1.051,1.045,1.04,1.035,1.029,1.026,1.028,1.029,1.029,1.033,1.035,1.036,0,0,0,0,0,0,1.049,1.049,1.049,1.049,0,0,0,1.045,0,0,0,0,0,0,0,0,0,0,0,0,0,0,0,0,0,0,0,0,0,0,0,0,0,0,0,0,0,0,0,0,0,0,0,0,0,0,0,0,0,0,0,0,0,0,0,0,0,0,0,0,0,0,0,0,0,0,0.453,0.453,0.454,0.454,0,0,0,0,0,0,0,0,0,0,0,0,0,0,0,0,0,0,0,0,0,0,0,0,0,0,0,0,0,0,0,0,0,0,0,0,0,0,0,1.049,1.051,1.051,1.052,1.056,1.056,1.052,1.051,1.051,1.049,1.047,1.045,1.043,1.04,1.04,1.04,1.04,1.042,1.043,1.043,1.043,1.045,1.047,1.049,1.051,1.052,1.052,1.054,1.056,0,0,0,0,0,0,0,0,0,0,0,0,0,0,0.681,0.681,0.68,0.68,0.68,0.68,0.679,0.679,0.679
0,0,0,0,0,0,0,0,0,0,0,0,0,0,0,0,0,0,0,0,0,0,0,0,0,0,0,0,0,0,0,0,0,0,0,0,0,0,0,0,0,0,0,0,0,0,0,0,0,0,0,0,0,0,0,0,0,0,0,0,0,0,0,0,0,0,0,0,0,0,0,0,0,0,0,0,0,0,0,0,0,0,0,0,0,0,0.258,0.258,0.258,0.258,0.258,0.258,0.258,0.258,0.258,0.258,0.257,0.257,0.257,0.257,0.257,0.257,0.257,0.256,0.256,0.256,0.256,0.256,0.256,0.256,0.256,0.256,0.256,0.256,0.256,0.256,0.256,0.256,0.256,0.256,0.256,0.256,0.256,0.256,0.256,0.256,0.256,0.256,0.256,0.256,0.256,0.256,0.256,0.256,0.257,0.257,0.257,0.257,0.257,0.257,0.258,0.258,0.258,0.258,0.258,0.258,0.258,0.258,0.258,0.258,0.258,0.258,0.258,0.258,0.258,0.258,0.258,0.258,0.258,0.258,0.258,0.258,0.258,0.258,0.258,0.258,0.257,0.257,0.257,0.257,0.257,0.257,0.257,0.257,0.257,0.257,0.257,0.257,0.257,0.257,0.258,0.258,0.258,0.258,0.258,0,0,0,0,0,0,0,0,0,0,0,0,0,0,0,0,0,0,0,0,0,0,0,0,0,0,0,0,0,0,0,0,0,0,0,0,0,0,0,0,0,0,0,0,0,0,0,0,0,0,0,0,0,0,0,0,0,0,0,0,0,0,0,0,0,0,0,0,0,0,0,0,0,0,0,0,0,0,0,0,0,0,0,0,0,0,0,0,0,0,0,0,0,0,0,0,0,0,0,0,0,0,0,0,0,0,0,0,0,0,0,0,0,0,0,0,0,0,0,0,0,0,0,0,0,0,0,0,0,0,0,0,0,0,0,0,0,0,0,0,0,0,0,0,0,0,0,0,0,0,0,0,0,0,0,0,0,0,0,0,0,0,0,0,0,0,0,0,0,0,0,0,0,0,0,0,0,0,0,0,0,0,0,0,0,0,0,0,0,0,0,0,0,0,0,0,0,0,0,0,0,0,0,0,0,0,0,0,0,0,0,0,0,0,0,0,0,0,0,0,0,0,0,0,0,0,0,0,0,0,0,0,0,0,0,0,0,0,0,0,0,0,0,0,0,0,0,0,0,0,0,0,0,0,0,0,0,0,0,0,0,0,0,0,0,1.08,1.08,1.08,1.08,1.08,1.078,1.078,1.071,1.067,1.061,1.058,1.047,1.04,1.035,1.029,1.024,1.024,1.026,1.024,1.026,1.031,1.033,0,0,0,0,0,0,0,0,1.047,1.047,1.047,0,0,0,0,0,0,0,0,0,0,0,0,0,0,0,0,0,0,0,0,0,0,0,0,0,0,0,0,0,0,0,0,0,0,0,0,0,0,0,0,0,0,0,0,0,0,0,0,0,0,0,0,0,0,0,0,0,0,0,0,0,0.454,0,0.454,0.454,0.454,0,0,0,0,0,0,0,0,0,0,0,0,0,0,0,0,0,0,0,0,0,0,0,0,0,0,0,0,0,0,0,0,0,0,0,0,0,0,1.049,1.047,1.049,1.049,1.051,1.054,1.054,1.051,1.049,1.047,1.043,1.043,1.04,1.038,1.033,1.033,1.033,1.033,1.035,1.035,1.035,1.036,1.038,1.04,1.042,1.042,1.043,1.043,1.045,1.047,0,0,0,0,0,0,0,0,0,0,0,0,0,0,0.681,0.681,0.681,0.68,0.68,0.679,0.679,0.679,0.68
0,0,0,0,0,0,0,0,0,0,0,0,0,0,0,0,0,0,0,0,0,0,0,0,0,0,0,0,0,0,0,0,0,0,0,0,0,0,0,0,0,0,0,0,0,0,0,0,0,0,0,0,0,0,0,0,0,0,0,0,0,0,0,0,0,0,0,0,0,0,0,0,0,0,0,0,0,0,0,0,0,0,0,0,0,0,0.258,0.258,0.258,0.258,0.258,0.258,0.258,0.258,0.257,0.257,0.257,0.257,0.257,0.256,0.256,0.256,0.256,0.255,0.255,0.255,0.255,0.255,0.255,0.255,0.255,0.255,0.255,0.255,0.255,0.255,0.255,0.255,0.255,0.255,0.255,0.255,0.255,0.255,0.255,0.255,0.255,0.255,0.256,0.256,0.256,0.256,0.256,0.256,0.256,0.256,0.257,0.257,0.257,0.257,0.257,0.257,0.258,0.258,0.258,0.258,0.258,0.258,0.258,0.258,0.258,0.258,0.258,0.258,0.258,0.259,0.258,0.258,0.258,0.258,0.258,0.258,0.258,0.258,0.258,0.258,0.258,0.257,0.258,0.257,0.257,0.257,0.257,0.257,0.257,0.257,0.257,0.257,0.257,0.257,0.257,0.258,0.258,0.258,0,0,0,0,0,0,0,0,0,0,0,0,0,0,0,0,0,0,0,0,0,0,0,0,0,0,0,0,0,0,0,0,0,0,0,0,0,0,0,0,0,0,0,0,0,0,0,0,0,0,0,0,0,0,0,0,0,0,0,0,0,0,0,0,0,0,0,0,0,0,0,0,0,0,0,0,0,0,0,0,0,0,0,0,0,0,0,0,0,0,0,0,0,0,0,0,0,0,0,0,0,0,0,0,0,0,0,0,0,0,0,0,0,0,0,0,0,0,0,0,0,0,0,0,0,0,0,0,0,0,0,0,0,0,0,0,0,0,0,0,0,0,0,0,0,0,0,0,0,0,0,0,0,0,0,0,0,0,0,0,0,0,0,0,0,0,0,0,0,0,0,0,0,0,0,0,0,0,0,0,0,0,0,0,0,0,0,0,0,0,0,0,0,0,0,0,0,0,0,0,0,0,0,0,0,0,0,0,0,0,0,0,0,0,0,0,0,0,0,0,0,0,0,0,0,0,0,0,0,0,0,0,0,0,0,0,0,0,0,0,0,0,0,0,0,0,0,0,0,0,0,0,0,0,0,0,0,0,0,0,0,0,0,0,0,0,1.082,1.082,1.08,1.08,1.08,0,0,0,1.063,1.058,1.052,1.045,0,1.035,1.028,1.021,1.021,1.021,1.023,1.024,0,0,0,0,0,0,0,0,0,0,0,0,0,0,0,0,0,0,0,0,0,0,0,0,0,0,0,0,0,0,0,0,0,0,0,0,0,0,0,0,0,0,0,0,0,0,0,0,0,0,0,0,0,0,0,0,0,0,0,0,0,0,0,0,0,0,0,0,0,0,0,0,0,0,0.454,0.454,0.454,0.454,0.454,0,0,0,0,0,0,0,0,0,0,0,0,0,0,0,0,0,0,0,0,0,0,0,0,0,0,0,0,0,0,0,0,0,0,0,0,0,0,1.045,1.047,1.047,1.047,1.049,1.052,1.052,1.051,1.047,1.045,1.042,1.038,1.038,1.033,1.029,1.028,1.026,1.028,1.028,1.029,1.029,1.031,1.033,1.035,1.035,1.036,1.036,1.038,1.04,0,0,0,0,0,0,0,0,0,0,0,0,0,0,0,0.681,0.681,0.681,0.68,0.68,0.679,0.679,0.679,0.679
0,0,0,0,0,0,0,0,0,0,0,0,0,0,0,0,0,0,0,0,0,0,0,0,0,0,0,0,0,0,0,0,0,0,0,0,0,0,0,0,0,0,0,0,0,0,0,0,0,0,0,0,0,0,0,0,0,0,0,0,0,0,0,0,0,0,0,0,0,0,0,0,0,0,0,0,0,0,0,0,0,0,0,0,0,0,0,0.257,0.257,0.257,0.257,0.257,0.257,0.257,0.257,0.257,0.257,0.257,0.256,0.256,0.255,0.255,0.255,0.254,0.254,0.254,0.254,0.254,0.254,0.253,0.253,0.253,0.254,0.254,0.254,0.254,0.254,0.254,0.254,0.254,0.254,0.255,0.255,0.255,0.255,0.255,0.255,0.255,0.255,0.255,0.255,0.256,0.256,0.256,0.256,0.256,0.257,0.257,0.257,0.257,0.257,0.258,0.258,0.258,0.258,0.258,0.258,0.258,0.258,0.258,0.258,0.258,0.258,0.258,0.258,0.259,0.258,0.258,0.258,0.258,0.258,0.258,0.258,0.258,0.258,0.258,0.258,0.258,0.258,0.258,0.258,0.257,0.258,0.257,0.257,0.257,0.257,0.257,0.258,0.257,0,0,0.258,0,0,0,0,0,0,0,0,0,0,0,0,0,0,0,0,0,0,0,0,0,0,0,0,0,0,0,0,0,0,0,0,0,0,0,0,0,0,0,0,0,0,0,0,0,0,0,0,0,0,0,0,0,0,0,0,0,0,0,0,0,0,0,0,0,0,0,0,0,0,0,0,0,0,0,0,0,0,0,0,0,0,0,0,0,0,0,0,0,0,0,0,0,0,0,0,0,0,0,0,0,0,0,0,0,0,0,0,0,0,0,0,0,0,0,0,0,0,0,0,0,0,0,0,0,0,0,0,0,0,0,0,0,0,0,0,0,0,0,0,0,0,0,0,0,0,0,0,0,0,0,0,0,0,0,0,0,0,0,0,0,0,0,0,0,0,0,0,0,0,0,0,0,0,0,0,0,0,0,0,0,0,0,0,0,0,0,0,0,0,0,0,0,0,0,0,0,0,0,0,0,0,0,0,0,0,0,0,0,0,0,0,0,0,0,0,0,0,0,0,0,0,0,0,0,0,0,0,0,0,0,0,0,0,0,0,0,0,0,0,0,0,0,0,0,0,0,0,0,0,0,0,0,0,0,0,0,0,0,0,0,0,0,0,0,0,0,0,0,1.08,1.08,0,0,0,1.069,1.06,1.054,1.047,0,0,0,0,0,0,0,1.021,1.023,1.024,0,0,0,0,0,0,0,0,0,0,0,0,0,0,0,0,0,0,0,0,0,0,0,0,0,0,0,0,0,0,0,0,0,0,0,0,0,0,0,0,0,0,0,0,0,0,0,0,0,0,0,0,0,0,0,0,0,0,0,0,0,0,0,0,0,0,0,0,0,0,0,0,0,0.454,0.454,0.454,0.454,0.454,0,0,0,0,0,0,0,0,0,0,0,0,0,0,0,0,0,0,0,0,0,0,0,0,0,0,0,0,0,0,0,0,0,0,0,0,0,0,1.043,1.043,1.045,1.045,1.047,1.051,1.051,1.049,1.045,1.043,1.04,1.038,1.035,1.031,1.026,1.024,1.024,1.024,1.026,1.026,1.026,1.028,1.028,1.029,1.031,1.031,1.033,1.033,1.033,1.035,0,0,0,0,0,0,0,0,0,0,0,0,0,0,0.681,0.681,0.681,0.68,0.68,0.679,0.679,0.679,0.679
0,0,0,0,0,0,0,0,0,0,0,0,0,0,0,0,0,0,0,0,0,0,0,0,0,0,0,0,0,0,0,0,0,0,0,0,0,0,0,0,0,0,0,0,0,0,0,0,0,0,0,0,0,0,0,0,0,0,0,0,0,0,0,0,0,0,0,0,0,0,0,0,0,0,0,0,0,0,0,0,0,0,0,0,0,0,0,0,0.257,0.257,0.257,0.257,0.257,0.257,0.257,0.256,0.256,0.256,0.256,0.255,0.255,0.255,0.254,0.254,0.253,0.253,0.253,0.253,0.253,0.253,0.253,0.253,0.253,0.253,0.253,0.253,0.253,0.254,0.254,0.254,0.254,0.254,0.254,0.254,0.255,0.255,0.255,0.255,0.255,0.255,0.255,0.255,0.256,0.256,0.256,0.256,0.256,0.257,0.257,0.257,0.257,0.258,0.258,0.258,0.258,0.258,0.258,0.258,0.258,0.258,0.258,0.259,0,0,0,0.259,0.259,0.259,0.259,0,0,0,0,0,0,0,0,0.258,0.258,0.258,0.258,0.258,0.258,0.258,0.258,0.258,0.258,0.258,0.258,0,0,0,0,0,0,0,0,0,0,0,0,0,0,0,0,0,0,0,0,0,0,0,0,0,0,0,0,0,0,0,0,0,0,0,0,0,0,0,0,0,0,0,0,0,0,0,0,0,0,0,0,0,0,0,0,0,0,0,0,0,0,0,0,0,0,0,0,0,0,0,0,0,0,0,0,0,0,0,0,0,0,0,0,0,0,0,0,0,0,0,0,0,0,0,0,0,0,0,0,0,0,0,0,0,0,0,0,0,0,0,0,0,0,0,0,0,0,0,0,0,0,0,0,0,0,0,0,0,0,0,0,0,0,0,0,0,0,0,0,0,0,0,0,0,0,0,0,0,0,0,0,0,0,0,0,0,0,0,0,0,0,0,0,0,0,0,0,0,0,0,0,0,0,0,0,0,0,0,0,0,0,0,0,0,0,0,0,0,0,0,0,0,0,0,0,0,0,0,0,0,0,0,0,0,0,0,0,0,0,0,0,0,0,0,0,0,0,0,0,0,0,0,0,0,0,0,0,0,0,0,0,0,0,0,0,0,0,0,0,0,0,0,0,0,0,0,0,0,0,0,0,0,0,0,0,0,0,0,0,0,0,0,0,0,0,0,0,0,0,0,0,0,0,0,0,0,0,0,0,0,1.043,0,0,0,0,0,0,0,0,0,0,0,0,0,0,0,0,0,0,0,0,0,0,0,0,0,0,0,0,0,0,0,0,0,0,0,0,0,0,0,0,0,0,0,0,0,0,0,0,0,0,0,0,0,0,0,0,0,0,0,0,0,0,0,0,0,0,0,0,0,0,0,0,0,0,0,0,0,0,0,0,0,0,0,0.454,0.454,0.454,0.454,0.454,0.454,0,0,0,0,0,0,0,0,0,0,0,0,0,0,0,0,0,0,0,0,0,0,0,0,0,0,0,0,0,0,0,0,0,0,0,0,1.036,1.038,1.04,1.042,1.043,1.045,1.049,1.049,1.047,1.045,1.042,1.038,1.035,1.033,1.029,1.026,1.024,1.023,1.023,1.023,1.024,1.024,1.024,1.024,1.026,1.026,1.028,1.028,1.028,1.028,0,0,0,0,0,0,0,0,0,0,0,0,0,0,0,0.681,0.681,0.681,0.68,0.68,0.679,0.679,0.679,0.679
0,0,0,0,0,0,0,0,0,0,0,0,0,0,0,0,0,0,0,0,0,0,0,0,0,0,0,0,0,0,0,0,0,0,0,0,0,0,0,0,0,0,0,0,0,0,0,0,0,0,0,0,0,0,0,0,0,0,0,0,0,0,0,0,0,0,0,0,0,0,0,0,0,0,0,0,0,0,0,0,0,0,0,0,0,0,0,0,0,0.257,0.257,0.257,0.257,0.257,0.257,0.256,0.256,0.256,0.255,0.255,0.254,0.254,0.254,0.254,0.253,0.253,0.252,0.252,0.252,0.252,0.252,0.252,0.253,0.253,0.253,0.253,0.253,0.253,0.254,0.254,0.254,0.254,0.254,0.254,0.254,0.255,0.255,0.255,0.255,0.255,0.255,0.255,0.255,0.256,0.256,0.256,0.256,0.256,0.257,0.257,0.257,0.257,0.258,0.258,0.258,0.258,0.258,0.258,0.258,0.258,0,0,0,0,0.259,0.259,0,0,0,0,0,0,0,0,0,0,0,0,0,0.258,0.258,0.258,0.258,0.258,0.258,0.258,0.258,0.258,0.258,0.258,0.258,0,0,0,0,0,0,0,0,0,0,0,0,0,0,0,0,0,0,0,0,0,0,0,0,0,0,0,0,0,0,0,0,0,0,0,0,0,0,0,0,0,0,0,0,0,0,0,0,0,0,0,0,0,0,0,0,0,0,0,0,0,0,0,0,0,0,0,0,0,0,0,0,0,0,0,0,0,0,0,0,0,0,0,0,0,0,0,0,0,0,0,0,0,0,0,0,0,0,0,0,0,0,0,0,0,0,0,0,0,0,0,0,0,0,0,0,0,0,0,0,0,0,0,0,0,0,0,0,0,0,0,0,0,0,0,0,0,0,0,0,0,0,0,0,0,0,0,0,0,0,0,0,0,0,0,0,0,0,0,0,0,0,0,0,0,0,0,0,0,0,0,0,0,0,0,0,0,0,0,0,0,0,0,0,0,0,0,0,0,0,0,0,0,0,0,0,0,0,0,0,0,0,0,0,0,0,0,0,0,0,0,0,0,0,0,0,0,0,0,0,0,0,0,0,0,0,0,0,0,0,0,0,0,0,0,0,0,0,0,0,0,0,0,0,0,0,0,0,0,0,0,0,0,0,0,0,0,0,0,0,0,0,0,0,0,0,0,0,0,0,0,0,0,0,0,0,0,0,0,0,0,0,0,0,0,0,0,0,0,0,0,0,0,0,0,0,0,0,0,0,0,0,0,0,0,0,0,0,0,0,0,0,0,0,0,0,0,0,0,0,0,0,0,0,0,0,0,0,0,0,0,0,0,0,0,0,0,0,0,0,0,0,0,0,0,0,0,0,0,0,0,0,0,0,0,0,0,0,0,0,0,0,0,0,0,0,0,0,0,0,0,0,0,0,0,0,0,0,0,0,0,0,0,0,0,0,0,0,0,0,0,0,0,0,0,0,0,0,0,0,0,0,0,0,0,1.033,1.033,1.036,1.04,1.04,1.042,1.045,1.045,1.043,1.043,1.04,1.036,1.035,1.033,1.029,1.024,1.023,1.023,1.021,1.023,1.023,1.023,1.024,1.023,1.024,1.024,1.026,1.026,1.026,1.024,0,0,0,0,0,0,0,0,0,0,0,0,0,0,0.681,0.681,0.681,0.681,0.681,0.68,0.68,0.68,0.68,0
0,0,0,0,0,0,0,0,0,0,0,0,0,0,0,0,0,0,0,0,0,0,0,0,0,0,0,0,0,0,0,0,0,0,0,0,0,0,0,0,0,0,0,0,0,0,0,0,0,0,0,0,0,0,0,0,0,0,0,0,0,0,0,0,0,0,0,0,0,0,0,0,0,0,0,0,0,0,0,0,0,0,0,0,0,0,0,0,0,0,0,0,0,0,0,0,0,0,0,0.255,0.254,0.254,0.253,0.253,0.253,0.252,0.252,0.252,0.252,0.252,0.252,0.252,0.252,0.252,0.253,0.253,0.253,0.253,0.253,0.254,0.254,0.254,0.254,0.254,0.254,0.254,0.254,0.255,0.255,0.255,0.255,0.255,0.255,0.256,0.256,0.256,0.256,0.256,0.257,0.257,0.257,0.257,0.258,0.258,0,0,0,0,0,0,0,0,0,0,0,0,0,0,0,0,0,0,0,0,0,0,0,0,0,0,0.258,0.258,0.258,0.258,0.258,0.258,0.258,0,0,0,0,0,0,0,0,0,0,0,0,0,0,0,0,0,0,0,0,0,0,0,0,0,0,0,0,0,0,0,0,0,0,0,0,0,0,0,0,0,0,0,0,0,0,0,0,0,0,0,0,0,0,0,0,0,0,0,0,0,0,0,0,0,0,0,0,0,0,0,0,0,0,0,0,0,0,0,0,0,0,0,0,0,0,0,0,0,0,0,0,0,0,0,0,0,0,0,0,0,0,0,0,0,0,0,0,0,0,0,0,0,0,0,0,0,0,0,0,0,0,0,0,0,0,0,0,0,0,0,0,0,0,0,0,0,0,0,0,0,0,0,0,0,0,0,0,0,0,0,0,0,0,0,0,0,0,0,0,0,0,0,0,0,0,0,0,0,0,0,0,0,0,0,0,0,0,0,0,0,0,0,0,0,0,0,0,0,0,0,0,0,0,0,0,0,0,0,0,0,0,0,0,0,0,0,0,0,0,0,0,0,0,0,0,0,0,0,0,0,0,0,0,0,0,0,0,0,0,0,0,0,0,0,0,0,0,0,0,0,0,0,0,0,0,0,0,0,0,0,0,0,0,0,0,0,0,0,0,0,0,0,0,0,0,0,0,0,0,0,0,0,0,0,0,0,0,0,0,0,0,0,0,0,0,0,0,0,0,0,0,0,0,0,0,0,0,0,0,0,0,0,0,0,0,0,0,0,0,0,0,0,0,0,0,0,0,0,0,0,0,0,0,0,0,0,0,0,0,0,0,0,0,0,0,0,0,0,0,0,0,0,0,0,0,0,0,0,0,0,0,0,0,0,0,0,0,0,0,0,0,0,0,0,0,0,0,0,0,0,0,0,0,0,0,0,0,0,0,0,0,0,0,0,0,0,0,0,0,0,0,0,0,0,0,0,0,0,0,0,0,0,0,0,0,0,0,0,1.029,1.031,1.033,1.036,1.038,1.04,1.042,1.043,1.042,1.042,1.038,1.036,1.033,1.033,1.028,1.026,1.023,1.023,1.021,1.023,1.023,1.023,1.023,1.023,1.024,1.024,1.024,1.024,1.024,1.024,1.024,1.024,0,0,0,0,0,0,0,0,0,0,0,0,0.681,0.681,0.681,0.681,0.681,0.681,0.68,0.68,0.68,0
0,0,0,0,0,0,0,0,0,0,0,0,0,0,0,0,0,0,0,0,0,0,0,0,0,0,0,0,0,0,0,0,0,0,0,0,0,0,0,0,0,0,0,0,0,0,0,0,0,0,0,0,0,0,0,0,0,0,0,0,0,0,0,0,0,0,0,0,0,0,0,0,0,0,0,0,0,0,0,0,0,0,0,0,0,0,0,0,0,0,0,0,0,0,0,0,0,0,0,0,0,0,0.253,0.253,0.252,0.252,0.252,0.252,0.252,0.252,0.252,0.252,0.252,0.252,0.252,0.253,0.253,0.253,0.253,0.254,0.254,0.254,0.254,0.254,0.254,0.254,0.255,0.255,0,0,0,0,0,0,0,0,0,0,0,0,0,0,0,0,0,0,0,0,0,0,0,0,0,0,0,0,0,0,0,0,0,0,0,0,0,0,0,0,0.258,0.258,0.258,0.258,0.258,0.258,0.258,0.258,0,0,0,0,0,0,0,0,0,0,0,0,0,0,0,0,0,0,0,0,0,0,0,0,0,0,0,0,0,0,0,0,0,0,0,0,0,0,0,0,0,0,0,0,0,0,0,0,0,0,0,0,0,0,0,0,0,0,0,0,0,0,0,0,0,0,0,0,0,0,0,0,0,0,0,0,0,0,0,0,0,0,0,0,0,0,0,0,0,0,0,0,0,0,0,0,0,0,0,0,0,0,0,0,0,0,0,0,0,0,0,0,0,0,0,0,0,0,0,0,0,0,0,0,0,0,0,0,0,0,0,0,0,0,0,0,0,0,0,0,0,0,0,0,0,0,0,0,0,0,0,0,0,0,0,0,0,0,0,0,0,0,0,0,0,0,0,0,0,0,0,0,0,0,0,0,0,0,0,0,0,0,0,0,0,0,0,0,0,0,0,0,0,0,0,0,0,0,0,0,0,0,0,0,0,0,0,0,0,0,0,0,0,0,0,0,0,0,0,0,0,0,0,0,0,0,0,0,0,0,0,0,0,0,0,0,0,0,0,0,0,0,0,0,0,0,0,0,0,0,0,0,0,0,0,0,0,0,0,0,0,0,0,0,0,0,0,0,0,0,0,0,0,0,0,0,0,0,0,0,0,0,0,0,0,0,0,0,0,0,0,0,0,0,0,0,0,0,0,0,0,0,0,0,0,0,0,0,0,0,0,0,0,0,0,0,0,0,0,0,0,0,0,0,0,0,0,0,0,0,0,0,0,0,0,0,0,0,0,0,0,0,0,0,0,0,0,0,0,0,0,0,0,0,0,0,0,0,0,0,0,0,0,0,0,0,0,0,0,0,0,0,0,0,0,0,0,0,0,0,0,0,0,0,0,0,0,0,0,0,0,0,0,0,0,0,0,0,0,0,0,0,0,0,0,0,0,1.019,1.021,1.023,1.024,1.028,1.031,1.033,1.035,1.036,1.04,1.042,1.042,1.04,1.038,1.036,1.035,1.033,1.029,1.026,1.024,1.023,1.023,1.023,1.024,1.024,1.024,1.024,1.024,1.024,1.024,1.024,1.024,1.023,1.023,1.024,0,0,0,0,0,0,0,0,0,0,0,0,0.682,0.682,0.681,0.681,0.681,0.68,0.68,0.68,0.68,0.68
0,0,0,0,0,0,0,0,0,0,0,0,0,0,0,0,0,0,0,0,0,0,0,0,0,0,0,0,0,0,0,0,0,0,0,0,0,0,0,0,0,0,0,0,0,0,0,0,0,0,0,0,0,0,0,0,0,0,0,0,0,0,0,0,0,0,0,0,0,0,0,0,0,0,0,0,0,0,0,0,0,0,0,0,0,0,0,0,0,0,0,0,0,0,0,0,0,0,0,0,0,0,0,0,0.252,0.252,0.252,0.252,0.252,0.252,0.252,0.252,0.252,0.252,0.252,0.252,0.253,0.253,0.253,0.253,0.254,0.254,0.254,0.254,0.254,0,0,0,0,0,0,0,0,0,0,0,0,0,0,0,0,0,0,0,0,0,0,0,0,0,0,0,0,0,0,0,0,0,0,0,0,0,0,0,0,0,0,0,0,0.258,0.258,0.258,0.258,0.258,0,0,0,0,0,0,0,0,0,0,0,0,0,0,0,0,0,0,0,0,0,0,0,0,0,0,0,0,0,0,0,0,0,0,0,0,0,0,0,0,0,0,0,0,0,0,0,0,0,0,0,0,0,0,0,0,0,0,0,0,0,0,0,0,0,0,0,0,0,0,0,0,0,0,0,0,0,0,0,0,0,0,0,0,0,0,0,0,0,0,0,0,0,0,0,0,0,0,0,0,0,0,0,0,0,0,0,0,0,0,0,0,0,0,0,0,0,0,0,0,0,0,0,0,0,0,0,0,0,0,0,0,0,0,0,0,0,0,0,0,0,0,0,0,0,0,0,0,0,0,0,0,0,0,0,0,0,0,0,0,0,0,0,0,0,0,0,0,0,0,0,0,0,0,0,0,0,0,0,0,0,0,0,0,0,0,0,0,0,0,0,0,0,0,0,0,0,0,0,0,0,0,0,0,0,0,0,0,0,0,0,0,0,0,0,0,0,0,0,0,0,0,0,0,0,0,0,0,0,0,0,0,0,0,0,0,0,0,0,0,0,0,0,0,0,0,0,0,0,0,0,0,0,0,0,0,0,0,0,0,0,0,0,0,0,0,0,0,0,0,0,0,0,0,0,0,0,0,0,0,0,0,0,0,0,0,0,0,0,0,0,0,0,0,0,0,0,0,0,0,0,0,0,0,0,0,0,0,0,0,0,0,0,0,0,0,0,0,0,0,0,0,0,0,0,0,0,0,0,0,0,0,0,0,0,0,0,0,0,0,0,0,0,0,0,0,0,0,0,0,0,0,0,0,0,0,0,0,0,0,0,0,0,0,0,0,0,0,0,0,0,0,0,0,0,0,0,0,0,0,0,0,0,0,0,0,0,0,0,0,0,0,0,0,0,0,0,0,0,0,0,0,0,0,0,0,0,0,0,1.017,1.019,1.021,1.023,1.024,1.028,1.029,1.031,1.033,1.036,1.04,1.04,1.04,1.038,1.036,1.035,1.033,1.031,1.028,1.026,1.024,1.024,1.026,1.026,1.024,1.026,1.026,1.026,1.024,1.024,1.026,1.024,1.024,1.024,1.024,1.026,0,0,0,0,0,0,0,0,0,0,0,0.682,0.682,0.681,0.681,0.681,0.68,0.68,0.68,0.68,0
0,0,0,0,0,0,0,0,0,0,0,0,0,0,0,0,0,0,0,0,0,0,0,0,0,0,0,0,0,0,0,0,0,0,0,0,0,0,0,0,0,0,0,0,0,0,0,0,0,0,0,0,0,0,0,0,0,0,0,0,0,0,0,0,0,0,0,0,0,0,0,0,0,0,0,0,0,0,0,0,0,0,0,0,0,0,0,0,0,0,0,0,0,0,0,0,0,0,0,0,0,0,0,0,0,0,0,0.251,0.251,0.251,0.251,0.251,0.252,0.252,0.252,0.252,0.253,0.253,0.253,0.254,0,0,0,0,0,0,0,0,0,0,0,0,0,0,0,0,0,0,0,0,0,0,0,0,0,0,0,0,0,0,0,0,0,0,0,0,0,0,0,0,0,0,0,0,0,0,0,0,0,0,0,0,0,0,0,0,0,0,0,0,0,0,0,0,0,0,0,0,0,0,0,0,0,0,0,0,0,0,0,0,0,0,0,0,0,0,0,0,0,0,0,0,0,0,0,0,0,0,0,0,0,0,0,0,0,0,0,0,0,0,0,0,0,0,0,0,0,0,0,0,0,0,0,0,0,0,0,0,0,0,0,0,0,0,0,0,0,0,0,0,0,0,0,0,0,0,0,0,0,0,0,0,0,0,0,0,0,0,0,0,0,0,0,0,0,0,0,0,0,0,0,0,0,0,0,0,0,0,0,0,0,0,0,0,0,0,0,0,0,0,0,0,0,0,0,0,0,0,0,0,0,0,0,0,0,0,0,0,0,0,0,0,0,0,0,0,0,0,0,0,0,0,0,0,0,0,0,0,0,0,0,0,0,0,0,0,0,0,0,0,0,0,0,0,0,0,0,0,0,0,0,0,0,0,0,0,0,0,0,0,0,0,0,0,0,0,0,0,0,0,0,0,0,0,0,0,0,0,0,0,0,0,0,0,0,0,0,0,0,0,0,0,0,0,0,0,0,0,0,0,0,0,0,0,0,0,0,0,0,0,0,0,0,0,0,0,0,0,0,0,0,0,0,0,0,0,0,0,0,0,0,0,0,0,0,0,0,0,0,0,0,0,0,0,0,0,0,0,0,0,0,0,0,0,0,0,0,0,0,0,0,0,0,0,0,0,0,0,0,0,0,0,0,0,0,0,0,0,0,0,0,0,0,0,0,0,0,0,0,0,0,0,0,0,0,0,0,0,0,0,0,0,0,0,0,0,0,0,0,0,0,0,0,0,0,0,0,0,0,0,0,0,0,0,0,0,0,0,0,0,0,0,0,0,0,0,0,0,0,0,0,0,0,0,0,0,0,0,0,0,0,0,0,0,0,0,0,0,0,0,0,0,1.012,1.014,1.014,1.017,1.019,1.021,1.024,1.026,1.028,1.029,1.035,1.036,1.038,1.036,1.036,1.035,1.035,1.035,1.033,1.029,1.028,1.028,1.026,1.028,1.029,1.029,1.028,1.028,1.028,1.028,1.028,1.028,1.026,1.026,1.026,1.026,1.026,0,0,0,0,0,0,0,0,0,0,0,0.682,0.682,0.681,0.681,0.681,0.68,0.68,0.679,0.679,0.679
0,0,0,0,0,0,0,0,0,0,0,0,0,0,0,0,0,0,0,0,0,0,0,0,0,0,0,0,0,0,0,0,0,0,0,0,0,0,0,0,0,0,0,0,0,0,0,0,0,0,0,0,0,0,0,0,0,0,0,0,0,0,0,0,0,0,0,0,0,0,0,0,0,0,0,0,0,0,0,0,0,0,0,0,0,0,0,0,0,0,0,0,0,0,0,0,0,0,0,0,0,0,0,0,0,0,0,0,0,0.251,0.251,0.251,0.252,0.252,0.252,0.252,0.253,0.253,0,0,0,0,0,0,0,0,0,0,0,0,0,0,0,0,0,0,0,0,0,0,0,0,0,0,0,0,0,0,0,0,0,0,0,0,0,0,0,0,0,0,0,0,0,0,0,0,0,0,0,0,0,0,0,0,0,0,0,0,0,0,0,0,0,0,0,0,0,0,0,0,0,0,0,0,0,0,0,0,0,0,0,0,0,0,0,0,0,0,0,0,0,0,0,0,0,0,0,0,0,0,0,0,0,0,0,0,0,0,0,0,0,0,0,0,0,0,0,0,0,0,0,0,0,0,0,0,0,0,0,0,0,0,0,0,0,0,0,0,0,0,0,0,0,0,0,0,0,0,0,0,0,0,0,0,0,0,0,0,0,0,0,0,0,0,0,0,0,0,0,0,0,0,0,0,0,0,0,0,0,0,0,0,0,0,0,0,0,0,0,0,0,0,0,0,0,0,0,0,0,0,0,0,0,0,0,0,0,0,0,0,0,0,0,0,0,0,0,0,0,0,0,0,0,0,0,0,0,0,0,0,0,0,0,0,0,0,0,0,0,0,0,0,0,0,0,0,0,0,0,0,0,0,0,0,0,0,0,0,0,0,0,0,0,0,0,0,0,0,0,0,0,0,0,0,0,0,0,0,0,0,0,0,0,0,0,0,0,0,0,0,0,0,0,0,0,0,0,0,0,0,0,0,0,0,0,0,0,0,0,0,0,0,0,0,0,0,0,0,0,0,0,0,0,0,0,0,0,0,0,0,0,0,0,0,0,0,0,0,0,0,0,0,0,0,0,0,0,0,0,0,0,0,0,0,0,0,0,0,0,0,0,0,0,0,0,0,0,0,0,0,0,0,0,0,0,0,0,0,0,0,0,0,0,0,0,0,0,0,0,0,0,0,0,0,0,0,0,0,0,0,0,0,0,0,0,0,0,0,0,0,0,0,0,0,0,0,0,0,0,0,0,0,0,0,0,0,0,0,0,0,0,0,0,0,0,0,0,0,0,0,0,0,0,0,0,0,0,0,0,0,0,0,0,0,0,0,0,0,0,0,0,0,1.009,1.009,1.011,1.012,1.014,1.017,1.019,1.023,1.024,1.028,1.031,1.033,1.035,1.036,1.035,1.035,1.035,1.035,1.033,1.031,1.031,1.029,1.029,1.031,1.031,1.031,1.031,1.029,1.029,1.028,1.028,1.029,1.028,1.028,1.028,1.026,1.029,0,0,0,0,0,0,0,0,0,0,0,0.682,0.682,0.681,0.681,0.681,0.679,0.679,0.678,0.678,0
0,0,0,0,0,0,0,0,0,0,0,0,0,0,0,0,0,0,0,0,0,0,0,0,0,0,0,0,0,0,0,0,0,0,0,0,0,0,0,0,0,0,0,0,0,0,0,0,0,0,0,0,0,0,0,0,0,0,0,0,0,0,0,0,0,0,0,0,0,0,0,0,0,0,0,0,0,0,0,0,0,0,0,0,0,0,0,0,0,0,0,0,0,0,0,0,0,0,0,0,0,0,0,0,0,0,0,0,0,0,0.251,0.251,0,0,0,0,0,0,0,0,0,0,0,0,0,0,0,0,0,0,0,0,0,0,0,0,0,0,0,0,0,0,0,0,0,0,0,0,0,0,0,0,0,0,0,0,0,0,0,0,0,0,0,0,0,0,0,0,0,0,0,0,0,0,0,0,0,0,0,0,0,0,0,0,0,0,0,0,0,0,0,0,0,0,0,0,0,0,0,0,0,0,0,0,0,0,0,0,0,0,0,0,0,0,0,0,0,0,0,0,0,0,0,0,0,0,0,0,0,0,0,0,0,0,0,0,0,0,0,0,0,0,0,0,0,0,0,0,0,0,0,0,0,0,0,0,0,0,0,0,0,0,0,0,0,0,0,0,0,0,0,0,0,0,0,0,0,0,0,0,0,0,0,0,0,0,0,0,0,0,0,0,0,0,0,0,0,0,0,0,0,0,0,0,0,0,0,0,0,0,0,0,0,0,0,0,0,0,0,0,0,0,0,0,0,0,0,0,0,0,0,0,0,0,0,0,0,0,0,0,0,0,0,0,0,0,0,0,0,0,0,0,0,0,0,0,0,0,0,0,0,0,0,0,0,0,0,0,0,0,0,0,0,0,0,0,0,0,0,0,0,0,0,0,0,0,0,0,0,0,0,0,0,0,0,0,0,0,0,0,0,0,0,0,0,0,0,0,0,0,0,0,0,0,0,0,0,0,0,0,0,0,0,0,0,0,0,0,0,0,0,0,0,0,0,0,0,0,0,0,0,0,0,0,0,0,0,0,0,0,0,0,0,0,0,0,0,0,0,0,0,0,0,0,0,0,0,0,0,0,0,0,0,0,0,0,0,0,0,0,0,0,0,0,0,0,0,0,0,0,0,0,0,0,0,0,0,0,0,0,0,0,0,0,0,0,0,0,0,0,0,0,0,0,0,0,0,0,0,0,0,0,0,0,0,0,0,0,0,0,0,0,0,0,0,0,0,0,0,0,0,0,0,0,0,0,0,0,0,0,0,0,0,0,0,0,0,0,0,0,0,0,0,0,0,0,0,0,0,0,0,0,0,0,0,0,0,0,0,0,0,0,1.007,1.006,1.007,1.009,1.011,1.014,1.016,1.019,1.021,1.026,1.029,1.031,1.033,1.033,1.035,1.035,1.036,1.035,1.035,1.033,1.033,1.031,1.031,1.031,1.033,1.033,1.031,1.031,1.029,1.029,1.029,1.029,1.029,1.028,1.029,1.028,1.029,0,0,0,0,0,0,0,0,0,0,0,0.682,0.681,0.681,0.681,0.68,0.679,0.678,0.678,0.678,0
0,0,0,0,0,0,0,0,0,0,0,0,0,0,0,0,0,0,0,0,0,0,0,0,0,0,0,0,0,0,0,0,0,0,0,0,0,0,0,0,0,0,0,0,0,0,0,0,0,0,0,0,0,0,0,0,0,0,0,0,0,0,0,0,0,0,0,0,0,0,0,0,0,0,0,0,0,0,0,0,0,0,0,0,0,0,0,0,0,0,0,0,0,0,0,0,0,0,0,0,0,0,0,0,0,0,0,0,0,0,0,0,0,0,0,0,0,0,0,0,0,0,0,0,0,0,0,0,0,0,0,0,0,0,0,0,0,0,0,0,0,0,0,0,0,0,0,0,0,0,0,0,0,0,0,0,0,0,0,0,0,0,0,0,0,0,0,0,0,0,0,0,0,0,0,0,0,0,0,0,0,0,0,0,0,0,0,0,0,0,0,0,0,0,0,0,0,0,0,0,0,0,0,0,0,0,0,0,0,0,0,0,0,0,0,0,0,0,0,0,0,0,0,0,0,0,0,0,0,0,0,0,0,0,0,0,0,0,0,0,0,0,0,0,0,0,0,0,0,0,0,0,0,0,0,0,0,0,0,0,0,0,0,0,0,0,0,0,0,0,0,0,0,0,0,0,0,0,0,0,0,0,0,0,0,0,0,0,0,0,0,0,0,0,0,0,0,0,0,0,0,0,0,0,0,0,0,0,0,0,0,0,0,0,0,0,0,0,0,0,0,0,0,0,0,0,0,0,0,0,0,0,0,0,0,0,0,0,0,0,0,0,0,0,0,0,0,0,0,0,0,0,0,0,0,0,0,0,0,0,0,0,0,0,0,0,0,0,0,0,0,0,0,0,0,0,0,0,0,0,0,0,0,0,0,0,0,0,0,0,0,0,0,0,0,0,0,0,0,0,0,0,0,0,0,0,0,0,0,0,0,0,0,0,0,0,0,0,0,0,0,0,0,0,0,0,0,0,0,0,0,0,0,0,0,0,0,0,0,0,0,0,0,0,0,0,0,0,0,0,0,0,0,0,0,0,0,0,0,0,0,0,0,0,0,0,0,0,0,0,0,0,0,0,0,0,0,0,0,0,0,0,0,0,0,0,0,0,0,0,0,0,0,0,0,0,0,0,0,0,0,0,0,0,0,0,0,0,0,0,0,0,0,0,0,0,0,0,0,0,0,0,0,0,0,0,0,0,0,0,0,0,0,0,0,0,0,0,0,0,0,0,0,0,0,0,0,0,0,0,0,0,0,0,0,0,0,0,0,0,0,0,0,0,0,0,0,0,0,0,0,0,0,0,0,0,0,0,0,0,0,0,1.004,1.003,1.004,1.006,1.007,1.011,1.012,1.014,1.019,1.023,1.028,1.029,1.031,1.031,1.031,1.033,1.035,1.035,1.033,1.033,1.033,1.033,1.031,1.031,1.031,1.031,1.031,1.031,1.029,1.029,1.029,1.031,1.031,1.029,1.029,1.029,0,0,0,0,0,0,0,0,0,0,0,0,0.682,0.681,0.681,0.68,0.68,0.679,0.678,0.678,0.678,0.677
0,0,0,0,0,0,0,0,0,0,0,0,0,0,0,0,0,0,0,0,0,0,0,0,0,0,0,0,0,0,0,0,0,0,0,0,0,0,0,0,0,0,0,0,0,0,0,0,0,0,0,0,0,0,0,0,0,0,0,0,0,0,0,0,0,0,0,0,0,0,0,0,0,0,0,0,0,0,0,0,0,0,0,0,0,0,0,0,0,0,0,0,0,0,0,0,0,0,0,0,0,0,0,0,0,0,0,0,0,0,0,0,0,0,0,0,0,0,0,0,0,0,0,0,0,0,0,0,0,0,0,0,0,0,0,0,0,0,0,0,0,0,0,0,0,0,0,0,0,0,0,0,0,0,0,0,0,0,0,0,0,0,0,0,0,0,0,0,0,0,0,0,0,0,0,0,0,0,0,0,0,0,0,0,0,0,0,0,0,0,0,0,0,0,0,0,0,0,0,0,0,0,0,0,0,0,0,0,0,0,0,0,0,0,0,0,0,0,0,0,0,0,0,0,0,0,0,0,0,0,0,0,0,0,0,0,0,0,0,0,0,0,0,0,0,0,0,0,0,0,0,0,0,0,0,0,0,0,0,0,0,0,0,0,0,0,0,0,0,0,0,0,0,0,0,0,0,0,0,0,0,0,0,0,0,0,0,0,0,0,0,0,0,0,0,0,0,0,0,0,0,0,0,0,0,0,0,0,0,0,0,0,0,0,0,0,0,0,0,0,0,0,0,0,0,0,0,0,0,0,0,0,0,0,0,0,0,0,0,0,0,0,0,0,0,0,0,0,0,0,0,0,0,0,0,0,0,0,0,0,0,0,0,0,0,0,0,0,0,0,0,0,0,0,0,0,0,0,0,0,0,0,0,0,0,0,0,0,0,0,0,0,0,0,0,0,0,0,0,0,0,0,0,0,0,0,0,0,0,0,0,0,0,0,0,0,0,0,0,0,0,0,0,0,0,0,0,0,0,0,0,0,0,0,0,0,0,0,0,0,0,0,0,0,0,0,0,0,0,0,0,0,0,0,0,0,0,0,0,0,0,0,0,0,0,0,0,0,0,0,0,0,0,0,0,0,0,0,0,0,0,0,0,0,0,0,0,0,0,0,0,0,0,0,0,0,0,0,0,0,0,0,0,0,0,0,0,0,0,0,0,0,0,0,0,0,0,0,0,0,0,0,0,0,0,0,0,0,0,0,0,0,0,0,0,0,0,0,0,0,0,0,0,0,0,0,0,0,0,0,0,0,0,0,0,0,0,0,0,0,0,0,0,0,0,0,0,0,0,0,0,0,0,0,0,0,0,0,0,0,0,0,1.001,1.001,1.003,1.004,1.006,1.007,1.011,1.014,1.016,1.021,1.028,1.029,1.031,1.031,1.031,1.033,1.033,1.035,1.033,1.033,1.035,1.033,1.033,1.033,1.033,1.033,1.033,1.031,1.031,1.031,1.031,1.031,1.031,1.033,1.031,1.033,0,0,0,0,0,0,0,0,0,0,0,0,0.681,0.681,0.68,0.679,0.679,0.678,0.678,0.678,0,0.676
0,0,0,0,0,0,0,0,0,0,0,0,0,0,0,0,0,0,0,0,0,0,0,0,0,0,0,0,0,0,0,0,0,0,0,0,0,0,0,0,0,0,0,0,0,0,0,0,0,0,0,0,0,0,0,0,0,0,0,0,0,0,0,0,0,0,0,0,0,0,0,0,0,0,0,0,0,0,0,0,0,0,0,0,0,0,0,0,0,0,0,0,0,0,0,0,0,0,0,0,0,0,0,0,0,0,0,0,0,0,0,0,0,0,0,0,0,0,0,0,0,0,0,0,0,0,0,0,0,0,0,0,0,0,0,0,0,0,0,0,0,0,0,0,0,0,0,0,0,0,0,0,0,0,0,0,0,0,0,0,0,0,0,0,0,0,0,0,0,0,0,0,0,0,0,0,0,0,0,0,0,0,0,0,0,0,0,0,0,0,0,0,0,0,0,0,0,0,0,0,0,0,0,0,0,0,0,0,0,0,0,0,0,0,0,0,0,0,0,0,0,0,0,0,0,0,0,0,0,0,0,0,0,0,0,0,0,0,0,0,0,0,0,0,0,0,0,0,0,0,0,0,0,0,0,0,0,0,0,0,0,0,0,0,0,0,0,0,0,0,0,0,0,0,0,0,0,0,0,0,0,0,0,0,0,0,0,0,0,0,0,0,0,0,0,0,0,0,0,0,0,0,0,0,0,0,0,0,0,0,0,0,0,0,0,0,0,0,0,0,0,0,0,0,0,0,0,0,0,0,0,0,0,0,0,0,0,0,0,0,0,0,0,0,0,0,0,0,0,0,0,0,0,0,0,0,0,0,0,0,0,0,0,0,0,0,0,0,0,0,0,0,0,0,0,0,0,0,0,0,0,0,0,0,0,0,0,0,0,0,0,0,0,0,0,0,0,0,0,0,0,0,0,0,0,0,0,0,0,0,0,0,0,0,0,0,0,0,0,0,0,0,0,0,0,0,0,0,0,0,0,0,0,0,0,0,0,0,0,0,0,0,0,0,0,0,0,0,0,0,0,0,0,0,0,0,0,0,0,0,0,0,0,0,0,0,0,0,0,0,0,0,0,0,0,0,0,0,0,0,0,0,0,0,0,0,0,0,0,0,0,0,0,0,0,0,0,0,0,0,0,0,0,0,0,0,0,0,0,0,0,0,0,0,0,0,0,0,0,0,0,0,0,0,0,0,0,0,0,0,0,0,0,0,0,0,0,0,0,0,0,0,0,0,0,0,0,0,0,0,0,0,0,0,0,0,0,0,0,0,0,0,0,0,0,0,0,0,0,0,0,0,0,0,0,0,0,0,0,0,0,0,0.999,0.998,1.001,1.003,1.004,1.007,1.009,1.012,1.016,1.021,1.026,1.029,1.031,1.033,1.033,1.033,1.033,1.035,1.035,1.035,1.035,1.035,1.035,1.035,1.035,1.035,1.035,1.035,1.035,1.035,1.033,1.035,1.035,1.033,1.035,1.033,1.035,0,0,0,0,0,0,0,0,0,0,0,0.681,0.681,0.679,0.678,0.678,0.677,0.676,0.675,0,0
0,0,0,0,0,0,0,0,0,0,0,0,0,0,0,0,0,0,0,0,0,0,0,0,0,0,0,0,0,0,0,0,0,0,0,0,0,0,0,0,0,0,0,0,0,0,0,0,0,0,0,0,0,0,0,0,0,0,0,0,0,0,0,0,0,0,0,0,0,0,0,0,0,0,0,0,0,0,0,0,0,0,0,0,0,0,0,0,0,0,0,0,0,0,0,0,0,0,0,0,0,0,0,0,0,0,0,0,0,0,0,0,0,0,0,0,0,0,0,0,0,0,0,0,0,0,0,0,0,0,0,0,0,0,0,0,0,0,0,0,0,0,0,0,0,0,0,0,0,0,0,0,0,0,0,0,0,0,0,0,0,0,0,0,0,0,0,0,0,0,0,0,0,0,0,0,0,0,0,0,0,0,0,0,0,0,0,0,0,0,0,0,0,0,0,0,0,0,0,0,0,0,0,0,0,0,0,0,0,0,0,0,0,0,0,0,0,0,0,0,0,0,0,0,0,0,0,0,0,0,0,0,0,0,0,0,0,0,0,0,0,0,0,0,0,0,0,0,0,0,0,0,0,0,0,0,0,0,0,0,0,0,0,0,0,0,0,0,0,0,0,0,0,0,0,0,0,0,0,0,0,0,0,0,0,0,0,0,0,0,0,0,0,0,0,0,0,0,0,0,0,0,0,0,0,0,0,0,0,0,0,0,0,0,0,0,0,0,0,0,0,0,0,0,0,0,0,0,0,0,0,0,0,0,0,0,0,0,0,0,0,0,0,0,0,0,0,0,0,0,0,0,0,0,0,0,0,0,0,0,0,0,0,0,0,0,0,0,0,0,0,0,0,0,0,0,0,0,0,0,0,0,0,0,0,0,0,0,0,0,0,0,0,0,0,0,0,0,0,0,0,0,0,0,0,0,0,0,0,0,0,0,0,0,0,0,0,0,0,0,0,0,0,0,0,0,0,0,0,0,0,0,0,0,0,0,0,0,0,0,0,0,0,0,0,0,0,0,0,0,0,0,0,0,0,0,0,0,0,0,0,0,0,0,0,0,0,0,0,0,0,0,0,0,0,0,0,0,0,0,0,0,0,0,0,0,0,0,0,0,0,0,0,0,0,0,0,0,0,0,0,0,0,0,0,0,0,0,0,0,0,0,0,0,0,0,0,0,0,0,0,0,0,0,0,0,0,0,0,0,0,0,0,0,0,0,0,0,0,0,0,0,0,0,0,0,0,0,0,0,0,0,0,0,0,0,0,0,0,0,0,0,0,0,0,0,0,0,0,0,0,0,0,0,0,0,0,0,0,0,0,0,0.996,0.994,0.998,1.001,1.004,1.006,1.009,1.011,1.014,1.019,1.029,1.031,1.033,1.035,1.035,1.035,1.035,1.038,1.036,1.036,1.036,1.036,1.036,1.038,1.038,1.04,1.04,1.04,1.038,1.038,1.038,1.04,1.04,1.04,1.04,1.04,0,0,0,0,0,0,0,0,0,0,0,0,0.68,0.68,0.678,0.678,0.678,0.676,0.675,0.675,0,0
0,0,0,0,0,0,0,0,0,0,0,0,0,0,0,0,0,0,0,0,0,0,0,0,0,0,0,0,0,0,0,0,0,0,0,0,0,0,0,0,0,0,0,0,0,0,0,0,0,0,0,0,0,0,0,0,0,0,0,0,0,0,0,0,0,0,0,0,0,0,0,0,0,0,0,0,0,0,0,0,0,0,0,0,0,0,0,0,0,0,0,0,0,0,0,0,0,0,0,0,0,0,0,0,0,0,0,0,0,0,0,0,0,0,0,0,0,0,0,0,0,0,0,0,0,0,0,0,0,0,0,0,0,0,0,0,0,0,0,0,0,0,0,0,0,0,0,0,0,0,0,0,0,0,0,0,0,0,0,0,0,0,0,0,0,0,0,0,0,0,0,0,0,0,0,0,0,0,0,0,0,0,0,0,0,0,0,0,0,0,0,0,0,0,0,0,0,0,0,0,0,0,0,0,0,0,0,0,0,0,0,0,0,0,0,0,0,0,0,0,0,0,0,0,0,0,0,0,0,0,0,0,0,0,0,0,0,0,0,0,0,0,0,0,0,0,0,0,0,0,0,0,0,0,0,0,0,0,0,0,0,0,0,0,0,0,0,0,0,0,0,0,0,0,0,0,0,0,0,0,0,0,0,0,0,0,0,0,0,0,0,0,0,0,0,0,0,0,0,0,0,0,0,0,0,0,0,0,0,0,0,0,0,0,0,0,0,0,0,0,0,0,0,0,0,0,0,0,0,0,0,0,0,0,0,0,0,0,0,0,0,0,0,0,0,0,0,0,0,0,0,0,0,0,0,0,0,0,0,0,0,0,0,0,0,0,0,0,0,0,0,0,0,0,0,0,0,0,0,0,0,0,0,0,0,0,0,0,0,0,0,0,0,0,0,0,0,0,0,0,0,0,0,0,0,0,0,0,0,0,0,0,0,0,0,0,0,0,0,0,0,0,0,0,0,0,0,0,0,0,0,0,0,0,0,0,0,0,0,0,0,0,0,0,0,0,0,0,0,0,0,0,0,0,0,0,0,0,0,0,0,0,0,0,0,0,0,0,0,0,0,0,0,0,0,0,0,0,0,0,0,0,0,0,0,0,0,0,0,0,0,0,0,0,0,0,0,0,0,0,0,0,0,0,0,0,0,0,0,0,0,0,0,0,0,0,0,0,0,0,0,0,0,0,0,0,0,0,0,0,0,0,0,0,0,0,0,0,0,0,0,0,0,0,0,0,0,0,0,0,0,0,0,0,0,0,0,0,0,0,0,0,0,0,0,0,0,0,0,0,0,0,0,0,0,0,0,0,0,0,0,0,0,0.991,0.994,0.998,1.003,1.006,1.007,1.012,1.016,1.021,1.031,1.033,1.035,1.036,1.035,1.036,1.036,1.036,1.038,1.038,1.04,1.04,1.042,1.043,1.045,1.045,1.045,1.045,1.045,1.043,1.045,1.045,1.045,1.045,0,1.045,0,0,0,0,0,0,0,0,0,0,0,0,0,0.68,0.678,0.678,0.676,0.676,0.675,0.673,0,0
0,0,0,0,0,0,0,0,0,0,0,0,0,0,0,0,0,0,0,0,0,0,0,0,0,0,0,0,0,0,0,0,0,0,0,0,0,0,0,0,0,0,0,0,0,0,0,0,0,0,0,0,0,0,0,0,0,0,0,0,0,0,0,0,0,0,0,0,0,0,0,0,0,0,0,0,0,0,0,0,0,0,0,0,0,0,0,0,0,0,0,0,0,0,0,0,0,0,0,0,0,0,0,0,0,0,0,0,0,0,0,0,0,0,0,0,0,0,0,0,0,0,0,0,65.535,65.535,65.535,65.535,65.535,65.535,65.535,65.535,65.535,65.535,0,65.535,65.535,0,0,0,0,0,0,0,0,0,0,0,0,0,0,0,0,0,0,0,0,0,0,0,0,0,0,0,0,0,0,0,0,0,0,0,0,0,0,0,0,0,0,0,0,0,0,0,0,0,0,0,0,0,0,0,0,0,0,0,0,0,0,0,0,0,0,0,0,0,0,0,0,0,0,0,0,0,0,0,0,0,0,0,0,0,0,0,0,0,0,0,0,0,0,0,0,0,0,0,0,0,0,0,0,0,0,0,0,0,0,0,0,0,0,0,0,0,0,0,0,0,0,0,0,0,0,0,0,0,0,0,0,0,0,0,0,0,0,0,0,0,0,0,0,0,0,0,0,0,0,0,0,0,0,0,0,0,0,0,0,0,0,0,0,0,0,0,0,0,0,0,0,0,0,0,0,0,0,0,0,0,0,0,0,0,0,0,0,0,0,0,0,0,0,0,0,0,0,0,0,0,0,0,0,0,0,0,0,0,0,0,0,0,0,0,0,0,0,0,0,0,0,0,0,0,0,0,0,0,0,0,0,0,0,0,0,0,0,0,0,0,0,0,0,0,0,0,0,0,0,0,0,0,0,0,0,0,0,0,0,0,0,0,0,0,0,0,0,0,0,0,0,0,0,0,0,0,0,0,0,0,0,0,0,0,0,0,0,0,0,0,0,0,0,0,0,0,0,0,0,0,0,0,0,0,0,0,0,0,0,0,0,0,0,0,0,0,0,0,0,0,0,0,0,0,0,0,0,0,0,0,0,0,0,0,0,0,0,0,0,0,0,0,0,0,0,0,0,0,0,0,0,0,0,0,0,0,0,0,0,0,0,0,0,0,0,0,0,0,0,0,0,0,0,0,0,0,0,0,0,0,0,0,0,0,0,0,0,0,0,0,0,0,0,0,0,0,0,0,0,0,0,0,0,0,0,0,0,0,0,0,0,0,0,0,0,0,0,0,0,0,0,0,0,0,0,0,0,0,0,0,0,0,0,0,0,0,0,0,0,0,0,0,0,0,0,0,0,0,0.999,1.003,1.006,0,1.016,0,0,1.035,1.036,1.038,0,0,1.038,1.04,1.04,0,0,0,0,1.051,0,0,1.054,1.054,1.052,1.051,0,0,0,0,0,0,0,0,0,0,0,0,0,0,0,0,0,0,0,0,0.678,0.677,0.676,0.675,0.674,0,0,0
0,0,0,0,0,0,0,0,0,0,0,0,0,0,0,0,0,0,0,0,0,0,0,0,0,0,0,0,0,0,0,0,0,0,0,0,0,0,0,0,0,0,0,0,0,0,0,0,0,0,0,0,0,0,0,0,0,0,0,0,0,0,0,0,0,0,0,0,0,0,0,0,0,0,0,0,0,0,0,0,0,0,0,0,0,0,0,0,0,0,0,0,0,0,0,0,0,0,0,0,0,0,0,0,0,0,0,0,0,0,0,0,0,0,0,0,0,0,0,0,0,0,0,65.535,65.535,65.535,65.535,65.535,65.535,65.535,65.535,65.535,65.535,65.535,65.535,65.535,65.535,65.535,0,0,0,0,0,0,0,0,0,0,0,0,0,0,0,0,0,0,0,0,0,0,0,0,0,0,0,0,0,0,0,0,0,0,0,0,0,0,0,0,0,0,0,0,0,0,0,0,0,0,0,0,0,0,0,0,0,0,0,0,0,0,0,0,0,0,0,0,0,0,0,0,0,0,0,0,0,0,0,0,0,0,0,0,0,0,0,0,0,0,0,0,0,0,0,0,0,0,0,0,0,0,0,0,0,0,0,0,0,0,0,0,0,0,0,0,0,0,0,0,0,0,0,0,0,0,0,0,0,0,0,0,0,0,0,0,0,0,0,0,0,0,0,0,0,0,0,0,0,0,0,0,0,0,0,0,0,0,0,0,0,0,0,0,0,0,0,0,0,0,0,0,0,0,0,0,0,0,0,0,0,0,0,0,0,0,0,0,0,0,0,0,0,0,0,0,0,0,0,0,0,0,0,0,0,0,0,0,0,0,0,0,0,0,0,0,0,0,0,0,0,0,0,0,0,0,0,0,0,0,0,0,0,0,0,0,0,0,0,0,0,0,0,0,0,0,0,0,0,0,0,0,0,0,0,0,0,0,0,0,0,0,0,0,0,0,0,0,0,0,0,0,0,0,0,0,0,0,0,0,0,0,0,0,0,0,0,0,0,0,0,0,0,0,0,0,0,0,0,0,0,0,0,0,0,0,0,0,0,0,0,0,0,0,0,0,0,0,0,0,0,0,0,0,0,0,0,0,0,0,0,0,0,0,0,0,0,0,0,0,0,0,0,0,0,0,0,0,0,0,0,0,0,0,0,0,0,0,0,0,0,0,0,0,0,0,0,0,0,0,0,0,0,0,0,0,0,0,0,0,0,0,0,0,0,0,0,0,0,0,0,0,0,0,0,0,0,0,0,0,0,0,0,0,0,0,0,0,0,0,0,0,0,0,0,0,0,0,0,0,0,0,0,0,0,0,0,0,0,0,0,0,0,0,0,0,0,0,0,0,0,0,0,0,0,0,0,0,0,1.004,1.007,1.014,1.017,1.023,0,1.038,1.04,1.042,1.042,1.042,1.042,1.043,0,0,0,1.051,0,1.058,0,0,0,0,1.06,1.058,1.058,0,0,0,0,0,0,0,0,0,0,0,0,0,0,0,0,0,0,0,0,0,0,0,0,0,0,0
0,0,0,0,0,0,0,0,0,0,0,0,0,0,0,0,0,0,0,0,0,0,0,0,0,0,0,0,0,0,0,0,0,0,0,0,0,0,0,0,0,0,0,0,0,0,0,0,0,0,0,0,0,0,0,0,0,0,0,0,0,0,0,0,0,0,0,0,0,0,0,0,0,0,0,0,0,0,0,0,0,0,0,0,0,0,0,0,0,0,0,0,0,0,0,0,0,0,0,0,0,0,0,0,0,0,0,0,0,0,0,0,0,0,0,0,0,0,0,0,0,65.535,65.535,65.535,65.535,65.535,65.535,65.535,65.535,65.535,65.535,65.535,65.535,65.535,65.535,65.535,65.535,65.535,0,0,0,0,0,0,0,0,0,0,0,0,0,0,0,0,0,0,0,0,0,0,0,0,0,0,0,0,0,0,0,0,0,0,0,0,0,0,0,0,0,0,0,0,0,0,0,0,0,0,0,0,0,0,0,0,0,0,0,0,0,0,0,0,0,0,0,0,0,0,0,0,0,0,0,0,0,0,0,0,0,0,0,0,0,0,0,0,0,0,0,0,0,0,0,0,0,0,0,0,0,0,0,0,0,0,0,0,0,0,0,0,0,0,0,0,0,0,0,0,0,0,0,0,0,0,0,0,0,0,0,0,0,0,0,0,0,0,0,0,0,0,0,0,0,0,0,0,0,0,0,0,0,0,0,0,0,0,0,0,0,0,0,0,0,0,0,0,0,0,0,0,0,0,0,0,0,0,0,0,0,0,0,0,0,0,0,0,0,0,0,0,0,0,0,0,0,0,0,0,0,0,0,0,0,0,0,0,0,0,0,0,0,0,0,0,0,0,0,0,0,0,0,0,0,0,0,0,0,0,0,0,0,0,0,0,0,0,0,0,0,0,0,0,0,0,0,0,0,0,0,0,0,0,0,0,0,0,0,0,0,0,0,0,0,0,0,0,0,0,0,0,0,0,0,0,0,0,0,0,0,0,0,0,0,0,0,0,0,0,0,0,0,0,0,0,0,0,0,0,0,0,0,0,0,0,0,0,0,0,0,0,0,0,0,0,0,0,0,0,0,0,0,0,0,0,0,0,0,0,0,0,0,0,0,0,0,0,0,0,0,0,0,0,0,0,0,0,0,0,0,0,0,0,0,0,0,0,0,0,0,0,0,0,0,0,0,0,0,0,0,0,0,0,0,0,0,0,0,0,0,0,0,0,0,0,0,0,0,0,0,0,0,0,0,0,0,0,0,0,0,0,0,0,0,0,0,0,0,0,0,0,0,0,0,0,0,0,0,0,0,0,0,0,0,0,0,0,0,0,0,0,0,0,0,0,0,0,0,0,0,0,0,0,0,0,0,0.996,1.003,1.006,1.009,1.016,1.017,1.026,1.036,1.042,1.043,1.043,1.043,1.043,1.045,1.045,1.047,1.051,0,0,1.061,1.065,0,0,1.067,1.067,1.065,1.061,1.061,1.061,1.06,1.058,1.056,1.056,0,0,0,0,0,0,0,0,0,0,0,0,0,0,0,0,0,0,0,0,0,0
0,0,0,0,0,0,0,0,0,0,0,0,0,0,0,0,0,0,0,0,0,0,0,0,0,0,0,0,0,0,0,0,0,0,0,0,0,0,0,0,0,0,0,0,0,0,0,0,0,0,0,0,0,0,0,0,0,0,0,0,0,0,0,0,0,0,0,0,0,0,0,0,0,0,0,0,0,0,0,0,0,0,0,0,0,0,0,0,0,0,0,0,0,0,0,0,0,0,0,0,0,0,0,0,0,0,0,0,0,0,0,0,0,0,0,0,0,0,0,0,0,65.535,65.535,65.535,65.535,65.535,65.535,65.535,65.535,65.535,65.535,65.535,65.535,65.535,65.535,65.535,65.535,65.535,0,0,0,0,0,0,0,0,0,0,0,0,0,0,0,0,0,0,0,0,0,0,0,0,0,0,0,0,0,0,0,0,0,0,0,0,0,0,0,0,0,0,0,0,0,0,0,0,0,0,0,0,0,0,0,0,0,0,0,0,0,0,0,0,0,0,0,0,0,0,0,0,0,0,0,0,0,0,0,0,0,0,0,0,0,0,0,0,0,0,0,0,0,0,0,0,0,0,0,0,0,0,0,0,0,0,0,0,0,0,0,0,0,0,0,0,0,0,0,0,0,0,0,0,0,0,0,0,0,0,0,0,0,0,0,0,0,0,0,0,0,0,0,0,0,0,0,0,0,0,0,0,0,0,0,0,0,0,0,0,0,0,0,0,0,0,0,0,0,0,0,0,0,0,0,0,0,0,0,0,0,0,0,0,0,0,0,0,0,0,0,0,0,0,0,0,0,0,0,0,0,0,0,0,0,0,0,0,0,0,0,0,0,0,0,0,0,0,0,0,0,0,0,0,0,0,0,0,0,0,0,0,0,0,0,0,0,0,0,0,0,0,0,0,0,0,0,0,0,0,0,0,0,0,0,0,0,0,0,0,0,0,0,0,0,0,0,0,0,0,0,0,0,0,0,0,0,0,0,0,0,0,0,0,0,0,0,0,0,0,0,0,0,0,0,0,0,0,0,0,0,0,0,0,0,0,0,0,0,0,0,0,0,0,0,0,0,0,0,0,0,0,0,0,0,0,0,0,0,0,0,0,0,0,0,0,0,0,0,0,0,0,0,0,0,0,0,0,0,0,0,0,0,0,0,0,0,0,0,0,0,0,0,0,0,0,0,0,0,0,0,0,0,0,0,0,0,0,0,0,0,0,0,0,0,0,0,0,0,0,0,0,0,0,0,0,0,0,0,0,0,0,0,0,0,0,0,0,0,0,0,0,0,0,0,0,0,0,0,0,0,0,0,0,0,0,0,0,0,0,0,0,0,0,0,0,0,0,0,0,0,0,0,0,0,0,0,0,0,1.009,1.012,1.017,1.019,1.026,1.04,1.043,1.045,1.047,1.045,1.045,1.047,0,0,0,0,0,0,1.071,1.073,0,1.073,1.071,1.069,1.065,1.063,1.061,1.06,1.058,1.058,1.054,0,0,0,0,0,0,0,0,0,0,0,0,0,0,0,0,0,0,0,0,0,0
0,0,0,0,0,0,0,0,0,0,0,0,0,0,0,0,0,0,0,0,0,0,0,0,0,0,0,0,0,0,0,0,0,0,0,0,0,0,0,0,0,0,0,0,0,0,0,0,0,0,0,0,0,0,0,0,0,0,0,0,0,0,0,0,0,0,0,0,0,0,0,0,0,0,0,0,0,0,0,0,0,0,0,0,0,0,0,0,0,0,0,0,0,0,0,0,0,0,0,0,0,0,0,0,0,0,0,0,0,0,0,0,0,0,0,0,0,0,0,0,0,65.535,65.535,65.535,65.535,65.535,65.535,65.535,65.535,65.535,65.535,65.535,65.535,65.535,65.535,65.535,65.535,65.535,0,0,0,0,0,0,0,0,0,0,0,0,0,0,0,0,0,0,0,0,0,0,0,0,0,0,0,0,0,0,0,0,0,0,0,0,0,0,0,0,0,0,0,0,0,0,0,0,0,0,0,0,0,0,0,0,0,0,0,0,0,0,0,0,0,0,0,0,0,0,0,0,0,0,0,0,0,0,0,0,0,0,0,0,0,0,0,0,0,0,0,0,0,0,0,0,0,0,0,0,0,0,0,0,0,0,0,0,0,0,0,0,0,0,0,0,0,0,0,0,0,0,0,0,0,0,0,0,0,0,0,0,0,0,0,0,0,0,0,0,0,0,0,0,0,0,0,0,0,0,0,0,0,0,0,0,0,0,0,0,0,0,0,0,0,0,0,0,0,0,0,0,0,0,0,0,0,0,0,0,0,0,0,0,0,0,0,0,0,0,0,0,0,0,0,0,0,0,0,0,0,0,0,0,0,0,0,0,0,0,0,0,0,0,0,0,0,0,0,0,0,0,0,0,0,0,0,0,0,0,0,0,0,0,0,0,0,0,0,0,0,0,0,0,0,0,0,0,0,0,0,0,0,0,0,0,0,0,0,0,0,0,0,0,0,0,0,0,0,0,0,0,0,0,0,0,0,0,0,0,0,0,0,0,0,0,0,0,0,0,0,0,0,0,0,0,0,0,0,0,0,0,0,0,0,0,0,0,0,0,0,0,0,0,0,0,0,0,0,0,0,0,0,0,0,0,0,0,0,0,0,0,0,0,0,0,0,0,0,0,0,0,0,0,0,0,0,0,0,0,0,0,0,0,0,0,0,0,0,0,0,0,0,0,0,0,0,0,0,0,0,0,0,0,0,0,0,0,0,0,0,0,0,0,0,0,0,0,0,0,0,0,0,0,0,0,0,0,0,0,0,0,0,0,0,0,0,0,0,0,0,0,0,0,0,0,0,0,0,0,0,0,0,0,0,0,0,0,0,0,0,0,0,0,0,0,0,0,0,0,0,0,0,0,0,0,0,0,0,0,1.016,1.019,1.024,0,1.042,1.045,1.047,1.049,1.047,1.049,1.049,1.051,0,0,0,0,1.076,1.078,1.078,1.076,1.074,1.074,1.073,1.067,1.065,1.063,1.061,1.06,1.058,0,0,0,0,0,0,0,0,0,0,0,0,0,0,0,0,0,0,0,0,0,0,0
0,0,0,0,0,0,0,0,0,0,0,0,0,0,0,0,0,0,0,0,0,0,0,0,0,0,0,0,0,0,0,0,0,0,0,0,0,0,0,0,0,0,0,0,0,0,0,0,0,0,0,0,0,0,0,0,0,0,0,0,0,0,0,0,0,0,0,0,0,0,0,0,0,0,0,0,0,0,0,0,0,0,0,0,0,0,0,0,0,0,0,0,0,0,0,0,0,0,0,0,0,0,0,0,0,0,0,0,0,0,0,0,0,0,0,0,0,0,0,0,0,0,0,65.535,65.535,65.535,65.535,65.535,65.535,0,65.535,65.535,65.535,65.535,65.535,65.535,65.535,65.535,0,0,0,0,0,0,0,0,0,0,0,0,0,0,0,0,0,0,0,0,0,0,0,0,0,0,0,0,0,0,0,0,0,0,0,0,0,0,0,0,0,0,0,0,0,0,0,0,0,0,0,0,0,0,0,0,0,0,0,0,0,0,0,0,0,0,0,0,0,0,0,0,0,0,0,0,0,0,0,0,0,0,0,0,0,0,0,0,0,0,0,0,0,0,0,0,0,0,0,0,0,0,0,0,0,0,0,0,0,0,0,0,0,0,0,0,0,0,0,0,0,0,0,0,0,0,0,0,0,0,0,0,0,0,0,0,0,0,0,0,0,0,0,0,0,0,0,0,0,0,0,0,0,0,0,0,0,0,0,0,0,0,0,0,0,0,0,0,0,0,0,0,0,0,0,0,0,0,0,0,0,0,0,0,0,0,0,0,0,0,0,0,0,0,0,0,0,0,0,0,0,0,0,0,0,0,0,0,0,0,0,0,0,0,0,0,0,0,0,0,0,0,0,0,0,0,0,0,0,0,0,0,0,0,0,0,0,0,0,0,0,0,0,0,0,0,0,0,0,0,0,0,0,0,0,0,0,0,0,0,0,0,0,0,0,0,0,0,0,0,0,0,0,0,0,0,0,0,0,0,0,0,0,0,0,0,0,0,0,0,0,0,0,0,0,0,0,0,0,0,0,0,0,0,0,0,0,0,0,0,0,0,0,0,0,0,0,0,0,0,0,0,0,0,0,0,0,0,0,0,0,0,0,0,0,0,0,0,0,0,0,0,0,0,0,0,0,0,0,0,0,0,0,0,0,0,0,0,0,0,0,0,0,0,0,0,0,0,0,0,0,0,0,0,0,0,0,0,0,0,0,0,0,0,0,0,0,0,0,0,0,0,0,0,0,0,0,0,0,0,0,0,0,0,0,0,0,0,0,0,0,0,0,0,0,0,0,0,0,0,0,0,0,0,0,0,0,0,0,0,0,0,0,0,0,0,0,0,0,0,0,0,0,0,0,0,0,0,0,0,0,0,0,0,0,1.047,0,1.051,1.051,1.051,1.051,1.052,0,0,0,0,1.08,1.082,1.082,1.08,1.078,1.074,1.073,1.069,1.065,1.063,1.061,1.06,1.058,0,0,0,0,0,0,0,0,0,0,0,0,0,0,0,0,0,0,0,0,0,0,0
0,0,0,0,0,0,0,0,0,0,0,0,0,0,0,0,0,0,0,0,0,0,0,0,0,0,0,0,0,0,0,0,0,0,0,0,0,0,0,0,0,0,0,0,0,0,0,0,0,0,0,0,0,0,0,0,0,0,0,0,0,0,0,0,0,0,0,0,0,0,0,0,0,0,0,0,0,0,0,0,0,0,0,0,0,0,0,0,0,0,0,0,0,0,0,0,0,0,0,0,0,0,0,0,0,0,0,0,0,0,0,0,0,0,0,0,0,0,0,0,0,0,0,0,0,0,0,65.535,0,65.535,65.535,65.535,65.535,0,65.535,65.535,65.535,65.535,0,0,0,0,0,0,0,0,0,0,0,0,0,0,0,0,0,0,0,0,0,0,0,0,0,0,0,0,0,0,0,0,0,0,0,0,0,0,0,0,0,0,0,0,0,0,0,0,0,0,0,0,0,0,0,0,0,0,0,0,0,0,0,0,0,0,0,0,0,0,0,0,0,0,0,0,0,0,0,0,0,0,0,0,0,0,0,0,0,0,0,0,0,0,0,0,0,0,0,0,0,0,0,0,0,0,0,0,0,0,0,0,0,0,0,0,0,0,0,0,0,0,0,0,0,0,0,0,0,0,0,0,0,0,0,0,0,0,0,0,0,0,0,0,0,0,0,0,0,0,0,0,0,0,0,0,0,0,0,0,0,0,0,0,0,0,0,0,0,0,0,0,0,0,0,0,0,0,0,0,0,0,0,0,0,0,0,0,0,0,0,0,0,0,0,0,0,0,0,0,0,0,0,0,0,0,0,0,0,0,0,0,0,0,0,0,0,0,0,0,0,0,0,0,0,0,0,0,0,0,0,0,0,0,0,0,0,0,0,0,0,0,0,0,0,0,0,0,0,0,0,0,0,0,0,0,0,0,0,0,0,0,0,0,0,0,0,0,0,0,0,0,0,0,0,0,0,0,0,0,0,0,0,0,0,0,0,0,0,0,0,0,0,0,0,0,0,0,0,0,0,0,0,0,0,0,0,0,0,0,0,0,0,0,0,0,0,0,0,0,0,0,0,0,0,0,0,0,0,0,0,0,0,0,0,0,0,0,0,0,0,0,0,0,0,0,0,0,0,0,0,0,0,0,0,0,0,0,0,0,0,0,0,0,0,0,0,0,0,0,0,0,0,0,0,0,0,0,0,0,0,0,0,0,0,0,0,0,0,0,0,0,0,0,0,0,0,0,0,0,0,0,0,0,0,0,0,0,0,0,0,0,0,0,0,0,0,0,0,0,0,0,0,0,0,0,0,0,0,0,0,0,0,0,0,0,0,0,0,0,0,0,0,0,0,0,0,0,0,0,0,0,0,0,0,0,0,0,0,0,0,0,0,0,0,0,0,0,0,0,0,0,0,1.067,1.065,1.063,0,0,0,0,0,0,0,0,0,0,0,0,0,0,0,0,0,0,0,0,0,0,0,0,0,0
0,0,0,0,0,0,0,0,0,0,0,0,0,0,0,0,0,0,0,0,0,0,0,0,0,0,0,0,0,0,0,0,0,0,0,0,0,0,0,0,0,0,0,0,0,0,0,0,0,0,0,0,0,0,0,0,0,0,0,0,0,0,0,0,0,0,0,0,0,0,0,0,0,0,0,0,0,0,0,0,0,0,0,0,0,0,0,0,0,12.803,12.803,0,0,0,0,0,0,0,0,0,0,0,0,0,0,0,0,0,0,0,0,0,0,0,0,0,0,0,0,0,0,0,65.535,65.535,65.535,65.535,65.535,65.535,65.535,65.535,65.535,65.535,65.535,65.535,65.535,65.535,65.535,65.535,0,0,0,0,0,0,0,0,0,0,0,0,0,0,0,0,0,0,0,0,0,0,0,0,0,0,0,0,0,0,0,0,0,0,0,0,0,0,0,0,0,0,0,0,0,0,0,0,0,0,0,0,0,0,0,0,0,0,0,0,0,0,0,0,0,0,0,0,0,0,0,0,0,0,0,0,0,0,0,0,0,0,0,0,0,0,0,0,0,0,0,0,0,0,0,0,0,0,0,0,0,0,0,0,0,0,0,0,0,0,0,0,0,0,0,0,0,0,0,0,0,0,0,0,0,0,0,0,0,0,0,0,0,0,0,0,0,0,0,0,0,0,0,0,0,0,0,0,0,0,0,0,0,0,0,0,0,0,0,0,0,0,0,0,0,0,0,0,0,0,0,0,0,0,0,0,0,0,0,0,0,0,0,0,0,0,0,0,0,0,0,0,0,0,0,0,0,0,0,0,0,0,0,0,0,0,0,0,0,0,0,0,0,0,0,0,0,0,0,0,0,0,0,0,0,0,0,0,0,0,0,0,0,0,0,0,0,0,0,0,0,0,0,0,0,0,0,0,0,0,0,0,0,0,0,0,0,0,0,0,0,0,0,0,0,0,0,0,0,0,0,0,0,0,0,0,0,0,0,0,0,0,0,0,0,0,0,0,0,0,0,0,0,0,0,0,0,0,0,0,0,0,0,0,0,0,0,0,0,0,0,0,0,0,0,0,0,0,0,0,0,0,0,0,0,0,0,0,0,0,0,0,0,0,0,0,0,0,0,0,0,0,0,0,0,0,0,0,0,0,0,0,0,0,0,0,0,0,0,0,0,0,0,0,0,0,0,0,0,0,0,0,0,0,0,0,0,0,0,0,0,0,0,0,0,0,0,0,0,0,0,0,0,0,0,0,0,0,0,0,0,0,0,0,0,0,0,0,0,0,0,0,0,0,0,0,0,0,0,0,0,0,0,0,0,0,0,0,0,0,0,0,0,0,0,0,0,0,0,0,0,0,0,0,0,0,0,0,0,0,0,0,0,0,0,0,0,0,0,0,0,0,0,0,0,0,0,0,0,0,0,1.074,1.073,1.067,1.065,1.063,0,0,0,0,0,0,0,0,0,0,0,0,0,0,0,0,0,0,0,0,0,0,0,0,0,0
0,0,0,0,0,0,0,0,0,0,0,0,0,0,0,0,0,0,0,0,0,0,0,0,0,0,0,0,0,0,0,0,0,0,0,0,0,0,0,0,0,0,0,0,0,0,0,0,0,0,0,0,0,0,0,0,0,0,0,0,0,0,0,0,0,0,0,0,0,0,0,0,0,0,0,0,0,0,0,0,0,0,0,0,12.803,12.803,12.803,12.542,12.542,0,0,0,0,0,0,0,0,0,0,0,0,0,0,0,0,0,0,0,0,0,0,0,0,0,0,0,0,0,0,0,0,0,0,0,0,0,0,65.535,65.535,65.535,65.535,0,0,0,0,0,0,0,0,0,0,0,0,0,0,0,0,0,0,0,0,0,0,0,0,0,0,0,0,0,0,0,0,0,0,0,0,0,0,0,0,0,0,0,0,0,0,0,0,0,0,0,0,0,0,0,0,0,0,0,0,0,0,0,0,0,0,0,0,0,0,0,0,0,0,0,0,0,0,0,0,0,0,0,0,0,0,0,0,0,0,0,0,0,0,0,0,0,0,0,0,0,0,0,0,0,0,0,0,0,0,0,0,0,0,0,0,0,0,0,0,0,0,0,0,0,0,0,0,0,0,0,0,0,0,0,0,0,0,0,0,0,0,0,0,0,0,0,0,0,0,0,0,0,0,0,0,0,0,0,0,0,0,0,0,0,0,0,0,0,0,0,0,0,0,0,0,0,0,0,0,0,0,0,0,0,0,0,0,0,0,0,0,0,0,0,0,0,0,0,0,0,0,0,0,0,0,0,0,0,0,0,0,0,0,0,0,0,0,0,0,0,0,0,0,0,0,0,0,0,0,0,0,0,0,0,0,0,0,0,0,0,0,0,0,0,0,0,0,0,0,0,0,0,0,0,0,0,0,0,0,0,0,0,0,0,0,0,0,0,0,0,0,0,0,0,0,0,0,0,0,0,0,0,0,0,0,0,0,0,0,0,0,0,0,0,0,0,0,0,0,0,0,0,0,0,0,0,0,0,0,0,0,0,0,0,0,0,0,0,0,0,0,0,0,0,0,0,0,0,0,0,0,0,0,0,0,0,0,0,0,0,0,0,0,0,0,0,0,0,0,0,0,0,0,0,0,0,0,0,0,0,0,0,0,0,0,0,0,0,0,0,0,0,0,0,0,0,0,0,0,0,0,0,0,0,0,0,0,0,0,0,0,0,0,0,0,0,0,0,0,0,0,0,0,0,0,0,0,0,0,0,0,0,0,0,0,0,0,0,0,0,0,0,0,0,0,0,0,0,0,0,0,0,0,0,0,0,0,0,0,0,0,0,0,0,0,0,0,0,0,0,0,0,0,0,0,0,0,0,0,0,0,0,0,0,0,0,0,0,0,0,0,0,0,0,0,0,0,1.071,1.071,1.067,1.065,1.063,0,0,0,0,0,0,0,0,0,0,0,0,0,0,0,0,0,0,0,0,0,0,0,0,0,0
0,0,0,0,0,0,0,0,0,0,0,0,0,0,0,0,0,0,0,0,0,0,0,0,0,0,0,0,0,0,0,0,0,0,0,0,0,0,0,0,0,0,0,0,0,0,0,0,0,0,0,0,0,0,0,0,0,0,0,0,0,0,0,0,0,0,0,0,0,0,0,0,0,0,0,0,0,0,0,0,0,0,0,0,12.803,12.803,12.542,12.291,12.05,12.05,12.05,11.819,0,0,0,0,0,0,0,0,0,0,0,0,0,0,0,0,0,0,0,0,0,0,0,0,0,0,0,0,0,0,0,0,0,0,0,0,0,0,0,0,0,0,0,0,0,0,0,0,0,0,0,0,0,0,0,0,0,0,0,0,0,0,0,0,0,0,0,0,0,0,0,0,0,0,0,0,0,0,0,0,0,0,0,0,0,0,0,0,0,0,0,0,0,0,0,0,0,0,0,0,0,0,0,0,0,0,0,0,0,0,0,0,0,0,0,0,0,0,0,0,0,0,0,0,0,0,0,0,0,0,0,0,0,0,0,0,0,0,0,0,0,0,0,0,0,0,0,0,0,0,0,0,0,0,0,0,0,0,0,0,0,0,0,0,0,0,0,0,0,0,0,0,0,0,0,0,0,0,0,0,0,0,0,0,0,0,0,0,0,0,0,0,0,0,0,0,0,0,0,0,0,0,0,0,0,0,0,0,0,0,0,0,0,0,0,0,0,0,0,0,0,0,0,0,0,0,0,0,0,0,0,0,0,0,0,0,0,0,0,0,0,0,0,0,0,0,0,0,0,0,0,0,0,0,0,0,0,0,0,0,0,0,0,0,0,0,0,0,0,0,0,0,0,0,0,0,0,0,0,0,0,0,0,0,0,0,0,0,0,0,0,0,0,0,0,0,0,0,0,0,0,0,0,0,0,0,0,0,0,0,0,0,0,0,0,0,0,0,0,0,0,0,0,0,0,0,0,0,0,0,0,0,0,0,0,0,0,0,0,0,0,0,0,0,0,0,0,0,0,0,0,0,0,0,0,0,0,0,0,0,0,0,0,0,0,0,0,0,0,0,0,0,0,0,0,0,0,0,0,0,0,0,0,0,0,0,0,0,0,0,0,0,0,0,0,0,0,0,0,0,0,0,0,0,0,0,0,0,0,0,0,0,0,0,0,0,0,0,0,0,0,0,0,0,0,0,0,0,0,0,0,0,0,0,0,0,0,0,0,0,0,0,0,0,0,0,0,0,0,0,0,0,0,0,0,0,0,0,0,0,0,0,0,0,0,0,0,0,0,0,0,0,0,0,0,0,0,0,0,0,0,0,0,0,0,0,0,0,0,0,0,0,0,0,0,0,0,0,0,0,0,0,0,0,0,0,0,0,0,0,0,0,0,0,0,0,0,0,0,0,0,0,0,0,0,0,0,0,0,0,0,0,0,0,0,0,0,0,0,0,0,0,0,0,0,0,0,0
0,0,0,0,0,0,0,0,0,0,0,0,0,0,0,0,0,0,0,0,0,0,0,0,0,0,0,0,0,0,0,0,0,0,0,0,0,0,0,0,0,0,0,0,0,0,0,0,0,0,0,0,0,0,0,0,0,0,0,0,0,0,0,0,0,0,0,0,0,0,0,0,0,0,0,0,0,0,0,0,0,13.36,13.36,13.076,13.076,12.803,12.542,12.291,12.05,12.05,11.819,11.596,0,0,0,0,0,0,0,0,0,0,0,0,0,0,0,0,0,0,0,0,0,0,0,0,0,0,0,0,0,0,0,0,0,0,0,0,0,0,0,0,0,0,0,0,0,0,0,0,0,0,0,0,0,0,0,0,0,0,0,0,0,0,0,0,0,0,0,0,0,0,0,0,0,0,0,0,0,0,0,0,0,0,0,0,0,0,0,0,0,0,0,0,0,0,0,0,0,0,0,0,0,0,0,0,0,0,0,0,0,0,0,0,0,0,0,0,0,0,0,0,0,0,0,0,0,0,0,0,0,0,0,0,0,0,0,0,0,0,0,0,0,0,0,0,0,0,0,0,0,0,0,0,0,0,0,0,0,0,0,0,0,0,0,0,0,0,0,0,0,0,0,0,0,0,0,0,0,0,0,0,0,0,0,0,0,0,0,0,0,0,0,0,0,0,0,0,0,0,0,0,0,0,0,0,0,0,0,0,0,0,0,0,0,0,0,0,0,0,0,0,0,0,0,0,0,0,0,0,0,0,0,0,0,0,0,0,0,0,0,0,0,0,0,0,0,0,0,0,0,0,0,0,0,0,0,0,0,0,0,0,0,0,0,0,0,0,0,0,0,0,0,0,0,0,0,0,0,0,0,0,0,0,0,0,0,0,0,0,0,0,0,0,0,0,0,0,0,0,0,0,0,0,0,0,0,0,0,0,0,0,0,0,0,0,0,0,0,0,0,0,0,0,0,0,0,0,0,0,0,0,0,0,0,0,0,0,0,0,0,0,0,0,0,0,0,0,0,0,0,0,0,0,0,0,0,0,0,0,0,0,0,0,0,0,0,0,0,0,0,0,0,0,0,0,0,0,0,0,0,0,0,0,0,0,0,0,0,0,0,0,0,0,0,0,0,0,0,0,0,0,0,0,0,0,0,0,0,0,0,0,0,0,0,0,0,0,0,0,0,0,0,0,0,0,0,0,0,0,0,0,0,0,0,0,0,0,0,0,0,0,0,0,0,0,0,0,0,0,0,0,0,0,0,0,0,0,0,0,0,0,0,0,0,0,0,0,0,0,0,0,0,0,0,0,0,0,0,0,0,0,0,0,0,0,0,0,0,0,0,0,0,0,0,0,0,0,0,0,0,0,0,0,0,0,0,0,0,0,0,0,0,0,0,0,0,0,0,0,0,0,0,0,0,0,0,0,0,0,0,0,0,0,0,0,0,0,0,0,0,0,0,0,0,0,0,0,0,0
0,0,0,0,0,0,0,0,0,0,0,0,0,0,0,0,0,0,0,0,0,0,0,0,0,0,0,0,0,0,0,0,0,0,0,0,0,0,0,0,0,0,0,0,0,0,0,0,0,0,0,0,0,0,0,0,0,0,0,0,0,0,0,0,0,0,0,0,0,0,0,0,0,0,0,0,0,0,0,0,0,13.967,13.967,13.967,13.657,13.36,13.076,12.803,12.542,12.291,12.05,11.596,0,0,0,0,0,0,0,0,0,0,0,0,0,0,0,0,0,0,0,0,0,0,0,0,0,0,0,0,0,0,0,0,0,0,0,0,0,0,0,0,0,0,0,0,0,0,0,0,0,0,0,0,0,0,0,0,0,0,0,0,0,0,0,0,0,0,0,0,0,0,0,0,0,0,0,0,0,0,0,0,0,0,0,0,0,0,0,0,0,0,0,0,0,0,0,0,0,0,0,0,0,0,0,0,0,0,0,0,0,0,0,0,0,0,0,0,0,0,0,0,0,0,0,0,0,0,0,0,0,0,0,0,0,0,0,0,0,0,0,0,0,0,0,0,0,0,0,0,0,0,0,0,0,0,0,0,0,0,0,0,0,0,0,0,0,0,0,0,0,0,0,0,0,0,0,0,0,0,0,0,0,0,0,0,0,0,0,0,0,0,0,0,0,0,0,0,0,0,0,0,0,0,0,0,0,0,0,0,0,0,0,0,0,0,0,0,0,0,0,0,0,0,0,0,0,0,0,0,0,0,0,0,0,0,0,0,0,0,0,0,0,0,0,0,0,0,0,0,0,0,0,0,0,0,0,0,0,0,0,0,0,0,0,0,0,0,0,0,0,0,0,0,0,0,0,0,0,0,0,0,0,0,0,0,0,0,0,0,0,0,0,0,0,0,0,0,0,0,0,0,0,0,0,0,0,0,0,0,0,0,0,0,0,0,0,0,0,0,0,0,0,0,0,0,0,0,0,0,0,0,0,0,0,0,0,0,0,0,0,0,0,0,0,0,0,0,0,0,0,0,0,0,0,0,0,0,0,0,0,0,0,0,0,0,0,0,0,0,0,0,0,0,0,0,0,0,0,0,0,0,0,0,0,0,0,0,0,0,0,0,0,0,0,0,0,0,0,0,0,0,0,0,0,0,0,0,0,0,0,0,0,0,0,0,0,0,0,0,0,0,0,0,0,0,0,0,0,0,0,0,0,0,0,0,0,0,0,0,0,0,0,0,0,0,0,0,0,0,0,0,0,0,0,0,0,0,0,0,0,0,0,0,0,0,0,0,0,0,0,0,0,0,0,0,0,0,0,0,0,0,0,0,0,0,0,0,0,0,0,0,0,0,0,0,0,0,0,0,0,0,0,0,0,0,0,0,0,0,0,0,0,0,0,0,0,0,0,0,0,0,0,0,0,0,0,0,0,0,0,0,0,0,0,0,0,0,0,0,0,0,0,0,0,0,0,0,0,0
0,0,0,0,0,0,0,0,0,0,0,0,0,0,0,0,0,0,0,0,0,0,0,0,0,0,0,0,0,0,0,0,0,0,0,0,0,0,0,0,0,0,0,0,0,0,0,0,0,0,0,0,0,0,0,0,0,0,0,0,0,0,0,0,0,0,0,0,0,0,0,0,0,0,0,0,0,0,0,0,0,14.632,14.632,14.632,14.292,13.967,13.657,13.36,13.076,12.803,0,0,0,0,0,0,0,0,0,0,0,0,0,0,0,0,0,0,0,0,0,0,0,0,0,0,0,0,0,0,0,0,0,0,0,0,0,0,0,0,0,0,0,0,0,0,0,0,0,0,0,0,0,0,0,0,0,0,0,0,0,0,0,0,0,0,0,0,0,0,0,0,0,0,0,0,0,0,0,0,0,0,0,0,0,0,0,0,0,0,0,0,0,0,0,0,0,0,0,0,0,0,0,0,0,0,0,0,0,0,0,0,0,0,0,0,0,0,0,0,0,0,0,0,0,0,0,0,0,0,0,0,0,0,0,0,0,0,0,0,0,0,0,0,0,0,0,0,0,0,0,0,0,0,0,0,0,0,0,0,0,0,0,0,0,0,0,0,0,0,0,0,0,0,0,0,0,0,0,0,0,0,0,0,0,0,0,0,0,0,0,0,0,0,0,0,0,0,0,0,0,0,0,0,0,0,0,0,0,0,0,0,0,0,0,0,0,0,0,0,0,0,0,0,0,0,0,0,0,0,0,0,0,0,0,0,0,0,0,0,0,0,0,0,0,0,0,0,0,0,0,0,0,0,0,0,0,0,0,0,0,0,0,0,0,0,0,0,0,0,0,0,0,0,0,0,0,0,0,0,0,0,0,0,0,0,0,0,0,0,0,0,0,0,0,0,0,0,0,0,0,0,0,0,0,0,0,0,0,0,0,0,0,0,0,0,0,0,0,0,0,0,0,0,0,0,0,0,0,0,0,0,0,0,0,0,0,0,0,0,0,0,0,0,0,0,0,0,0,0,0,0,0,0,0,0,0,0,0,0,0,0,0,0,0,0,0,0,0,0,0,0,0,0,0,0,0,0,0,0,0,0,0,0,0,0,0,0,0,0,0,0,0,0,0,0,0,0,0,0,0,0,0,0,0,0,0,0,0,0,0,0,0,0,0,0,0,0,0,0,0,0,0,0,0,0,0,0,0,0,0,0,0,0,0,0,0,0,0,0,0,0,0,0,0,0,0,0,0,0,0,0,0,0,0,0,0,0,0,0,0,0,0,0,0,0,0,0,0,0,0,0,0,0,0,0,0,0,0,0,0,0,0,0,0,0,0,0,0,0,0,0,0,0,0,0,0,0,0,0,0,0,0,0,0,0,0,0,0,0,0,0,0,0,0,0,0,0,0,0,0,0,0,0,0,0,0,0,0,0,0,0,0,0,0,0,0,0,0,0,0,0,0,0,0,0,0,0,0,0
0,0,0,0,0,0,0,0,0,0,0,0,0,0,0,0,0,0,0,0,0,0,0,0,0,0,0,0,0,0,0,0,0,0,0,0,0,0,0,0,0,0,0,0,0,0,0,0,0,0,0,0,0,0,0,0,0,0,0,0,0,0,0,0,0,0,0,0,0,0,0,0,0,0,0,0,0,0,0,0,0,14.632,14.632,14.989,14.292,14.292,13.967,13.36,13.076,12.803,12.542,0,0,0,0,0,0,0,0,0,0,0,0,0,0,0,0,0,0,0,0,0,0,0,0,0,0,0,0,0,0,0,0,0,0,0,0,0,0,0,0,0,0,0,0,0,0,0,0,0,0,0,0,0,0,0,0,0,0,0,0,0,0,0,0,0,0,0,0,0,0,0,0,0,0,0,0,0,0,0,0,0,0,0,0,0,0,0,0,0,0,0,0,0,0,0,0,0,0,0,0,0,0,0,0,0,0,0,0,0,0,0,0,0,0,0,0,0,0,0,0,0,0,0,0,0,0,0,0,0,0,0,0,0,0,0,0,0,0,0,0,0,0,0,0,0,0,0,0,0,0,0,0,0,0,0,0,0,0,0,0,0,0,0,0,0,0,0,0,0,0,0,0,0,0,0,0,0,0,0,0,0,0,0,0,0,0,0,0,0,0,0,0,0,0,0,0,0,0,0,0,0,0,0,0,0,0,0,0,0,0,0,0,0,0,0,0,0,0,0,0,0,0,0,0,0,0,0,0,0,0,0,0,0,0,0,0,0,0,0,0,0,0,0,0,0,0,0,0,0,0,0,0,0,0,0,0,0,0,0,0,0,0,0,0,0,0,0,0,0,0,0,0,0,0,0,0,0,0,0,0,0,0,0,0,0,0,0,0,0,0,0,0,0,0,0,0,0,0,0,0,0,0,0,0,0,0,0,0,0,0,0,0,0,0,0,0,0,0,0,0,0,0,0,0,0,0,0,0,0,0,0,0,0,0,0,0,0,0,0,0,0,0,0,0,0,0,0,0,0,0,0,0,0,0,0,0,0,0,0,0,0,0,0,0,0,0,0,0,0,0,0,0,0,0,0,0,0,0,0,0,0,0,0,0,0,0,0,0,0,0,0,0,0,0,0,0,0,0,0,0,0,0,0,0,0,0,0,0,0,0,0,0,0,0,0,0,0,0,0,0,0,0,0,0,0,0,0,0,0,0,0,0,0,0,0,0,0,0,0,0,0,0,0,0,0,0,0,0,0,0,0,0,0,0,0,0,0,0,0,0,0,0,0,0,0,0,0,0,0,0,0,0,0,0,0,0,0,0,0,0,0,0,0,0,0,0,0,0,0,0,0,0,0,0,0,0,0,0,0,0,0,0,0,0,0,0,0,0,0,0,0,0,0,0,0,0,0,0,0,0,0,0,0,0,0,0,0,0,0,0,0,0,0,0,0,0,0,0,0,0,0,0,0,0,0,0,0,0,0
0,0,0,0,0,0,0,0,0,0,0,0,0,0,0,0,0,0,0,0,0,0,0,0,0,0,0,0,0,0,0,0,0,0,0,0,0,0,0,0,0,0,0,0,0,0,0,0,0,0,0,0,0,0,0,0,0,0,0,0,0,0,0,0,0,0,0,0,0,0,0,0,0,0,0,0,0,0,0,0,0,14.632,14.989,14.989,14.632,14.292,14.292,13.657,13.076,12.803,12.542,0,0,0,0,0,0,0,0,0,0,0,0,0,0,0,0,0,0,0,0,0,0,0,0,0,0,0,0,0,0,0,0,0,0,0,0,0,0,0,0,0,0,0,0,0,0,0,0,0,0,0,0,0,0,0,0,0,0,0,0,0,0,0,0,0,0,0,0,0,0,0,0,0,0,0,0,0,0,0,0,0,0,0,0,0,0,0,0,0,0,0,0,0,0,0,0,0,0,0,0,0,0,0,0,0,0,0,0,0,0,0,0,0,0,0,0,0,0,0,0,0,0,0,0,0,0,0,0,0,0,0,0,0,0,0,0,0,0,0,0,0,0,0,0,0,0,0,0,0,0,0,0,0,0,0,0,0,0,0,0,0,0,0,0,0,0,0,0,0,0,0,0,0,0,0,0,0,0,0,0,0,0,0,0,0,0,0,0,0,0,0,0,0,0,0,0,0,0,0,0,0,0,0,0,0,0,0,0,0,0,0,0,0,0,0,0,0,0,0,0,0,0,0,0,0,0,0,0,0,0,0,0,0,0,0,0,0,0,0,0,0,0,0,0,0,0,0,0,0,0,0,0,0,0,0,0,0,0,0,0,0,0,0,0,0,0,0,0,0,0,0,0,0,0,0,0,0,0,0,0,0,0,0,0,0,0,0,0,0,0,0,0,0,0,0,0,0,0,0,0,0,0,0,0,0,0,0,0,0,0,0,0,0,0,0,0,0,0,0,0,0,0,0,0,0,0,0,0,0,0,0,0,0,0,0,0,0,0,0,0,0,0,0,0,0,0,0,0,0,0,0,0,0,0,0,0,0,0,0,0,0,0,0,0,0,0,0,0,0,0,0,0,0,0,0,0,0,0,0,0,0,0,0,0,0,0,0,0,0,0,0,0,0,0,0,0,0,0,0,0,0,0,0,0,0,0,0,0,0,0,0,0,0,0,0,0,0,0,0,0,0,0,0,0,0,0,0,0,0,0,0,0,0,0,0,0,0,0,0,0,0,0,0,0,0,0,0,0,0,0,0,0,0,0,0,0,0,0,0,0,0,0,0,0,0,0,0,0,0,0,0,0,0,0,0,0,0,0,0,0,0,0,0,0,0,0,0,0,0,0,0,0,0,0,0,0,0,0,0,0,0,0,0,0,0,0,0,0,0,0,0,0,0,0,0,0,0,0,0,0,0,0,0,0,0,0,0,0,0,0,0,0,0,0,0,0,0,0,0,0,0,0,0,0,0,0,0,0,0
0,0,0,0,0,0,0,0,0,0,0,0,0,0,0,0,0,0,0,0,0,0,0,0,0,0,0,0,0,0,0,0,0,0,0,0,0,0,0,0,0,0,0,0,0,0,0,0,0,0,0,0,0,0,0,0,0,0,0,0,0,0,0,0,0,0,0,0,0,0,0,0,0,0,0,0,0,0,0,0,0,15.364,15.364,15.758,15.364,14.989,14.632,13.967,0,0,0,0,0,0,0,0,0,0,0,0,0,0,0,0,0,0,0,0,0,0,0,0,0,0,0,0,0,0,0,0,0,0,0,0,0,0,0,0,0,0,0,0,0,0,0,0,0,0,0,0,0,0,0,0,0,0,0,0,0,0,0,0,0,0,0,0,0,0,0,0,0,0,0,0,0,0,0,0,0,0,0,0,0,0,0,0,0,0,0,0,0,0,0,0,0,0,0,0,0,0,0,0,0,0,0,0,0,0,0,0,0,0,0,0,0,0,0,0,0,0,0,0,0,0,0,0,0,0,0,0,0,0,0,0,0,0,0,0,0,0,0,0,0,0,0,0,0,0,0,0,0,0,0,0,0,0,0,0,0,0,0,0,0,0,0,0,0,0,0,0,0,0,0,0,0,0,0,0,0,0,0,0,0,0,0,0,0,0,0,0,0,0,0,0,0,0,0,0,0,0,0,0,0,0,0,0,0,0,0,0,0,0,0,0,0,0,0,0,0,0,0,0,0,0,0,0,0,0,0,0,0,0,0,0,0,0,0,0,0,0,0,0,0,0,0,0,0,0,0,0,0,0,0,0,0,0,0,0,0,0,0,0,0,0,0,0,0,0,0,0,0,0,0,0,0,0,0,0,0,0,0,0,0,0,0,0,0,0,0,0,0,0,0,0,0,0,0,0,0,0,0,0,0,0,0,0,0,0,0,0,0,0,0,0,0,0,0,0,0,0,0,0,0,0,0,0,0,0,0,0,0,0,0,0,0,0,0,0,0,0,0,0,0,0,0,0,0,0,0,0,0,0,0,0,0,0,0,0,0,0,0,0,0,0,0,0,0,0,0,0,0,0,0,0,0,0,0,0,0,0,0,0,0,0,0,0,0,0,0,0,0,0,0,0,0,0,0,0,0,0,0,0,0,0,0,0,0,0,0,0,0,0,0,0,0,0,0,0,0,0,0,0,0,0,0,0,0,0,0,0,0,0,0,0,0,0,0,0,0,0,0,0,0,0,0,0,0,0,0,0,0,0,0,0,0,0,0,0,0,0,0,0,0,0,0,0,0,0,0,0,0,0,0,0,0,0,0,0,0,0,0,0,0,0,0,0,0,0,0,0,0,0,0,0,0,0,0,0,0,0,0,0,0,0,0,0,0,0,0,0,0,0,0,0,0,0,0,0,0,0,0,0,0,0,0,0,0,0,0,0,0,0,0,0,0,0,0,0,0,0,0,0,0,0,0,0,0,0,0,0
0,0,0,0,0,0,0,0,0,0,0,0,0,0,0,0,0,0,0,0,0,0,0,0,0,0,0,0,0,0,0,0,0,0,0,0,0,0,0,0,0,0,0,0,0,0,0,0,0,0,0,0,0,0,0,0,0,0,0,0,0,0,0,0,0,0,0,0,0,0,0,0,0,0,0,0,0,0,0,0,0,0,16.173,16.173,16.173,15.758,15.364,14.632,14.292,0,0,0,0,0,0,0,0,0,0,0,0,0,0,0,0,0,0,0,0,0,0,0,0,0,0,0,0,0,0,0,0,0,0,0,0,0,0,0,0,0,0,0,0,0,0,0,0,0,0,0,0,0,0,0,0,0,0,0,0,0,0,0,0,0,0,0,0,0,0,0,0,0,0,0,0,0,0,0,0,0,0,0,0,0,0,0,0,0,0,0,0,0,0,0,0,0,0,0,0,0,0,0,0,0,0,0,0,0,0,0,0,0,0,0,0,0,0,0,0,0,0,0,0,0,0,0,0,0,0,0,0,0,0,0,0,0,0,0,0,0,0,0,0,0,0,0,0,0,0,0,0,0,0,0,0,0,0,0,0,0,0,0,0,0,0,0,0,0,0,0,0,0,0,0,0,0,0,0,0,0,0,0,0,0,0,0,0,0,0,0,0,0,0,0,0,0,0,0,0,0,0,0,0,0,0,0,0,0,0,0,0,0,0,0,0,0,0,0,0,0,0,0,0,0,0,0,0,0,0,0,0,0,0,0,0,0,0,0,0,0,0,0,0,0,0,0,0,0,0,0,0,0,0,0,0,0,0,0,0,0,0,0,0,0,0,0,0,0,0,0,0,0,0,0,0,0,0,0,0,0,0,0,0,0,0,0,0,0,0,0,0,0,0,0,0,0,0,0,0,0,0,0,0,0,0,0,0,0,0,0,0,0,0,0,0,0,0,0,0,0,0,0,0,0,0,0,0,0,0,0,0,0,0,0,0,0,0,0,0,0,0,0,0,0,0,0,0,0,0,0,0,0,0,0,0,0,0,0,0,0,0,0,0,0,0,0,0,0,0,0,0,0,0,0,0,0,0,0,0,0,0,0,0,0,0,0,0,0,0,0,0,0,0,0,0,0,0,0,0,0,0,0,0,0,0,0,0,0,0,0,0,0,0,0,0,0,0,0,0,0,0,0,0,0,0,0,0,0,0,0,0,0,0,0,0,0,0,0,0,0,0,0,0,0,0,0,0,0,0,0,0,0,0,0,0,0,0,0,0,0,0,0,0,0,0,0,0,0,0,0,0,0,0,0,0,0,0,0,0,0,0,0,0,0,0,0,0,0,0,0,0,0,0,0,0,0,0,0,0,0,0,0,0,0,0,0,0,0,0,0,0,0,0,0,0,0,0,0,0,0,0,0,0,0,0,0,0,0,0,0,0,0,0,0,0,0,0,0,0,0,0,0,0,0,0,0,0,0,0,0
0,0,0,0,0,0,0,0,0,0,0,0,0,0,0,0,0,0,0,0,0,0,0,0,0,0,0,0,0,0,0,0,0,0,0,0,0,0,0,0,0,0,0,0,0,0,0,0,0,0,0,0,0,0,0,0,0,0,0,0,0,0,0,0,0,0,0,0,0,0,0,0,0,0,0,0,0,0,0,0,0,0,0,0,0,0,0,14.989,0,0,0,0,0,0,0,0,0,0,0,0,0,0,0,0,0,0,0,0,0,0,0,0,0,0,0,0,0,0,0,0,0,0,0,0,0,0,0,0,0,0,0,0,0,0,0,0,0,0,0,0,0,0,0,0,0,0,0,0,0,0,0,0,0,0,0,0,0,0,0,0,0,0,0,0,0,0,0,0,0,0,0,0,0,0,0,0,0,0,0,0,0,0,0,0,0,0,0,0,0,0,0,0,0,0,0,0,0,0,0,0,0,0,0,0,0,0,0,0,0,0,0,0,0,0,0,0,0,0,0,0,0,0,0,0,0,0,0,0,0,0,0,0,0,0,0,0,0,0,0,0,0,0,0,0,0,0,0,0,0,0,0,0,0,0,0,0,0,0,0,0,0,0,0,0,0,0,0,0,0,0,0,0,0,0,0,0,0,0,0,0,0,0,0,0,0,0,0,0,0,0,0,0,0,0,0,0,0,0,0,0,0,0,0,0,0,0,0,0,0,0,0,0,0,0,0,0,0,0,0,0,0,0,0,0,0,0,0,0,0,0,0,0,0,0,0,0,0,0,0,0,0,0,0,0,0,0,0,0,0,0,0,0,0,0,0,0,0,0,0,0,0,0,0,0,0,0,0,0,0,0,0,0,0,0,0,0,0,0,0,0,0,0,0,0,0,0,0,0,0,0,0,0,0,0,0,0,0,0,0,0,0,0,0,0,0,0,0,0,0,0,0,0,0,0,0,0,0,0,0,0,0,0,0,0,0,0,0,0,0,0,0,0,0,0,0,0,0,0,0,0,0,0,0,0,0,0,0,0,0,0,0,0,0,0,0,0,0,0,0,0,0,0,0,0,0,0,0,0,0,0,0,0,0,0,0,0,0,0,0,0,0,0,0,0,0,0,0,0,0,0,0,0,0,0,0,0,0,0,0,0,0,0,0,0,0,0,0,0,0,0,0,0,0,0,0,0,0,0,0,0,0,0,0,0,0,0,0,0,0,0,0,0,0,0,0,0,0,0,0,0,0,0,0,0,0,0,0,0,0,0,0,0,0,0,0,0,0,0,0,0,0,0,0,0,0,0,0,0,0,0,0,0,0,0,0,0,0,0,0,0,0,0,0,0,0,0,0,0,0,0,0,0,0,0,0,0,0,0,0,0,0,0,0,0,0,0,0,0,0,0,0,0,0,0,0,0,0,0,0,0,0,0,0,0,0,0,0,0,0,0,0,0,0,0,0,0,0,0,0,0
